x,y,z,id,xi,xv,jvx,jix,xie,xve,Di,Dv,K0_dist,super_saturation,void_nucleation_rate
0,0,0,0,5.4016080775342e-298,3.7e-11,1.3819640982273e-16,-2.5735333801236e-18,0,3.7e-11,1,0.000181,7.317322616528e-20,1,4.3037883693406e-07
1,0,0,1,2.5735333801236e-18,3.6236483923631e-11,1.3819640982273e-16,-2.5735333801236e-18,0,3.7e-11,1,0.000181,7.5600759239399e-20,0.97898014884234,3.8360756350966e-07
2,0,0,2,5.0765797459224e-18,3.657639456353e-11,-6.1523825821729e-17,-2.5030463657988e-18,0,3.7e-11,1,0.000181,7.810627564736e-20,0.98779316653025,4.0268447379742e-07
3,0,0,3,7.5117712270077e-18,3.6947303817169e-11,-6.7134574908597e-17,-2.4351914810853e-18,0,3.7e-11,1,0.000181,8.0692193533236e-20,0.99745411672101,4.2447839205106e-07
4,0,0,4,9.8816821258971e-18,3.66146140071e-11,6.0216855622477e-17,-2.3699108988895e-18,0,3.7e-11,1,0.000181,8.3361003134727e-20,0.98810862373588,4.0338139179086e-07
5,0,0,5,1.2188837638756e-17,3.7665875841939e-11,-1.9027839210585e-16,-2.307155512859e-18,0,3.7e-11,1,0.000181,8.6115268839381e-20,1.0161765999331,4.694532463834e-07
6,0,0,6,1.4435722439798e-17,3.7131660827007e-11,9.6692917702693e-17,-2.2468848010421e-18,0,3.7e-11,1,0.000181,8.8957631296557e-20,1.0014028501192,4.336586074908e-07
7,0,0,7,1.6624788973496e-17,3.6603942362671e-11,9.5517042044859e-17,-2.1890665336981e-18,0,3.7e-11,1,0.000181,9.1890809586543e-20,0.98681331621172,4.0052601533493e-07
8,0,0,8,1.8758465586841e-17,3.6781097914623e-11,-3.2065154903433e-17,-2.1336766133442e-18,0,3.7e-11,1,0.000181,9.4917603448295e-20,0.99128270224877,4.1044855758763e-07
9,0,0,9,2.0839164383509e-17,3.613056825912e-11,1.1774586764621e-16,-2.0806987966686e-18,0,3.7e-11,1,0.000181,9.8040895567272e-20,0.97339012849293,3.7189399812762e-07
10,0,0,10,2.286928868794e-17,3.6196425601343e-11,-1.1920178942495e-17,-2.0301243044312e-18,0,3.7e-11,1,0.000181,1.0126365392492e-19,0.97486691729957,3.7495978187777e-07
11,0,0,11,2.4851240247396e-17,3.7055897869276e-11,-1.5556448049587e-16,-1.9819515594555e-18,0,3.7e-11,1,0.000181,1.0458893421133e-19,0.99779995133517,4.2527601880543e-07
12,0,0,12,2.6787425973213e-17,3.6631754433373e-11,7.6769961898423e-17,-1.9361857258166e-18,0,3.7e-11,1,0.000181,1.0801988230271e-19,0.98604750283222,3.9884562268405e-07
13,0,0,13,2.8680264145671e-17,3.7461304876338e-11,-1.5014863017669e-16,-1.892838172458e-18,0,3.7e-11,1,0.000181,1.115597368053e-19,1.0081851453594,4.4980394988131e-07
14,0,0,14,3.0532190296179e-17,3.708710330995e-11,6.7730483516252e-17,-1.8519261505082e-18,0,3.7e-11,1,0.000181,1.1521183166732e-19,0.99779505880317,4.252647262419e-07
15,0,0,15,3.23456623769e-17,3.7523230393244e-11,-7.8939002076125e-17,-1.8134720807212e-18,0,3.7e-11,1,0.000181,1.1897959886084e-19,1.0093114885471,4.5253205487745e-07
16,0,0,16,3.4123165506032e-17,3.6740036147317e-11,1.4175815851268e-16,-1.7775031291324e-18,0,3.7e-11,1,0.000181,1.2286657113517e-19,0.98787865867679,4.0287324868792e-07
17,0,0,17,3.5867215949975e-17,3.6546163624146e-11,3.5090926694006e-17,-1.7440504439423e-18,0,3.7e-11,1,0.000181,1.268763848436e-19,0.98237843810967,3.9087428356512e-07
18,0,0,18,3.7580364643459e-17,3.6778916243503e-11,-4.2128224103653e-17,-1.7131486934844e-18,0,3.7e-11,1,0.000181,1.3101278284538e-19,0.98841324106774,4.0405529499602e-07
19,0,0,19,3.926519992784e-17,3.6063178995435e-11,1.2954844190038e-16,-1.6848352843806e-18,0,3.7e-11,1,0.000181,1.3527961748478e-19,0.96881741051902,3.6253047377052e-07
20,0,0,20,4.0924349503651e-17,3.6400739178239e-11,-6.109839308752e-17,-1.6591495758111e-18,0,3.7e-11,1,0.000181,1.3968085364914e-19,0.97769291350718,3.8088394215541e-07
21,0,0,21,4.2560481901909e-17,3.7792549907391e-11,-2.5191774197648e-16,-1.6361323982582e-18,0,3.7e-11,1,0.000181,1.4422057190789e-19,1.0150651114433,4.6667918809256e-07
22,0,0,22,4.4176307048065e-17,3.7301411228659e-11,8.8896100850538e-17,-1.6158251461557e-18,0,3.7e-11,1,0.000181,1.4890297173463e-19,1.0015498171329,4.3400338258676e-07
23,0,0,23,4.5774575855685e-17,3.7090036251644e-11,3.8258870839673e-17,-1.5982688076204e-18,0,3.7e-11,1,0.000181,1.537323748141e-19,0.99559832547287,4.2021903383971e-07
24,0,0,24,4.7358079475324e-17,3.689486943313e-11,3.5325194151033e-17,-1.5835036196393e-18,0,3.7e-11,1,0.000181,1.5871322843647e-19,0.99008709689729,4.0777475817711e-07
25,0,0,25,4.8929647753528e-17,3.7553383349222e-11,-1.1919101881263e-16,-1.5715682782037e-18,0,3.7e-11,1,0.000181,1.6385010898084e-19,1.0076501028006,4.4851273469596e-07
26,0,0,26,5.0492147022321e-17,3.7831558105251e-11,-5.0349630841394e-17,-1.5624992687931e-18,0,3.7e-11,1,0.000181,1.6914772549023e-19,1.0149350261353,4.66355396132e-07
27,0,0,27,5.204847705797e-17,3.6862849221524e-11,1.753363079547e-16,-1.5563300356494e-18,0,3.7e-11,1,0.000181,1.7461092334039e-19,0.98852131283229,4.0429460203856e-07
28,0,0,28,5.36015675391e-17,3.6926098558679e-11,-1.1448130025162e-17,-1.5530904811291e-18,0,3.7e-11,1,0.000181,1.8024468800467e-19,0.98999884598804,4.0757796192711e-07
29,0,0,29,5.5154374342696e-17,3.7638730377111e-11,-1.2898635913604e-16,-1.5528068035964e-18,0,3.7e-11,1,0.000181,1.8605414891724e-19,1.009027299375,4.5184245393542e-07
30,0,0,30,5.6709875182271e-17,3.7597298640047e-11,7.4991444084674e-18,-1.5555008395754e-18,0,3.7e-11,1,0.000181,1.9204458343721e-19,1.0076752543925,4.4857336511766e-07
31,0,0,31,5.8271064765399e-17,3.6871794216149e-11,1.3131630072557e-16,-1.561189583128e-18,0,3.7e-11,1,0.000181,1.9822142091602e-19,0.98783390896783,4.0277442802479e-07
32,0,0,32,5.9840949979493e-17,3.7335063882466e-11,-8.3851809603393e-17,-1.5698852140939e-18,0,3.7e-11,1,0.000181,2.0459024687067e-19,1.0001202945717,4.306592824058e-07
33,0,0,33,6.142254521257e-17,3.7880888813163e-11,-9.8794312456075e-17,-1.581595233077e-18,0,3.7e-11,1,0.000181,2.1115680726525e-19,1.0146361549903,4.6561217753631e-07
34,0,0,34,6.3018867347329e-17,3.711339769169e-11,1.3891589298663e-16,-1.5963221347591e-18,0,3.7e-11,1,0.000181,2.1792701290364e-19,0.99365478794214,4.1579570670178e-07
35,0,0,35,6.4632930879205e-17,3.7400321189225e-11,-5.193315305391e-17,-1.6140635318756e-18,0,3.7e-11,1,0.000181,2.2490694393578e-19,1.0011684641437,4.3310921526463e-07
36,0,0,36,6.626774371751e-17,3.7704661334845e-11,-5.5085566357129e-17,-1.6348128383052e-18,0,3.7e-11,1,0.000181,2.3210285448051e-19,1.0091497622651,4.5213951186137e-07
37,0,0,37,6.7926302989374e-17,3.7765644860803e-11,-1.1038018198527e-17,-1.6585592718638e-18,0,3.7e-11,1,0.000181,2.3952117736764e-19,1.0105503086182,4.5554815253606e-07
38,0,0,38,6.9611591218794e-17,3.6667567901342e-11,1.987519296625e-16,-1.6852882294203e-18,0,3.7e-11,1,0.000181,2.4716852900222e-19,0.98062090472213,3.8710218737191e-07
39,0,0,39,7.1326573059142e-17,3.7257011485873e-11,-1.0668928880014e-16,-1.7149818403484e-18,0,3.7e-11,1,0.000181,2.5505171435387e-19,0.99629573030967,4.2181559044567e-07
40,0,0,40,7.3074192943199e-17,3.7099851161414e-11,2.8446018727162e-17,-1.7476198840563e-18,0,3.7e-11,1,0.000181,2.6317773207425e-19,0.99178719833846,4.1158107044552e-07
41,0,0,41,7.485737267503e-17,3.6639365488098e-11,8.334790687005e-17,-1.7831797318312e-18,0,3.7e-11,1,0.000181,2.7155377974567e-19,0.97907537414824,3.8380967689207e-07
42,0,0,42,7.6679009874175e-17,3.6854762538712e-11,-3.8986866160965e-17,-1.8216371991449e-18,0,3.7e-11,1,0.000181,2.8018725926407e-19,0.98462490811298,3.957393390085e-07
43,0,0,43,7.8541977137325e-17,3.6993802619567e-11,-2.5166254634892e-17,-1.8629672631501e-18,0,3.7e-11,1,0.000181,2.8908578235947e-19,0.98810456876278,4.0337242718154e-07
44,0,0,44,8.0449121497663e-17,3.710155840824e-11,-1.9503797749826e-17,-1.9071443603384e-18,0,3.7e-11,1,0.000181,2.9825717625725e-19,0.99073211145197,4.0921547045593e-07
45,0,0,45,8.2403264419959e-17,3.6160970345624e-11,1.7024643933359e-16,-1.9541429222959e-18,0,3.7e-11,1,0.000181,3.077094894836e-19,0.96501901868567,3.5489950144646e-07
46,0,0,46,8.4407202286455e-17,3.6694230234955e-11,-9.6520039968959e-17,-2.0039378664962e-18,0,3.7e-11,1,0.000181,3.174509978185e-19,0.97913221893989,3.8393036995098e-07
47,0,0,47,8.6463707793789e-17,3.7139217188871e-11,-8.0542638658803e-17,-2.0565055073338e-18,0,3.7e-11,1,0.000181,3.274902103998e-19,0.99085181475166,4.0948329719119e-07
48,0,0,48,8.8575531193903e-17,3.721968389297e-11,-1.4564473441891e-17,-2.1118234001138e-18,0,3.7e-11,1,0.000181,3.3783587598194e-19,0.99271125181927,4.1366202938098e-07
49,0,0,49,9.0745401974021e-17,3.7052140600469e-11,3.0325335942751e-17,-2.1698707801178e-18,0,3.7e-11,1,0.000181,3.4849698935301e-19,0.98785904833669,4.0282994079304e-07
50,0,0,50,9.2976031063882e-17,3.7520173481374e-11,-8.4713951443835e-17,-2.2306290898613e-18,0,3.7e-11,1,0.000181,3.5948279791371e-19,1.0001755068038,4.3078804981644e-07
51,0,0,51,9.5270113368969e-17,3.6343481940802e-11,2.1298116884351e-16,-2.2940823050873e-18,0,3.7e-11,1,0.000181,3.7080280842233e-19,0.96803047900794,3.6093864299958e-07
52,0,0,52,9.763033023677e-17,3.7047024990039e-11,-1.2734129191194e-16,-2.3602168678008e-18,0,3.7e-11,1,0.000181,3.8246679390926e-19,0.98669272703603,4.0026102926552e-07
53,0,0,53,1.0005935302357e-16,3.7798296457653e-11,-1.3598013563805e-16,-2.4290227868007e-18,0,3.7e-11,1,0.000181,3.9448480076533e-19,1.006634658177,4.4607047842218e-07
54,0,0,54,1.0255984595509e-16,3.6176560557794e-11,2.935341978744e-16,-2.5004929315166e-18,0,3.7e-11,1,0.000181,4.068671560079e-19,0.96243058309775,3.497747653936e-07
55,0,0,55,1.0513446911262e-16,3.6481928012352e-11,-5.5271509274958e-17,-2.5746231575332e-18,0,3.7e-11,1,0.000181,4.1962447472875e-19,0.97029931329298,3.6554365405441e-07
56,0,0,56,1.0778588283908e-16,3.6444170758087e-11,6.8340630220056e-18,-2.6514137264602e-18,0,3.7e-11,1,0.000181,4.3276766772826e-19,0.96888293629604,3.626632791804e-07
57,0,0,57,1.1051675130644e-16,3.6558351878897e-11,-2.0666782866666e-17,-2.730868467357e-18,0,3.7e-11,1,0.000181,4.4630794933993e-19,0.97156113763982,3.6812541196888e-07
58,0,0,58,1.1332974653281e-16,3.7101007329911e-11,-9.8220636633608e-17,-2.812995226374e-18,0,3.7e-11,1,0.000181,4.6025684544982e-19,0.9858074630702,3.983200982323e-07
59,0,0,59,1.1622755257184e-16,3.6490752592508e-11,1.1045610746992e-16,-2.8978060390266e-18,0,3.7e-11,1,0.000181,4.7462620171538e-19,0.96888138967779,3.6266014409027e-07
60,0,0,60,1.192128695596e-16,3.6448852845163e-11,7.5838542695542e-18,-2.9853169877602e-18,0,3.7e-11,1,0.000181,4.8942819198828e-19,0.967303194776,3.5947254048051e-07
61,0,0,61,1.2228841852423e-16,3.6173052672669e-11,4.9919831221403e-17,-3.0755489646307e-18,0,3.7e-11,1,0.000181,5.046753269459e-19,0.95938989326995,3.4383186529204e-07
62,0,0,62,1.2545694597883e-16,3.6495876582572e-11,-5.8431127692502e-17,-3.1685274546031e-18,0,3.7e-11,1,0.000181,5.2038046293629e-19,0.96764173741477,3.6015438947015e-07
63,0,0,63,1.2872122890117e-16,3.7724771495131e-11,-2.2242997917317e-16,-3.2642829223405e-18,0,3.7e-11,1,0.000181,5.3655681104158e-19,1.0003676887737,4.3123650645968e-07
64,0,0,64,1.3208407953813e-16,3.6858038936224e-11,1.5687859316218e-16,-3.362850636953e-18,0,3.7e-11,1,0.000181,5.5321794636471e-19,0.97644034163334,3.7824882041239e-07
65,0,0,65,1.3554834972116e-16,3.7570284040216e-11,-1.2891636382248e-16,-3.4642701830389e-18,0,3.7e-11,1,0.000181,5.7037781754464e-19,0.9951729224366,4.1924758792694e-07
66,0,0,66,1.3911693652013e-16,3.6428877017922e-11,2.0659467103525e-16,-3.5685867989636e-18,0,3.7e-11,1,0.000181,5.8805075650536e-19,0.96379122050525,3.5246105728043e-07
67,0,0,67,1.427927868137e-16,3.7755683457852e-11,-2.4015196562748e-16,-3.6758502935758e-18,0,3.7e-11,1,0.000181,6.0625148844376e-19,0.99910197387749,4.2828994955982e-07
68,0,0,68,1.4657890316912e-16,3.7412882580329e-11,6.204695883167e-17,-3.7861163554173e-18,0,3.7e-11,1,0.000181,6.2499514206206e-19,0.98927174016283,4.0595948838483e-07
69,0,0,69,1.5047834797668e-16,3.7027728547168e-11,6.9712880002132e-17,-3.8994448075613e-18,0,3.7e-11,1,0.000181,6.4429726005018e-19,0.97827990429458,3.8212397531752e-07
70,0,0,70,1.5449424863482e-16,3.6405817707705e-11,1.1256586194278e-16,-4.0159006581372e-18,0,3.7e-11,1,0.000181,6.6417380982372e-19,0.9608718465671,3.4671790822575e-07
71,0,0,71,1.586298026985e-16,3.690823584373e-11,-9.0937682620506e-17,-4.1355540636843e-18,0,3.7e-11,1,0.000181,6.8464119452338e-19,0.97383319173013,3.728116343213e-07
72,0,0,72,1.6288828309567e-16,3.6726512043545e-11,3.2892007833551e-17,-4.2584803971674e-18,0,3.7e-11,1,0.000181,7.0571626428161e-19,0.96828585886008,3.6145460781118e-07
73,0,0,73,1.6727304256404e-16,3.78025535958e-11,-1.9476352095817e-16,-4.3847594683653e-18,0,3.7e-11,1,0.000181,7.274163277626e-19,0.99671332809852,4.2277395467017e-07
74,0,0,74,1.7178751874225e-16,3.7972168767811e-11,-3.0700346133963e-17,-4.5144761782137e-18,0,3.7e-11,1,0.000181,7.4975916398165e-19,1.0006234176843,4.3183384007104e-07
75,0,0,75,1.7643523810026e-16,3.7268200423758e-11,1.2741827027348e-16,-4.6477193580099e-18,0,3.7e-11,1,0.000181,7.7276303441021e-19,0.98090324602061,3.8770615144256e-07
76,0,0,76,1.8121982027822e-16,3.641712758021e-11,1.540441846822e-16,-4.7845821779578e-18,0,3.7e-11,1,0.000181,7.9644669537297e-19,0.95718684063609,3.3957773805927e-07
77,0,0,77,1.8614498289427e-16,3.6509330554018e-11,-1.6688738259152e-17,-4.9251626160507e-18,0,3.7e-11,1,0.000181,8.2082941074346e-19,0.95894338470703,3.4296615874804e-07
78,0,0,78,1.9121454625609e-16,3.6136162258128e-11,6.7543461556117e-17,-5.069563361821e-18,0,3.7e-11,1,0.000181,8.4593096494488e-19,0.94810076488951,3.2248322635193e-07
79,0,0,79,1.9643243729604e-16,3.7234814255078e-11,-1.9885601144798e-16,-5.2178910399469e-18,0,3.7e-11,1,0.000181,8.7177167626284e-19,0.9770149235289,3.7945575623486e-07
80,0,0,80,2.0180269418434e-16,3.7495620690901e-11,-4.7205964883997e-17,-5.3702568883017e-18,0,3.7e-11,1,0.000181,8.9837241047692e-19,0.98326185618467,3.9278160091603e-07
81,0,0,81,2.0732946946687e-16,3.6521069623767e-11,1.7639374315119e-16,-5.5267752825344e-18,0,3.7e-11,1,0.000181,9.2575459481819e-19,0.95609737680081,3.37489883704e-07
82,0,0,82,2.1301703387292e-16,3.7104762407862e-11,-1.0564839392105e-16,-5.6875644060459e-18,0,3.7e-11,1,0.000181,9.5394023225973e-19,0.97102358697178,3.6702374395605e-07
83,0,0,83,2.1886978131909e-16,3.7330765002339e-11,-4.0906469600332e-17,-5.8527474461678e-18,0,3.7e-11,1,0.000181,9.8295191614755e-19,0.97625782949144,3.7786610093103e-07
84,0,0,84,2.2489223213157e-16,3.7235298331636e-11,1.7279467397187e-17,-6.022450812488e-18,0,3.7e-11,1,0.000181,1.0128128451794e-18,0.97277837328573,3.7063000857604e-07
85,0,0,85,2.3108903655495e-16,3.680611097915e-11,7.7682910800032e-17,-6.1968044233789e-18,0,3.7e-11,1,0.000181,1.0435468387389e-18,0.96025340460969,3.455111262745e-07
86,0,0,86,2.3746497853478e-16,3.6954203044708e-11,-2.680466386607e-17,-6.3759419798299e-18,0,3.7e-11,1,0.000181,1.0751783525932e-18,0.96330383344144,3.5149688760534e-07
87,0,0,87,2.4402497976427e-16,3.7235606001026e-11,-5.0933935093538e-17,-6.5600012294895e-18,0,3.7e-11,1,0.000181,1.1077324949614e-18,0.96992977548476,3.6479036197404e-07
88,0,0,88,2.507741028853e-16,3.625866396164e-11,1.7682650912881e-16,-6.7491231210307e-18,0,3.7e-11,1,0.000181,1.1412350429624e-18,0.94251815352719,3.1233285992405e-07
89,0,0,89,2.5771755458601e-16,3.7779539712172e-11,-2.7527851084624e-16,-6.9434517007101e-18,0,3.7e-11,1,0.000181,1.1757124594501e-18,0.98258610322788,3.9132195632417e-07
90,0,0,90,2.6486069039203e-16,3.7491255292897e-11,5.2179479888668e-17,-7.1431358060113e-18,0,3.7e-11,1,0.000181,1.2111919102444e-18,0.97372801517432,3.7259363435316e-07
91,0,0,91,2.7220901609888e-16,3.6882067775849e-11,1.1026294058571e-16,-7.3483257068575e-18,0,3.7e-11,1,0.000181,1.2477012817667e-18,0.95616623134685,3.376215263055e-07
92,0,0,92,2.7976819139245e-16,3.7006302214834e-11,-2.2486433456294e-17,-7.5591752935668e-18,0,3.7e-11,1,0.000181,1.2852691990882e-18,0.95839517836234,3.4190570826041e-07
93,0,0,93,2.8754403380595e-16,3.6928782260162e-11,1.4031111795762e-17,-7.7758424135004e-18,0,3.7e-11,1,0.000181,1.3239250444004e-18,0.95513895106515,3.356618165505e-07
94,0,0,94,2.955425214227e-16,3.6588854695995e-11,6.1526889114214e-17,-7.9984876167499e-18,0,3.7e-11,1,0.000181,1.3636989759162e-18,0.94475738070066,3.163724786374e-07
95,0,0,95,3.0376979596816e-16,3.6822934794486e-11,-4.23684978269e-17,-8.2272745454632e-18,0,3.7e-11,1,0.000181,1.4046219472117e-18,0.94985536834908,3.2572843256313e-07
96,0,0,96,3.1223216632763e-16,3.623336627027e-11,1.0671190288309e-16,-8.4623703594645e-18,0,3.7e-11,1,0.000181,1.4467257270172e-18,0.93265747776485,2.9504092665542e-07
97,0,0,97,3.2093611133536e-16,3.7117354516439e-11,-1.6000187255652e-16,-8.703945007732e-18,0,3.7e-11,1,0.000181,1.4900429194676e-18,0.95524937377035,3.3587202045004e-07
98,0,0,98,3.2988828424885e-16,3.7669580513952e-11,-9.9952905550014e-17,-8.9521729134865e-18,0,3.7e-11,1,0.000181,1.5346069848214e-18,0.96883765697723,3.6257150436759e-07
99,0,0,99,3.3909551496635e-16,3.6452197045701e-11,2.2034640775349e-16,-9.2072307175059e-18,0,3.7e-11,1,0.000181,1.5804522606592e-18,0.93456057194349,2.9831594028101e-07
100,0,0,100,3.4856481276754e-16,3.7084622591462e-11,-1.1446902378276e-16,-9.469297801186e-18,0,3.7e-11,1,0.000181,1.6276139835701e-18,0.9502391931144,3.2644186817315e-07
101,0,0,101,3.5830337207055e-16,3.6550889200217e-11,9.6605743815312e-17,-9.7385593030073e-18,0,3.7e-11,1,0.000181,1.6761283113386e-18,0.93435979889037,2.9796904003914e-07
102,0,0,102,3.6831857488818e-16,3.6412974977271e-11,2.4962474353259e-17,-1.0015202817636e-17,0,3.7e-11,1,0.000181,1.7260323456404e-18,0.92913691145258,2.8905970388111e-07
103,0,0,103,3.7861799571587e-16,3.7214203905151e-11,-1.4502243594619e-16,-1.0299420827684e-17,0,3.7e-11,1,0.000181,1.777364155259e-18,0.94925383173307,3.2461288210696e-07
104,0,0,104,3.8920940625819e-16,3.7194483462494e-11,3.569400120789e-18,-1.0591410542321e-17,0,3.7e-11,1,0.000181,1.830162799834e-18,0.94713933111144,3.2071622896483e-07
105,0,0,105,4.0010077869677e-16,3.7661596332616e-11,-8.454742949195e-17,-1.0891372438581e-17,0,3.7e-11,1,0.000181,1.8844683541509e-18,0.95813769710417,3.4140856000601e-07
106,0,0,106,4.1130029053253e-16,3.6264266976161e-11,2.5291661351829e-16,-1.1199511835763e-17,0,3.7e-11,1,0.000181,1.9403219329864e-18,0.91869972109192,2.719058549641e-07
107,0,0,107,4.2281632840288e-16,3.7361556687031e-11,-1.9860943766753e-16,-1.1516037870347e-17,0,3.7e-11,1,0.000181,1.9977657165167e-18,0.94663661817975,3.1979545213964e-07
108,0,0,108,4.3465749589245e-16,3.7501387139178e-11,-2.5309311838575e-17,-1.1841167489575e-17,0,3.7e-11,1,0.000181,2.0568429763052e-18,0.94864768945778,3.2349194333284e-07
109,0,0,109,4.4683261640174e-16,3.7477533613922e-11,4.3174880713846e-18,-1.217512050929e-17,0,3.7e-11,1,0.000181,2.1175981018776e-18,0.94618500339228,3.1897010646813e-07
110,0,0,110,4.5935073815616e-16,3.7183435937892e-11,5.3231679361366e-17,-1.2518121754421e-17,0,3.7e-11,1,0.000181,2.1800766278982e-18,0.93636720421119,3.0145231936813e-07
111,0,0,111,4.7222113981527e-16,3.7786593040287e-11,-1.0917143553339e-16,-1.2870401659103e-17,0,3.7e-11,1,0.000181,2.2443252619608e-18,0.95074693153302,3.2738758566498e-07
112,0,0,112,4.854533363896e-16,3.6955796744452e-11,1.50374129546e-16,-1.3232196574332e-17,0,3.7e-11,1,0.000181,2.3103919130044e-18,0.92631713817475,2.8434071799286e-07
113,0,0,113,4.9905708308674e-16,3.7612794532505e-11,-1.1891659963751e-16,-1.3603746697141e-17,0,3.7e-11,1,0.000181,2.3783257203683e-18,0.9420425156483,3.1148023761356e-07
114,0,0,114,5.1304238262377e-16,3.696246055735e-11,1.1771044950309e-16,-1.3985299537029e-17,0,3.7e-11,1,0.000181,2.4481770834996e-18,0.92237762852867,2.7785316962266e-07
115,0,0,115,5.2741948892833e-16,3.7467551228285e-11,-9.1421411439254e-17,-1.4377106304561e-17,0,3.7e-11,1,0.000181,2.5199976923253e-18,0.93388192972842,2.9714468975274e-07
116,0,0,116,5.4219891401883e-16,3.6610243099545e-11,1.5517277130199e-16,-1.4779425090501e-17,0,3.7e-11,1,0.000181,2.5938405583034e-18,0.90850456726874,2.5596032255115e-07
117,0,0,117,5.5739143176212e-16,3.6496919936161e-11,2.0511492572391e-17,-1.5192517743293e-17,0,3.7e-11,1,0.000181,2.6697600461664e-18,0.90317322333628,2.4793073869064e-07
118,0,0,118,5.730080852203e-16,3.6644943080348e-11,-2.6792189097893e-17,-1.5616653458181e-17,0,3.7e-11,1,0.000181,2.7478119063719e-18,0.9048419609262,2.5042163222437e-07
119,0,0,119,5.8906019251549e-16,3.7338029644048e-11,-1.2544866802957e-16,-1.6052107295188e-17,0,3.7e-11,1,0.000181,2.8280533082731e-18,0.92117712006229,2.759003590857e-07
120,0,0,120,6.0555935208205e-16,3.6367294147595e-11,1.75703124858e-16,-1.6499159566556e-17,0,3.7e-11,1,0.000181,2.9105428740253e-18,0.89247736130097,2.3244037775698e-07
121,0,0,121,6.2251744639171e-16,3.6410358787455e-11,-7.794699814787e-18,-1.695809430966e-17,0,3.7e-11,1,0.000181,2.9953407132423e-18,0.89110907781659,2.3051703491121e-07
122,0,0,122,6.3994665111004e-16,3.7654261955982e-11,-2.2514647350332e-16,-1.7429204718336e-17,0,3.7e-11,1,0.000181,3.0825084584176e-18,0.92212554321677,2.7744218246506e-07
123,0,0,123,6.5785944112345e-16,3.6148428236259e-11,2.7255590326995e-16,-1.7912790013407e-17,0,3.7e-11,1,0.000181,3.1721093011261e-18,0.87875258617879,2.1372840827988e-07
124,0,0,124,6.7626859240888e-16,3.6093933129264e-11,9.8636143659928e-18,-1.8409151285425e-17,0,3.7e-11,1,0.000181,3.2642080290217e-18,0.87453088009376,2.0822648833065e-07
125,0,0,125,6.9518719330079e-16,3.6703211479169e-11,-1.1027938133274e-16,-1.8918600891909e-17,0,3.7e-11,1,0.000181,3.358871063647e-18,0.88817292585169,2.2643357783519e-07
126,0,0,126,7.1462865145104e-16,3.7141215173603e-11,-7.927866869263e-17,-1.9441458150257e-17,0,3.7e-11,1,0.000181,3.4561664990695e-18,0.89710785351219,2.390465999695e-07
127,0,0,127,7.3460669934716e-16,3.7742060928828e-11,-1.0875308169565e-16,-1.9978047896118e-17,0,3.7e-11,1,0.000181,3.5561641413638e-18,0.91036379405266,2.5880987307839e-07
128,0,0,128,7.5513540130972e-16,3.7308001549385e-11,7.8564747679102e-17,-2.0528701962555e-17,0,3.7e-11,1,0.000181,3.6589355489525e-18,0.89556710155726,2.3683166910647e-07
129,0,0,129,7.7622915945951e-16,3.6806903965256e-11,9.0698662727409e-17,-2.1093758149791e-17,0,3.7e-11,1,0.000181,3.7645540738265e-18,0.87887419116796,2.1388862796239e-07
130,0,0,130,7.9790272350911e-16,3.785220048646e-11,-1.8919867033801e-16,-2.1673564049605e-17,0,3.7e-11,1,0.000181,3.8730949036594e-18,0.90388913909813,2.4899688653962e-07
131,0,0,131,8.2017120127843e-16,3.7771312066763e-11,1.4640803965244e-17,-2.2268477769315e-17,0,3.7e-11,1,0.000181,3.9846351048338e-18,0.89837782332472,2.4088493576366e-07
132,0,0,132,8.4305006282512e-16,3.6444657669092e-11,2.4012444597834e-16,-2.2878861546694e-17,0,3.7e-11,1,0.000181,4.099253666399e-18,0.85910601392872,1.8909633458521e-07
133,0,0,133,8.6655514946847e-16,3.7532433067823e-11,-1.9688734717019e-16,-2.3505086643352e-17,0,3.7e-11,1,0.000181,4.2170315449755e-18,0.88499555559317,2.2208128955514e-07
134,0,0,134,8.9070268830729e-16,3.6830720230979e-11,1.2701002346878e-16,-2.4147538838817e-17,0,3.7e-11,1,0.000181,4.3380517106273e-18,0.86242461900849,1.9308596163735e-07
135,0,0,135,9.1550929607986e-16,3.6434241000758e-11,7.1762740669869e-17,-2.4806607772568e-17,0,3.7e-11,1,0.000181,4.4623991937189e-18,0.84800482679669,1.7623581878011e-07
136,0,0,136,9.4099199173647e-16,3.7103872035091e-11,-1.2120321721425e-16,-2.5482695656608e-17,0,3.7e-11,1,0.000181,4.5901611327766e-18,0.86229787167613,1.9293233602599e-07
137,0,0,137,9.6716820884138e-16,3.7286518361955e-11,-3.3058985162319e-17,-2.6176217104918e-17,0,3.7e-11,1,0.000181,4.7214268233736e-18,0.86332561067231,1.9418089629203e-07
138,0,0,138,9.9405580346918e-16,3.7323715467099e-11,-6.7326760311058e-18,-2.6887594627798e-17,0,3.7e-11,1,0.000181,4.856287768058e-18,0.86031606630966,1.9054319696029e-07
139,0,0,139,1.0216730646534e-15,3.6396763259548e-11,1.6777834956678e-16,-2.7617261184206e-17,0,3.7e-11,1,0.000181,4.994837727345e-18,0.83113947817303,1.5806924682404e-07
140,0,0,140,1.0500387259359e-15,3.7693990980812e-11,-2.3479821754874e-16,-2.8365661282491e-17,0,3.7e-11,1,0.000181,5.1371727717907e-18,0.86196410954025,1.9252827234421e-07
141,0,0,141,1.0791719823251e-15,3.7453124074342e-11,4.3596910071051e-17,-2.9133256389182e-17,0,3.7e-11,1,0.000181,5.283391335172e-18,0.85110399807836,1.7975208816923e-07
142,0,0,142,1.1090924952822e-15,3.6145848226463e-11,2.3661692846609e-16,-2.9920512957091e-17,0,3.7e-11,1,0.000181,5.4335942687902e-18,0.81130446971892,1.3868799597224e-07
143,0,0,143,1.1398204055307e-15,3.6398169572578e-11,-4.5670163646863e-17,-3.0727910248552e-17,0,3.7e-11,1,0.000181,5.5878848969209e-18,0.81353565583185,1.4076608447702e-07
144,0,0,144,1.171376352808e-15,3.7543054538387e-11,-2.0722417881145e-16,-3.1555947277298e-17,0,3.7e-11,1,0.000181,5.7463690734325e-18,0.83976654003883,1.6716059159694e-07
145,0,0,145,1.2037814869604e-15,3.6399383180048e-11,2.0700451585944e-16,-3.2405134152394e-17,0,3.7e-11,1,0.000181,5.9091552395939e-18,0.80401774953386,1.3207475182849e-07
146,0,0,146,1.2370574747799e-15,3.7172745450004e-11,-1.3997857086213e-16,-3.3275987819536e-17,0,3.7e-11,1,0.000181,6.0763544830945e-18,0.81995064232803,1.4688276513462e-07
147,0,0,147,1.271226521247e-15,3.6826480127491e-11,6.2674023374937e-17,-3.4169046467026e-17,0,3.7e-11,1,0.000181,6.2480805982989e-18,0.805489977875,1.3338973824527e-07
148,0,0,148,1.3063113787649e-15,3.7120878842248e-11,-5.3286167371027e-17,-3.5084857517928e-17,0,3.7e-11,1,0.000181,6.4244501477596e-18,0.80820780822487,1.3584533070355e-07
149,0,0,149,1.3423353629558e-15,3.6477122504634e-11,1.1651989710817e-16,-3.602398419093e-17,0,3.7e-11,1,0.000181,6.6055825250103e-18,0.78542986566864,1.163612128517e-07
150,0,0,150,1.3793223647308e-15,3.6937306260354e-11,-8.3293259785331e-17,-3.6987001775001e-17,0,3.7e-11,1,0.000181,6.7916000186649e-18,0.79234434349607,1.2201760622915e-07
151,0,0,151,1.4172968692381e-15,3.7690628900816e-11,-1.363513979237e-16,-3.7974504507325e-17,0,3.7e-11,1,0.000181,6.9826278778449e-18,0.8070340393922,1.3478033468061e-07
152,0,0,152,1.4562839682956e-15,3.7533162823617e-11,2.8501359973105e-17,-3.89870990575e-17,0,3.7e-11,1,0.000181,7.17879437896e-18,0.79695662278318,1.259138188193e-07
153,0,0,153,1.4963093708569e-15,3.7576629841036e-11,-7.8675301529456e-18,-4.0025402561282e-17,0,3.7e-11,1,0.000181,7.3802308938679e-18,0.79215479025991,1.218596100727e-07
154,0,0,154,1.5373994199154e-15,3.7539394307539e-11,6.7396315630096e-18,-4.109004905849e-17,0,3.7e-11,1,0.000181,7.5870719594365e-18,0.78501283406736,1.1602702022056e-07
155,0,0,155,1.579581107147e-15,3.7665422971481e-11,-2.2811188173523e-17,-4.2181687231565e-17,0,3.7e-11,1,0.000181,7.7994553485363e-18,0.78212041969406,1.137306244386e-07
156,0,0,156,1.6228820875693e-15,3.7427786236344e-11,4.301224905975e-17,-4.3300980422332e-17,0,3.7e-11,1,0.000181,8.0175221424871e-18,0.76923207722995,1.0394368292158e-07
157,0,0,157,1.6673306925227e-15,3.7092049312382e-11,6.0768383237255e-17,-4.4448604953347e-17,0,3.7e-11,1,0.000181,8.2414168049867e-18,0.75352101433752,9.2953246553221e-08
158,0,0,158,1.7129559452139e-15,3.713692608576e-11,-8.1226959814668e-18,-4.5625252691251e-17,0,3.7e-11,1,0.000181,8.4712872575476e-18,0.747921110394,8.9273123667463e-08
159,0,0,159,1.7597875774595e-15,3.7381050002065e-11,-4.4186428851248e-17,-4.6831632245635e-17,0,3.7e-11,1,0.000181,8.7072849564692e-18,0.74752612705902,8.9018104090211e-08
160,0,0,160,1.807856044218e-15,3.7708927077357e-11,-5.9345750627836e-17,-4.8068466758489e-17,0,3.7e-11,1,0.000181,8.9495649713737e-18,0.74921005775475,9.0109475004826e-08
161,0,0,161,1.8571925362852e-15,3.6668077067133e-11,1.8839385185063e-16,-4.9336492067141e-17,0,3.7e-11,1,0.000181,9.1982860653319e-18,0.71371202222873,6.9280206788748e-08
162,0,0,162,1.9078289924807e-15,3.767399067045e-11,-1.8207036220055e-16,-5.0636456195486e-17,0,3.7e-11,1,0.000181,9.4536107766096e-18,0.73333781079153,8.0243374037618e-08
163,0,0,163,1.9597981238185e-15,3.6496623597216e-11,2.1310344025542e-16,-5.1969131337829e-17,0,3.7e-11,1,0.000181,9.7157055020617e-18,0.69375701766128,5.9417488084307e-08
164,0,0,164,2.0131334186362e-15,3.7686625457052e-11,-2.1539033663027e-16,-5.3335294817749e-17,0,3.7e-11,1,0.000181,9.9847405822039e-18,0.71795517232943,7.1540226001565e-08
165,0,0,165,2.067869169206e-15,3.6557243572299e-11,2.0441812114027e-16,-5.473575056976e-17,0,3.7e-11,1,0.000181,1.0260890387992e-17,0.67925816296553,5.2995716071725e-08
166,0,0,166,2.124040474812e-15,3.6835052670586e-11,-5.0283446789997e-17,-5.6171305605999e-17,0,3.7e-11,1,0.000181,1.0544333409338e-17,0.67837898440557,5.2625309918534e-08
167,0,0,167,2.1816832681308e-15,3.6638903254299e-11,3.5503044348085e-17,-5.7642793318851e-17,0,3.7e-11,1,0.000181,1.0835252345394e-17,0.66447039284712,4.7040619508738e-08
168,0,0,168,2.2408343278058e-15,3.6774645058508e-11,-2.456926656183e-17,-5.9151059674924e-17,0,3.7e-11,1,0.000181,1.1133834196637e-17,0.65930661905093,4.5094579720023e-08
169,0,0,169,2.3015312976013e-15,3.7748053419934e-11,-1.7618691341824e-16,-6.0696969795536e-17,0,3.7e-11,1,0.000181,1.1440270358777e-17,0.67655164572298,5.1862186108001e-08
170,0,0,170,2.3638127047658e-15,3.767675586484e-11,1.2904857472052e-17,-6.2281407164453e-17,0,3.7e-11,1,0.000181,1.175475671854e-17,0.6653247882291,4.7369111935258e-08
171,0,0,171,2.4277179672918e-15,3.6508823598503e-11,2.1139574020692e-16,-6.3905262526046e-17,0,3.7e-11,1,0.000181,1.2077493751331e-17,0.6242166797129,3.3534801488583e-08
172,0,0,172,2.4932874121579e-15,3.7128196404168e-11,-1.1210647782525e-16,-6.5569444866089e-17,0,3.7e-11,1,0.000181,1.2408686620834e-17,0.63116561699216,3.5606814356939e-08
173,0,0,173,2.5605623059541e-15,3.6796062778279e-11,6.0116186285836e-17,-6.7274893796239e-17,0,3.7e-11,1,0.000181,1.2748545280565e-17,0.61214350558674,3.0169009881875e-08
174,0,0,174,2.6295848623814e-15,3.6421957388803e-11,6.7713075495265e-17,-6.9022556427283e-17,0,3.7e-11,1,0.000181,1.309728457743e-17,0.59172606017498,2.510599138775e-08
175,0,0,175,2.7003982643022e-15,3.7429696446227e-11,-1.824007693939e-16,-7.0813401920801e-17,0,3.7e-11,1,0.000181,1.3455124357297e-17,0.60838835186874,2.9180249082045e-08
176,0,0,176,2.7730466886158e-15,3.6884587556504e-11,9.866470904001e-17,-7.2648424313544e-17,0,3.7e-11,1,0.000181,1.3822289572639e-17,0.5828077734973,2.3123863529673e-08
177,0,0,177,2.8475753131239e-15,3.7459329356293e-11,-1.0402826576181e-16,-7.4528624508088e-17,0,3.7e-11,1,0.000181,1.4199010392277e-17,0.58721267737272,2.4086264826802e-08
178,0,0,178,2.9240303450253e-15,3.6734580567894e-11,1.3117953070025e-16,-7.6455031901461e-17,0,3.7e-11,1,0.000181,1.4585522313246e-17,0.55620856170874,1.7955320040945e-08
179,0,0,179,3.0024590322701e-15,3.6686549064228e-11,8.6937021635016e-18,-7.8428687244739e-17,0,3.7e-11,1,0.000181,1.4982066274842e-17,0.543199395006,1.5795407205321e-08
180,0,0,180,3.0829096938452e-15,3.7337932279044e-11,-1.1790036188173e-16,-8.0450661575167e-17,0,3.7e-11,1,0.000181,1.5388888774866e-17,0.54879140640014,1.6696251182593e-08
181,0,0,181,3.1654317413612e-15,3.6756141241142e-11,1.0530417786029e-16,-8.2522047516019e-17,0,3.7e-11,1,0.000181,1.5806241988116e-17,0.52074508336351,1.2567331225249e-08
182,0,0,182,3.2500756890518e-15,3.6422628366255e-11,6.0365830354495e-17,-8.4643947690543e-17,0,3.7e-11,1,0.000181,1.6234383887153e-17,0.49909213756016,9.9852213371735e-09
183,0,0,183,3.3368931830847e-15,3.6190042465509e-11,4.209804803507e-17,-8.6817494032966e-17,0,3.7e-11,1,0.000181,1.6673578365393e-17,0.47984239258957,8.0695630308327e-09
184,0,0,184,3.4259370291389e-15,3.7504420556514e-11,-2.3790243447187e-16,-8.9043846054154e-17,0,3.7e-11,1,0.000181,1.7124095362548e-17,0.50207004503361,1.0312144978942e-08
185,0,0,185,3.5172612207914e-15,3.6941552792196e-11,1.0187906534158e-16,-9.1324191652469e-17,0,3.7e-11,1,0.000181,1.7586210992468e-17,0.47322082045633,7.4846053172018e-09
186,0,0,186,3.6109209438244e-15,3.7158845174087e-11,-3.9329921122269e-17,-9.3659723033028e-17,0,3.7e-11,1,0.000181,1.8060207673413e-17,0.46510826230928,6.8155335992094e-09
187,0,0,187,3.706972612393e-15,3.6465264383053e-11,1.25538123177e-16,-9.6051668568619e-17,0,3.7e-11,1,0.000181,1.8546374260802e-17,0.43202034357767,4.5701960067634e-09
188,0,0,188,3.8054738899358e-15,3.6930550025587e-11,-8.4216701298578e-17,-9.8501277542774e-17,0,3.7e-11,1,0.000181,1.9045006182479e-17,0.42988736220628,4.4493253639037e-09
189,0,0,189,3.9064837259693e-15,3.6665865680083e-11,4.7907866536146e-17,-1.0100983603352e-16,0,3.7e-11,1,0.000181,1.9556405576531e-17,0.40765088280212,3.3371779056236e-09
190,0,0,190,4.0100623741778e-15,3.7250349979265e-11,-1.0579165815193e-16,-1.0357864820851e-16,0,3.7e-11,1,0.000181,2.0080881431706e-17,0.40798133075544,3.3518538966771e-09
191,0,0,191,4.1162714284614e-15,3.7760307771255e-11,-9.2302360350146e-17,-1.0620905428359e-16,0,3.7e-11,1,0.000181,2.061874973047e-17,0.40590477499414,3.2604961747437e-09
192,0,0,192,4.2251738412321e-15,3.6179778434912e-11,2.8607580987811e-16,-1.0890241277069e-16,0,3.7e-11,1,0.000181,2.1170333594745e-17,0.34692639323383,1.3932210289786e-09
193,0,0,193,4.3368339388706e-15,3.6319307862475e-11,-2.5254826388984e-17,-1.1166009763853e-16,0,3.7e-11,1,0.000181,2.1735963434372e-17,0.33402430703859,1.1347111998217e-09
194,0,0,194,4.4513174816688e-15,3.6896546373176e-11,-1.0448017043676e-16,-1.1448354279813e-16,0,3.7e-11,1,0.000181,2.2315977098345e-17,0.3325305975625,1.1075015726252e-09
195,0,0,195,4.5686916909553e-15,3.7711585820006e-11,-1.4752213987622e-16,-1.1737420928652e-16,0,3.7e-11,1,0.000181,2.2910720028856e-17,0.33703230438491,1.1911604001763e-09
196,0,0,196,4.68902526835e-15,3.635700440853e-11,2.4517923547701e-16,-1.203335773947e-16,0,3.7e-11,1,0.000181,2.3520545418191e-17,0.28245371503569,4.5758569065531e-10
197,0,0,197,4.8123884111458e-15,3.6972521325533e-11,-1.1140856197747e-16,-1.2336314279579e-16,0,3.7e-11,1,0.000181,2.414581436854e-17,0.28066864995904,4.4214178253782e-10
198,0,0,198,4.9388528781978e-15,3.7308337338468e-11,-6.0782698341253e-17,-1.2646446705197e-16,0,3.7e-11,1,0.000181,2.4786896054743e-17,0.2708610094169,3.646754738514e-10
199,0,0,199,5.0684920107496e-15,3.782911886252e-11,-9.42614558533e-17,-1.296391325519e-16,0,3.7e-11,1,0.000181,2.5444167890038e-17,0.26557839381311,3.2778114300673e-10
200,0,0,200,5.2013807590126e-15,3.6553431606393e-11,2.308993933589e-16,-1.3288874826294e-16,0,3.7e-11,1,0.000181,2.6118015694846e-17,0.21125733339474,9.4926929051218e-11
201,0,0,201,5.3375957044359e-15,3.7219717483176e-11,-1.2059774369775e-16,-1.3621494542327e-16,0,3.7e-11,1,0.000181,2.6808833868642e-17,0.20892536359848,8.9388874863706e-11
202,0,0,202,5.4772151255826e-15,3.6747912259947e-11,8.539674540439e-17,-1.396194211467e-16,0,3.7e-11,1,0.000181,2.7517025564967e-17,0.17532581655487,3.4587637805041e-11
203,0,0,203,5.6203190104416e-15,3.6449262229571e-11,5.4055655498113e-17,-1.4310388485906e-16,0,3.7e-11,1,0.000181,2.8243002869618e-17,0.14588583740642,1.2781714333462e-11
204,0,0,204,5.7669891034291e-15,3.7441808586144e-11,-1.7965089053973e-16,-1.4667009298749e-16,0,3.7e-11,1,0.000181,2.8987186982074e-17,0.15081054959878,1.5299334803477e-11
205,0,0,205,5.9173089519678e-15,3.6703920674913e-11,1.3355771193283e-16,-1.5031984853869e-16,0,3.7e-11,1,0.000181,2.9750008400204e-17,0.10842178440966,2.561849035346e-12
206,0,0,206,6.0713639157151e-15,3.7106671185394e-11,-7.2897842397034e-17,-1.540549637473e-16,0,3.7e-11,1,0.000181,3.0531907108303e-17,0.096303355060659,1.3483154003179e-12
207,0,0,207,6.2292412273994e-15,3.6651909779995e-11,8.2311814377297e-17,-1.578773116843e-16,0,3.7e-11,1,0.000181,3.1333332768519e-17,0.060438172731019,1.0816305662969e-13
208,0,0,208,6.3910300171312e-15,3.6571245655814e-11,1.4600206476614e-17,-1.6178878973179e-16,0,3.7e-11,1,0.000181,3.2154744915702e-17,0.034099663516683,4.8753192148567e-15
209,0,0,209,6.5568213614247e-15,3.6566887221603e-11,7.8887659231205e-19,-1.6579134429348e-16,0,3.7e-11,1,0.000181,3.2996613155749e-17,0.0092258064335431,4.1057542609434e-18
210,0,0,210,6.7267083256953e-15,3.7221402131697e-11,-1.1846719872699e-16,-1.6988696427064e-16,0,3.7e-11,1,0.000181,3.3859417367477e-17,0.0015477766375687,2.5989650826409e-22
211,0,0,211,6.9007860107627e-15,3.7880548259363e-11,-1.1930544910755e-16,-1.7407768506739e-16,0,3.7e-11,1,0.000181,3.4743647908093e-17,-0.0066308460232999,-nan
212,0,0,212,7.0791515814513e-15,3.7439874838027e-11,7.9761889261781e-17,-1.7836557068858e-16,0,3.7e-11,1,0.000181,3.5649805822303e-17,-0.045174590976318,-nan
213,0,0,213,7.2619042926628e-15,3.7376556879021e-11,1.1460550580075e-17,-1.8275271121149e-16,0,3.7e-11,1,0.000181,3.6578403055117e-17,-0.074174630067189,-nan
214,0,0,214,7.4491455493061e-15,3.7178874542103e-11,3.5780502982199e-17,-1.8724125664337e-16,0,3.7e-11,1,0.000181,3.7529962668409e-17,-0.10747637108937,-nan
215,0,0,215,7.6409789472658e-15,3.7026648330645e-11,2.75529442739e-17,-1.9183339795967e-16,0,3.7e-11,1,0.000181,3.8505019061279e-17,-0.14023526943693,-nan
216,0,0,216,7.8375103151024e-15,3.637645227579e-11,1.1768548592867e-16,-1.9653136783664e-16,0,3.7e-11,1,0.000181,3.9504118194279e-17,-0.18715431584059,-nan
217,0,0,217,8.0388477590979e-15,3.7466632087087e-11,-1.9732254584463e-16,-2.0133744399541e-16,0,3.7e-11,1,0.000181,4.0527817817552e-17,-0.18775382280651,-nan
218,0,0,218,8.2451017322947e-15,3.6919360136756e-11,9.9056223009859e-17,-2.0625397319683e-16,0,3.7e-11,1,0.000181,4.1576687702954e-17,-0.23334292183692,-nan
219,0,0,219,8.4563850340825e-15,3.6593991387116e-11,5.8891743684773e-17,-2.1128330178782e-16,0,3.7e-11,1,0.000181,4.2651309880193e-17,-0.27368561938397,-nan
220,0,0,220,8.6728128798882e-15,3.7322198081063e-11,-1.3180541160442e-16,-2.1642784580574e-16,0,3.7e-11,1,0.000181,4.3752278877071e-17,-0.28632149129697,-nan
221,0,0,221,8.8945029644124e-15,3.7086634695366e-11,4.2636972811216e-17,-2.2169008452418e-16,0,3.7e-11,1,0.000181,4.488020196386e-17,-0.3257909637974,-nan
222,0,0,222,9.1215754773263e-15,3.70462936562e-11,7.3017280889836e-18,-2.2707251291382e-16,0,3.7e-11,1,0.000181,4.6035699401893e-17,-0.36078786405167,-nan
223,0,0,223,9.354153163771e-15,3.6982542285569e-11,1.1538998084305e-17,-2.3257768644471e-16,0,3.7e-11,1,0.000181,4.721940469641e-17,-0.39723951173406,-nan
224,0,0,224,9.5923613778844e-15,3.7457941756821e-11,-8.6047304296729e-17,-2.3820821411341e-16,0,3.7e-11,1,0.000181,4.843196485374e-17,-0.41996026876209,-nan
225,0,0,225,9.8363281322129e-15,3.6381823801822e-11,1.9477734985492e-16,-2.4396675432848e-16,0,3.7e-11,1,0.000181,4.9674040642854e-17,-0.48547379783233,-nan
226,0,0,226,1.0086184121751e-14,3.7089157589048e-11,-1.2802741548797e-16,-2.4985598953825e-16,0,3.7e-11,1,0.000181,5.0946306861377e-17,-0.50366531254791,-nan
227,0,0,227,1.0342062830527e-14,3.7590802447534e-11,-9.0797719385859e-17,-2.5587870877565e-16,0,3.7e-11,1,0.000181,5.2249452606092e-17,-0.52831530349756,-nan
228,0,0,228,1.0604100552803e-14,3.7263872596685e-11,5.9174303003569e-17,-2.6203772227647e-16,0,3.7e-11,1,0.000181,5.3584181548027e-17,-0.57627887304811,-nan
229,0,0,229,1.0872436428726e-14,3.7841308193253e-11,-1.0451584297885e-16,-2.6833587592311e-16,0,3.7e-11,1,0.000181,5.4951212212163e-17,-0.6007405772357,-nan
230,0,0,230,1.1147212527681e-14,3.764038241033e-11,3.6367566709174e-17,-2.7477609895469e-16,0,3.7e-11,1,0.000181,5.6351278261839e-17,-0.64720073337484,-nan
231,0,0,231,1.1428573870786e-14,3.6782385554817e-11,1.552974308479e-16,-2.8136134310513e-16,0,3.7e-11,1,0.000181,5.7785128787918e-17,-0.71240287970201,-nan
232,0,0,232,1.1716668484262e-14,3.630663759932e-11,8.6110379944854e-17,-2.8809461347591e-16,0,3.7e-11,1,0.000181,5.9253528602766e-17,-0.76827939059058,-nan
233,0,0,233,1.2011647495192e-14,3.761497734123e-11,-2.3680949328568e-16,-2.9497901092962e-16,0,3.7e-11,1,0.000181,6.0757258539129e-17,-0.77696529736136,-nan
234,0,0,234,1.2313665211939e-14,3.7039999136867e-11,1.0407105498972e-16,-3.0201771674757e-16,0,3.7e-11,1,0.000181,6.2297115753947e-17,-0.83760271288134,-nan
235,0,0,235,1.2622879109632e-14,3.7703264127286e-11,-1.2005096326581e-16,-3.0921389769263e-16,0,3.7e-11,1,0.000181,6.3873914037198e-17,-0.8658486341038,-nan
236,0,0,236,1.2939449939846e-14,3.7590958453362e-11,2.0327326980196e-17,-3.1657083021453e-16,0,3.7e-11,1,0.000181,6.5488484125814e-17,-0.91615446614721,-nan
237,0,0,237,1.3263541755779e-14,3.7041756555726e-11,9.9405543472092e-17,-3.2409181593281e-16,0,3.7e-11,1,0.000181,6.7141674022751e-17,-0.97939134227158,-nan
238,0,0,238,1.3595321978714e-14,3.7469909826532e-11,-7.7495742015881e-17,-3.3178022293476e-16,0,3.7e-11,1,0.000181,6.8834349321279e-17,-1.0173612513232,-nan
239,0,0,239,1.3934961492435e-14,3.688806460049e-11,1.0531398591356e-16,-3.3963951372075e-16,0,3.7e-11,1,0.000181,7.0567393534543e-17,-1.0838019709939,-nan
240,0,0,240,1.4282634665873e-14,3.6886575544407e-11,2.6951915113424e-19,-3.4767317343845e-16,0,3.7e-11,1,0.000181,7.2341708430493e-17,-1.1357569795932,-nan
241,0,0,241,1.4638519445856e-14,3.6529178872789e-11,6.4688797562798e-17,-3.558847799831e-16,0,3.7e-11,1,0.000181,7.4158214372217e-17,-1.1985572748815,-nan
242,0,0,242,1.5002797415167e-14,3.7111146207621e-11,-1.0533608760454e-16,-3.6427796931076e-16,0,3.7e-11,1,0.000181,7.6017850663777e-17,-1.2372226297727,-nan
243,0,0,243,1.5375653881408e-14,3.6859735938857e-11,4.550525864617e-17,-3.728564662406e-16,0,3.7e-11,1,0.000181,7.7921575901593e-17,-1.2996926499141,-nan
244,0,0,244,1.5757277899909e-14,3.6667189452978e-11,3.4850913944168e-17,-3.8162401850088e-16,0,3.7e-11,1,0.000181,7.9870368331463e-17,-1.3618809330924,-nan
245,0,0,245,1.6147862361482e-14,3.6895714419294e-11,-4.1363018903236e-17,-3.9058446157305e-16,0,3.7e-11,1,0.000181,8.1865226211279e-17,-1.4140268854098,-nan
246,0,0,246,1.6547604078358e-14,3.6912120900014e-11,-2.9695730103627e-18,-3.9974171687677e-16,0,3.7e-11,1,0.000181,8.3907168179507e-17,-1.4732731365471,-nan
247,0,0,247,1.69567038355e-14,3.6879966483292e-11,5.8199494267465e-18,-4.0909975714206e-16,0,3.7e-11,1,0.000181,8.599723362952e-17,-1.5352291924779,-nan
248,0,0,248,1.737536647041e-14,3.7579566523242e-11,-1.2662760723093e-16,-4.1866263491002e-16,0,3.7e-11,1,0.000181,8.8136483089829e-17,-1.578836035494,-nan
249,0,0,249,1.7803800968308e-14,3.7817742640911e-11,-4.3109877298095e-17,-4.2843449789711e-16,0,3.7e-11,1,0.000181,9.0325998610311e-17,-1.636372935688,-nan
250,0,0,250,1.824222049754e-14,3.7861428202389e-11,-7.9070866275286e-18,-4.3841952923197e-16,0,3.7e-11,1,0.000181,9.2566884154483e-17,-1.7006573081838,-nan
251,0,0,251,1.8690842470049e-14,3.6596236677853e-11,2.289996659411e-16,-4.4862197250949e-16,0,3.7e-11,1,0.000181,9.4860265997915e-17,-1.8018401719214,-nan
252,0,0,252,1.9149888597883e-14,3.6628437199836e-11,-5.8282944789071e-18,-4.5904612783354e-16,0,3.7e-11,1,0.000181,9.7207293132839e-17,-1.8695149267899,-nan
253,0,0,253,1.9619585064733e-14,3.6976982153204e-11,-6.3086636559705e-17,-4.6969646685039e-16,0,3.7e-11,1,0.000181,9.9609137679038e-17,-1.9302301470812,-nan
254,0,0,254,2.0100162589564e-14,3.7427365898127e-11,-8.1519457830977e-17,-4.8057752483095e-16,0,3.7e-11,1,0.000181,1.0206699530108e-16,-1.9898177336125,-nan
255,0,0,255,2.0591856485401e-14,3.7866470903253e-11,-7.9478005927784e-17,-4.9169389583754e-16,0,3.7e-11,1,0.000181,1.04582085632e-16,-2.051370054041,-nan
256,0,0,256,2.1094906720254e-14,3.7267911821349e-11,1.083391938246e-16,-5.030502348523e-16,0,3.7e-11,1,0.000181,1.0715565270343e-16,-2.1426630850515,-nan
257,0,0,257,2.1609557960157e-14,3.6810755588349e-11,8.2745278173003e-17,-5.1465123990296e-16,0,3.7e-11,1,0.000181,1.0978896538236e-16,-2.2318666863768,-nan
258,0,0,258,2.2136059708139e-14,3.7224656639318e-11,-7.4916090225536e-17,-5.2650174798244e-16,0,3.7e-11,1,0.000181,1.1248331781454e-16,-2.29929772382,-nan
259,0,0,259,2.267466642606e-14,3.7110697449584e-11,2.0626613341937e-17,-5.3860671792049e-16,0,3.7e-11,1,0.000181,1.1524002987455e-16,-2.3828027755241,-nan
260,0,0,260,2.3225637572968e-14,3.761640730969e-11,-9.1533484679211e-17,-5.5097114690851e-16,0,3.7e-11,1,0.000181,1.1806044762276e-16,-2.4514062789181,-nan
261,0,0,261,2.3789237710123e-14,3.6784460804099e-11,1.5058231751196e-16,-5.63600137155e-16,0,3.7e-11,1,0.000181,1.209459437691e-16,-2.5580484253518,-nan
262,0,0,262,2.4365736537583e-14,3.7592859255248e-11,-1.4632011965803e-16,-5.7649882746018e-16,0,3.7e-11,1,0.000181,1.2389791814381e-16,-2.6222829643696,-nan
263,0,0,263,2.4955409086498e-14,3.7129289599767e-11,8.3906107642094e-17,-5.896725489149e-16,0,3.7e-11,1,0.000181,1.2691779817522e-16,-2.7228621276602,-nan
264,0,0,264,2.5558535711653e-14,3.7268510494894e-11,-2.5198982017889e-17,-6.0312662515487e-16,0,3.7e-11,1,0.000181,1.3000703937466e-16,-2.8091586250675,-nan
265,0,0,265,2.6175402249978e-14,3.7749870264023e-11,-8.7126118212313e-17,-6.1686653832516e-16,0,3.7e-11,1,0.000181,1.331671258285e-16,-2.8882597778393,-nan
266,0,0,266,2.6806300108234e-14,3.7222266697723e-11,9.5496245500279e-17,-6.3089785825569e-16,0,3.7e-11,1,0.000181,1.3639957069751e-16,-2.996725374936,-nan
267,0,0,267,2.7451526277087e-14,3.6256465277371e-11,1.7481005708363e-16,-6.4522616885269e-16,0,3.7e-11,1,0.000181,1.3970591672354e-16,-3.119173669088,-nan
268,0,0,268,2.8111383463169e-14,3.6240049700668e-11,2.9712193832623e-18,-6.5985718608243e-16,0,3.7e-11,1,0.000181,1.4308773674361e-16,-3.2181475985289,-nan
269,0,0,269,2.8786180283004e-14,3.6733026355385e-11,-8.9228774503829e-17,-6.7479681983518e-16,0,3.7e-11,1,0.000181,1.4654663421152e-16,-3.3055849653098,-nan
270,0,0,270,2.9476231358938e-14,3.7608187518936e-11,-1.584041706027e-16,-6.9005107593395e-16,0,3.7e-11,1,0.000181,1.5008424372701e-16,-3.3849707955817,-nan
271,0,0,271,3.0181857373106e-14,3.6928765747324e-11,1.2297534066182e-16,-7.0562601416789e-16,0,3.7e-11,1,0.000181,1.5370223157259e-16,-3.5086980398448,-nan
272,0,0,272,3.0903385081173e-14,3.7632438977326e-11,-1.2736485463042e-16,-7.2152770806721e-16,0,3.7e-11,1,0.000181,1.5740229625811e-16,-3.5974187884541,-nan
273,0,0,273,3.164114754643e-14,3.7065743823905e-11,1.0257182276931e-16,-7.3776246525673e-16,0,3.7e-11,1,0.000181,1.6118616907312e-16,-3.7228980012398,-nan
274,0,0,274,3.2395484120009e-14,3.6228106895192e-11,1.5161228409695e-16,-7.543365735795e-16,0,3.7e-11,1,0.000181,1.6505561464712e-16,-3.8581748203643,-nan
275,0,0,275,3.316674060623e-14,3.6921414739413e-11,-1.2548871980404e-16,-7.7125648622012e-16,0,3.7e-11,1,0.000181,1.6901243151785e-16,-3.9546012450942,-nan
276,0,0,276,3.3955269508423e-14,3.7775735687603e-11,-1.546320916223e-16,-7.8852890219325e-16,0,3.7e-11,1,0.000181,1.7305845270748e-16,-4.0492550916779,-nan
277,0,0,277,3.47614300392e-14,3.7248767300765e-11,9.5381278017708e-17,-8.061605307769e-16,0,3.7e-11,1,0.000181,1.771955463071e-16,-4.1838738476574,-nan
278,0,0,278,3.5585588109051e-14,3.6959760163268e-11,5.2310291886869e-17,-8.2415806985089e-16,0,3.7e-11,1,0.000181,1.8142561606928e-16,-4.3147486216961,-nan
279,0,0,279,3.64281165525e-14,3.7468836988681e-11,-9.2142905399657e-17,-8.4252844344899e-16,0,3.7e-11,1,0.000181,1.8575060200898e-16,-4.4267966339478,-nan
280,0,0,280,3.7289395301881e-14,3.7552783417759e-11,-1.5194303663109e-17,-8.6127874938146e-16,0,3.7e-11,1,0.000181,1.9017248101285e-16,-4.5531344636803,-nan
281,0,0,281,3.8169811409619e-14,3.7190114589626e-11,6.5643057891927e-17,-8.8041610773785e-16,0,3.7e-11,1,0.000181,1.9469326745686e-16,-4.6944005777059,-nan
282,0,0,282,3.9069759156351e-14,3.7310027302416e-11,-2.1704201014927e-17,-8.9994774673242e-16,0,3.7e-11,1,0.000181,1.993150138326e-16,-4.8255404232662,-nan
283,0,0,283,3.9989640240464e-14,3.7252572459625e-11,1.0399326545234e-17,-9.1988108411216e-16,0,3.7e-11,1,0.000181,2.0403981138207e-16,-4.9644504442693,-nan
284,0,0,284,4.092986388338e-14,3.7967927990857e-11,-1.2947935115311e-16,-9.4022364291644e-16,0,3.7e-11,1,0.000181,2.0886979074119e-16,-5.0855112613162,-nan
285,0,0,285,4.1890846988633e-14,3.771217490804e-11,4.6291307990002e-17,-9.6098310525284e-16,0,3.7e-11,1,0.000181,2.1380712259206e-16,-5.2359180723126,-nan
286,0,0,286,4.2873014119059e-14,3.6608388473157e-11,1.9978534471377e-16,-9.8216713042584e-16,0,3.7e-11,1,0.000181,2.1885401832409e-16,-5.4124079148002,-nan
287,0,0,287,4.3876797652955e-14,3.7258996731084e-11,-1.1776009468473e-16,-1.0037835338967e-15,0,3.7e-11,1,0.000181,2.2401273070397e-16,-5.5447094586575,-nan
288,0,0,288,4.4902638133011e-14,3.7571731982831e-11,-5.6605080566218e-17,-1.0258404800559e-15,0,3.7e-11,1,0.000181,2.292855545547e-16,-5.6894362616274,-nan
289,0,0,289,4.5950984210722e-14,3.6203349896407e-11,2.4767715764264e-16,-1.0483460777106e-15,0,3.7e-11,1,0.000181,2.3467482744367e-16,-5.8829592174813,-nan
290,0,0,290,4.7022292661892e-14,3.6510590560279e-11,-5.5610560160842e-17,-1.0713084511698e-15,0,3.7e-11,1,0.000181,2.4018293037987e-16,-6.0346238271586,-nan
291,0,0,291,4.811702880789e-14,3.6808056521243e-11,-5.3841338934369e-17,-1.0947361459983e-15,0,3.7e-11,1,0.000181,2.4581228852032e-16,-6.1900508552404,-nan
292,0,0,292,4.9235666551864e-14,3.6829079995811e-11,-3.8052488968488e-18,-1.1186377439736e-15,0,3.7e-11,1,0.000181,2.5156537188587e-16,-6.3565183026164,-nan
293,0,0,293,5.0378688465846e-14,3.7547738726789e-11,-1.3007723030698e-16,-1.143021913982e-15,0,3.7e-11,1,0.000181,2.5744469608626e-16,-6.5077718017466,-nan
294,0,0,294,5.1546585994162e-14,3.7473123044137e-11,1.3505438559924e-17,-1.1678975283167e-15,0,3.7e-11,1,0.000181,2.6345282305474e-16,-6.6841795913354,-nan
295,0,0,295,5.2739859448242e-14,3.6860517991899e-11,1.1088151445515e-16,-1.1932734540792e-15,0,3.7e-11,1,0.000181,2.6959236179215e-16,-6.8789167823963,-nan
296,0,0,296,5.3959018164757e-14,3.6852669910437e-11,1.4205027446198e-18,-1.2191587165158e-15,0,3.7e-11,1,0.000181,2.7586596912067e-16,-7.0611743931564,-nan
297,0,0,297,5.5204580814414e-14,3.7791052423745e-11,-1.6984723490874e-16,-1.2455626496571e-15,0,3.7e-11,1,0.000181,2.8227635044715e-16,-7.2218008549674,-nan
298,0,0,298,5.6477075536326e-14,3.6694937997764e-11,1.9839671110261e-16,-1.2724947219119e-15,0,3.7e-11,1,0.000181,2.888262605363e-16,-7.4414352334972,-nan
299,0,0,299,5.7777039810664e-14,3.6994834657753e-11,-5.4281295458157e-17,-1.2999642743377e-15,0,3.7e-11,1,0.000181,2.9551850429364e-16,-7.6274413524878,-nan
300,0,0,300,5.910502090381e-14,3.6714710963111e-11,5.0702388730342e-17,-1.3279810931464e-15,0,3.7e-11,1,0.000181,3.0235593755837e-16,-7.8333071852303,-nan
301,0,0,301,6.0461575898866e-14,3.6833771134425e-11,-2.1549891007882e-17,-1.3565549950555e-15,0,3.7e-11,1,0.000181,3.0934146790621e-16,-8.0326509367679,-nan
302,0,0,302,6.1847271930374e-14,3.7643040465304e-11,-1.4647774888906e-16,-1.3856960315084e-15,0,3.7e-11,1,0.000181,3.1647805546231e-16,-8.2176917434903,-nan
303,0,0,303,6.3262686321742e-14,3.646951700078e-11,2.1240774707886e-16,-1.4154143913681e-15,0,3.7e-11,1,0.000181,3.237687137242e-16,-8.4607591077499,-nan
304,0,0,304,6.4708406518659e-14,3.7818883233628e-11,-2.4423528814564e-16,-1.4457201969167e-15,0,3.7e-11,1,0.000181,3.3121651039504e-16,-8.6401655447771,-nan
305,0,0,305,6.6185030686899e-14,3.7779186671251e-11,7.1850777903706e-18,-1.4766241682401e-15,0,3.7e-11,1,0.000181,3.3882456822703e-16,-8.8617288187849,-nan
306,0,0,306,6.7693167488896e-14,3.7592787275921e-11,3.3738290554584e-17,-1.5081368019969e-15,0,3.7e-11,1,0.000181,3.4659606587517e-16,-9.0919625193302,-nan
307,0,0,307,6.9233436299768e-14,3.7660117233951e-11,-1.2186722403268e-17,-1.5402688108715e-15,0,3.7e-11,1,0.000181,3.5453423876146e-16,-9.3201366403498,-nan
308,0,0,308,7.0806467482784e-14,3.7899382121301e-11,-4.3306944610429e-17,-1.5730311830161e-15,0,3.7e-11,1,0.000181,3.6264237994952e-16,-9.5485559681691,-nan
309,0,0,309,7.2412902491425e-14,3.6716451070757e-11,2.1411052014853e-16,-1.6064350086413e-15,0,3.7e-11,1,0.000181,3.709238410297e-16,-9.8204009030339,-nan
310,0,0,310,7.4053393848679e-14,3.6323257165163e-11,7.1168096912464e-17,-1.6404913572543e-15,0,3.7e-11,1,0.000181,3.7938203301489e-16,-10.075986904851,-nan
311,0,0,311,7.5728605656104e-14,3.7266176279109e-11,-1.7066835962424e-16,-1.6752118074244e-15,0,3.7e-11,1,0.000181,3.8802042724689e-16,-10.300646222127,-nan
312,0,0,312,7.7439213829665e-14,3.6399491660297e-11,1.5686991600502e-16,-1.7106081735612e-15,0,3.7e-11,1,0.000181,3.9684255631355e-16,-10.579499154719,-nan
313,0,0,313,7.9185905839059e-14,3.6274881402951e-11,2.2554456579522e-17,-1.7466920093944e-15,0,3.7e-11,1,0.000181,4.0585201497667e-16,-10.84368408319,-nan
314,0,0,314,8.09693812398e-14,3.7491769169831e-11,-2.2025668580527e-16,-1.7834754007412e-15,0,3.7e-11,1,0.000181,4.150524611108e-16,-11.077104826051,-nan
315,0,0,315,8.2790351930248e-14,3.6601228181974e-11,1.6118791880218e-16,-1.8209706904479e-15,0,3.7e-11,1,0.000181,4.2444761665285e-16,-11.373081921653,-nan
316,0,0,316,8.4649541837408e-14,3.6737600045689e-11,-2.4683307332389e-17,-1.8591899071592e-15,0,3.7e-11,1,0.000181,4.3404126856278e-16,-11.647011531901,-nan
317,0,0,317,8.6547687540301e-14,3.7700520203986e-11,-1.7428854865171e-16,-1.8981457028932e-15,0,3.7e-11,1,0.000181,4.4383726979524e-16,-11.904418901505,-nan
318,0,0,318,8.8485538445874e-14,3.6877803351153e-11,1.4891175036265e-16,-1.9378509055736e-15,0,3.7e-11,1,0.000181,4.538395402823e-16,-12.216015535212,-nan
319,0,0,319,9.0463856574791e-14,3.7307056328201e-11,-7.7694788845728e-17,-1.9783181289167e-15,0,3.7e-11,1,0.000181,4.6405206792735e-16,-12.499817736208,-nan
320,0,0,320,9.2483417129898e-14,3.6651078103177e-11,1.1873205872946e-16,-2.0195605551067e-15,0,3.7e-11,1,0.000181,4.7447890961018e-16,-12.819108853699,-nan
321,0,0,321,9.4545008503557e-14,3.7849595003679e-11,-2.1693155899097e-16,-2.0615913736593e-15,0,3.7e-11,1,0.000181,4.8512419220327e-16,-13.09455454799,-nan
322,0,0,322,9.6649432760858e-14,3.6612277363726e-11,2.239544928316e-16,-2.1044242573012e-15,0,3.7e-11,1,0.000181,4.9599211359944e-16,-13.442229439753,-nan
323,0,0,323,9.8797505219701e-14,3.6499209547187e-11,2.0465274793544e-17,-2.1480724588428e-15,0,3.7e-11,1,0.000181,5.070869437508e-16,-13.766036776416,-nan
324,0,0,324,1.00990055199e-13,3.7096829109629e-11,-1.0816914080213e-16,-2.1925499793e-15,0,3.7e-11,1,0.000181,5.1841302571911e-16,-14.077277755735,-nan
325,0,0,325,1.03227926255e-13,3.6989447983889e-11,1.9435983759067e-17,-2.2378710559962e-15,0,3.7e-11,1,0.000181,5.2997477673759e-16,-14.414340177679,-nan
326,0,0,326,1.0551197604792e-13,3.6732220698996e-11,4.6558138565515e-17,-2.2840497929196e-15,0,3.7e-11,1,0.000181,5.417766892842e-16,-14.762347932119,-nan
327,0,0,327,1.0784307665233e-13,3.7300849210972e-11,-1.0292176066761e-16,-2.331100604417e-15,0,3.7e-11,1,0.000181,5.5382333216651e-16,-15.095060914611,-nan
328,0,0,328,1.1022211493717e-13,3.6944255635351e-11,6.454343718746e-17,-2.3790382848374e-15,0,3.7e-11,1,0.000181,5.6611935161804e-16,-15.459937982257,-nan
329,0,0,329,1.126499925015e-13,3.7504975938667e-11,-1.0149037490029e-16,-2.4278775643271e-15,0,3.7e-11,1,0.000181,5.7866947240633e-16,-15.807315492997,-nan
330,0,0,330,1.1512762616524e-13,3.7564640512961e-11,-1.0799287947109e-17,-2.4776336637392e-15,0,3.7e-11,1,0.000181,5.9147849895261e-16,-16.175664660653,-nan
331,0,0,331,1.1765594794183e-13,3.7424190910069e-11,2.5421378123326e-17,-2.5283217765966e-15,0,3.7e-11,1,0.000181,6.0455131646314e-16,-16.556991098568,-nan
332,0,0,332,1.2023590518411e-13,3.6423532466627e-11,1.8111917826307e-16,-2.5799572422808e-15,0,3.7e-11,1,0.000181,6.1789289207233e-16,-16.969276662335,-nan
333,0,0,333,1.2286846086037e-13,3.7832164031976e-11,-2.5496231332807e-16,-2.6325556762559e-15,0,3.7e-11,1,0.000181,6.3150827599757e-16,-17.324300309181,-nan
334,0,0,334,1.2555459433632e-13,3.6866749295939e-11,1.7474006722256e-16,-2.6861334759518e-15,0,3.7e-11,1,0.000181,6.4540260270591e-16,-17.751487638309,-nan
335,0,0,335,1.2829530066596e-13,3.686848271389e-11,-3.1374864911244e-19,-2.7407063296426e-15,0,3.7e-11,1,0.000181,6.5958109209249e-16,-18.160684678924,-nan
336,0,0,336,1.3109159141087e-13,3.7210839913685e-11,-6.1966653162881e-17,-2.7962907449026e-15,0,3.7e-11,1,0.000181,6.7404905067087e-16,-18.568975569134,-nan
337,0,0,337,1.3394449485194e-13,3.6830597861767e-11,6.8823811397185e-17,-2.8529034410728e-15,0,3.7e-11,1,0.000181,6.8881187277525e-16,-19.005249610118,-nan
338,0,0,338,1.3685505590996e-13,3.6745095687902e-11,1.5475893469543e-17,-2.9105610580246e-15,0,3.7e-11,1,0.000181,7.0387504177448e-16,-19.442167177909,-nan
339,0,0,339,1.3982433664884e-13,3.7352927530219e-11,-1.1001756345929e-16,-2.9692807388713e-15,0,3.7e-11,1,0.000181,7.1924413129811e-16,-19.869114045971,-nan
340,0,0,340,1.4285341657221e-13,3.6763609613378e-11,1.0666654294828e-16,-3.0290799233712e-15,0,3.7e-11,1,0.000181,7.3492480647433e-16,-20.337345562518,-nan
341,0,0,341,1.459433923836e-13,3.6584769516339e-11,3.2370057563981e-17,-3.0899758113896e-15,0,3.7e-11,1,0.000181,7.5092282517981e-16,-20.803576093944,-nan
342,0,0,342,1.4909537865684e-13,3.7357858152309e-11,-1.3992904311063e-16,-3.1519862732388e-15,0,3.7e-11,1,0.000181,7.6724403930157e-16,-21.253338260604,-nan
343,0,0,343,1.5231050817597e-13,3.6387055818398e-11,1.7571522243797e-16,-3.2151295191309e-15,0,3.7e-11,1,0.000181,7.8389439601079e-16,-21.759661202454,-nan
344,0,0,344,1.5558993157393e-13,3.7264366954893e-11,-1.5879331570569e-16,-3.2794233979637e-15,0,3.7e-11,1,0.000181,8.0087993904865e-16,-22.225635531595,-nan
345,0,0,345,1.5893481843533e-13,3.7621093657275e-11,-6.4567533131118e-17,-3.3448868614017e-15,0,3.7e-11,1,0.000181,8.1820681002403e-16,-22.715454753377,-nan
346,0,0,346,1.6234635691127e-13,3.6576770062243e-11,1.890225707009e-16,-3.4115384759419e-15,0,3.7e-11,1,0.000181,8.3588124972341e-16,-23.253092657908,-nan
347,0,0,347,1.6582575375277e-13,3.7904244633438e-11,-2.4027289738627e-16,-3.4793968414955e-15,0,3.7e-11,1,0.000181,8.5390959943253e-16,-23.736760560567,-nan
348,0,0,348,1.6937423549635e-13,3.6906967123542e-11,1.8050722929112e-16,-3.5484817435754e-15,0,3.7e-11,1,0.000181,8.7229830227022e-16,-24.293575398982,-nan
349,0,0,349,1.729930475821e-13,3.729339530662e-11,-6.9943501137193e-17,-3.6188120857554e-15,0,3.7e-11,1,0.000181,8.9105390453415e-16,-24.823494554517,-nan
350,0,0,350,1.7668345543414e-13,3.706557453555e-11,4.1235559563789e-17,-3.6904078520436e-15,0,3.7e-11,1,0.000181,9.1018305705849e-16,-25.380705755295,-nan
351,0,0,351,1.8044674429955e-13,3.6528410399604e-11,9.7226708606149e-17,-3.7632888654093e-15,0,3.7e-11,1,0.000181,9.2969251658368e-16,-25.957160223567,-nan
352,0,0,352,1.8428421958916e-13,3.7267945486981e-11,-1.3385585081517e-16,-3.8374752896089e-15,0,3.7e-11,1,0.000181,9.4958914713803e-16,-26.510186868153,-nan
353,0,0,353,1.8819720767686e-13,3.7484657751395e-11,-3.9224919859063e-17,-3.912988087701e-15,0,3.7e-11,1,0.000181,9.6987992143126e-16,-27.088619474968,-nan
354,0,0,354,1.9218705546255e-13,3.6467735117406e-11,1.8406299675206e-16,-3.989847785684e-15,0,3.7e-11,1,0.000181,9.9057192226007e-16,-27.711870301075,-nan
355,0,0,355,1.9625513052971e-13,3.8018086368063e-11,-2.8061357636894e-16,-4.0680750671581e-15,0,3.7e-11,1,0.000181,1.0116723439255e-15,-28.277416290441,-nan
356,0,0,356,2.0040282260454e-13,3.7799641331119e-11,3.9538551686947e-17,-4.1476920748358e-15,0,3.7e-11,1,0.000181,1.033188493662e-15,-28.902656043543,-nan
357,0,0,357,2.0463154229543e-13,3.6449107440565e-11,2.444466341903e-16,-4.2287196908927e-15,0,3.7e-11,1,0.000181,1.0551277930788e-15,-29.570591884231,-nan
358,0,0,358,2.0894272159519e-13,3.7868167254748e-11,-2.5684982636729e-16,-4.3111792997558e-15,0,3.7e-11,1,0.000181,1.0774977796128e-15,-30.175986758561,-nan
359,0,0,359,2.1333781565285e-13,3.7823549662314e-11,8.0757842307042e-18,-4.395094057657e-15,0,3.7e-11,1,0.000181,1.1003061079927e-15,-30.833470682988,-nan
360,0,0,360,2.1781830145909e-13,3.6668853658883e-11,2.0899997662098e-16,-4.4804858062442e-15,0,3.7e-11,1,0.000181,1.123560551716e-15,-31.533707473023,-nan
361,0,0,361,2.223856780229e-13,3.6657687509725e-11,2.0210729976423e-18,-4.5673765638135e-15,0,3.7e-11,1,0.000181,1.1472690045367e-15,-32.21601263008,-nan
362,0,0,362,2.2704146772641e-13,3.6655702256201e-11,3.5933088774633e-19,-4.6557897035016e-15,0,3.7e-11,1,0.000181,1.1714394819651e-15,-32.91127155712,-nan
363,0,0,363,2.3178721650482e-13,3.8023892676411e-11,-2.4764246605809e-16,-4.7457487784162e-15,0,3.7e-11,1,0.000181,1.1960801227791e-15,-33.582931451455,-nan
364,0,0,364,2.3662449435034e-13,3.786172027288e-11,2.9353205039266e-17,-4.8372778455149e-15,0,3.7e-11,1,0.000181,1.2211991905469e-15,-34.309619677609,-nan
365,0,0,365,2.4155489423902e-13,3.6765573055853e-11,1.9840264628186e-16,-4.9303998886779e-15,0,3.7e-11,1,0.000181,1.2468050751612e-15,-35.075455504839,-nan
366,0,0,366,2.4658003263094e-13,3.6979388479425e-11,-3.8700591666486e-17,-5.0251383919249e-15,0,3.7e-11,1,0.000181,1.2729062943852e-15,-35.820033345702,-nan
367,0,0,367,2.5170155094398e-13,3.7060351079849e-11,-1.4654230676799e-17,-5.1215183130388e-15,0,3.7e-11,1,0.000181,1.2995114954092e-15,-36.582593310217,-nan
368,0,0,368,2.5692111525692e-13,3.6494002707717e-11,1.0250905535591e-16,-5.2195643129396e-15,0,3.7e-11,1,0.000181,1.326629456419e-15,-37.377288452564,-nan
369,0,0,369,2.6224041627604e-13,3.666476911611e-11,-3.0908719919172e-17,-5.3193010191261e-15,0,3.7e-11,1,0.000181,1.3542690881758e-15,-38.166954317758,-nan
370,0,0,370,2.6766117034113e-13,3.7104418417116e-11,-7.9576523482144e-17,-5.4207540650812e-15,0,3.7e-11,1,0.000181,1.382439435606e-15,-38.964502106559,-nan
371,0,0,371,2.73185119664e-13,3.7797104727079e-11,-1.253762221032e-16,-5.5239493228713e-15,0,3.7e-11,1,0.000181,1.4111496794036e-15,-39.770620234194,-nan
372,0,0,372,2.7881403238511e-13,3.7686378990955e-11,2.0041358238387e-17,-5.6289127211171e-15,0,3.7e-11,1,0.000181,1.4404091376424e-15,-40.614125397604,-nan
373,0,0,373,2.8454970232651e-13,3.7740315039325e-11,-9.7624247549548e-18,-5.7356699413996e-15,0,3.7e-11,1,0.000181,1.4702272673992e-15,-41.469121293773,-nan
374,0,0,374,2.9039394975746e-13,3.7948627283755e-11,-3.7704516241895e-17,-5.8442474309504e-15,0,3.7e-11,1,0.000181,1.5006136663885e-15,-42.336157715261,-nan
375,0,0,375,2.9634862160203e-13,3.6854213401702e-11,1.9808891265158e-16,-5.9546718445634e-15,0,3.7e-11,1,0.000181,1.5315780746072e-15,-43.254891589715,-nan
376,0,0,376,3.024155911887e-13,3.7225110237611e-11,-6.7132327299429e-17,-6.0669695866739e-15,0,3.7e-11,1,0.000181,1.5631303759895e-15,-44.150790837046,-nan
377,0,0,377,3.0859676011694e-13,3.8089638084765e-11,-1.5647954033487e-16,-6.1811689282415e-15,0,3.7e-11,1,0.000181,1.5952806000736e-15,-45.050401018904,-nan
378,0,0,378,3.1489405810652e-13,3.785863137063e-11,4.1812215258481e-17,-6.2972979895771e-15,0,3.7e-11,1,0.000181,1.6280389236772e-15,-45.996960703066,-nan
379,0,0,379,3.2130944213438e-13,3.7578343700312e-11,5.0732068327558e-17,-6.4153840278606e-15,0,3.7e-11,1,0.000181,1.661415672584e-15,-46.962484982025,-nan
380,0,0,380,3.2784489723113e-13,3.7319375876803e-11,4.6873176055059e-17,-6.5354550967526e-15,0,3.7e-11,1,0.000181,1.6954213232406e-15,-47.945362131915,-nan
381,0,0,381,3.3450243702465e-13,3.6980501174184e-11,6.1336321174025e-17,-6.6575397935173e-15,0,3.7e-11,1,0.000181,1.7300665044623e-15,-48.948628686296,-nan
382,0,0,382,3.4128410414008e-13,3.7302034125556e-11,-5.8197464198332e-17,-6.7816671154325e-15,0,3.7e-11,1,0.000181,1.7653619991499e-15,-49.95258115027,-nan
383,0,0,383,3.4819197084315e-13,3.69711653534e-11,5.9887247760188e-17,-6.9078667030702e-15,0,3.7e-11,1,0.000181,1.8013187460153e-15,-50.993010290307,-nan
384,0,0,384,3.5522813871328e-13,3.7335314378952e-11,-6.5910973624872e-17,-7.0361678701293e-15,0,3.7e-11,1,0.000181,1.8379478413171e-15,-52.033813171673,-nan
385,0,0,385,3.6239473959262e-13,3.727170973826e-11,1.1512439965276e-17,-7.1666008793394e-15,0,3.7e-11,1,0.000181,1.8752605406055e-15,-53.105653296998,-nan
386,0,0,386,3.6969393539188e-13,3.7485351248936e-11,-3.8669113432366e-17,-7.2991957992571e-15,0,3.7e-11,1,0.000181,1.9132682604765e-15,-54.189799434944,-nan
387,0,0,387,3.7712791864649e-13,3.7331590053912e-11,2.7830776299247e-17,-7.4339832546147e-15,0,3.7e-11,1,0.000181,1.9519825803349e-15,-55.304001918282,-nan
388,0,0,388,3.8469891240735e-13,3.677589159193e-11,1.005814216189e-16,-7.5709937608611e-15,0,3.7e-11,1,0.000181,1.9914152441666e-15,-56.449526060806,-nan
389,0,0,389,3.9240917090244e-13,3.8082906505033e-11,-2.3656969927169e-16,-7.710258495088e-15,0,3.7e-11,1,0.000181,2.0315781623193e-15,-57.56550169106,-nan
390,0,0,390,4.0026098131412e-13,3.8292856873403e-11,-3.8001016675062e-17,-7.8518104116795e-15,0,3.7e-11,1,0.000181,2.0724834132921e-15,-58.732264330303,-nan
391,0,0,391,4.0825666182284e-13,3.7288813753016e-11,1.8173180479012e-16,-7.995680508714e-15,0,3.7e-11,1,0.000181,2.1141432455334e-15,-59.953320372337,-nan
392,0,0,392,4.1639856176116e-13,3.7933095387438e-11,-1.1661497583046e-16,-8.1418999383259e-15,0,3.7e-11,1,0.000181,2.1565700792465e-15,-61.151660668364,-nan
393,0,0,393,4.2468906421411e-13,3.8069153599808e-11,-2.462653643898e-17,-8.2905024529506e-15,0,3.7e-11,1,0.000181,2.1997765082041e-15,-62.385926147909,-nan
394,0,0,394,4.3313058467147e-13,3.67303543934e-11,2.4232265635995e-16,-8.4415204573537e-15,0,3.7e-11,1,0.000181,2.2437753015701e-15,-63.682602736488,-nan
395,0,0,395,4.4172557054813e-13,3.691741105439e-11,-3.3857255639244e-17,-8.5949858766612e-15,0,3.7e-11,1,0.000181,2.2885794057288e-15,-64.960955524456,-nan
396,0,0,396,4.5047650393502e-13,3.6836024937646e-11,1.4730887130754e-17,-8.7509333868954e-15,0,3.7e-11,1,0.000181,2.3342019461219e-15,-66.269849697075,-nan
397,0,0,397,4.5938590126853e-13,3.8001238307548e-11,-2.1090361995229e-16,-8.9093973335022e-15,0,3.7e-11,1,0.000181,2.3806562290926e-15,-67.568713921884,-nan
398,0,0,398,4.6845631419344e-13,3.7908578719386e-11,1.6771385457348e-17,-9.0704129249103e-15,0,3.7e-11,1,0.000181,2.4279557437367e-15,-68.925617656447,-nan
399,0,0,399,4.7769032771819e-13,3.7218159753036e-11,1.2496583290935e-16,-9.2340135247496e-15,0,3.7e-11,1,0.000181,2.4761141637601e-15,-70.323105988187,-nan
400,0,0,400,4.8709056085931e-13,3.7040192730341e-11,3.2212031107648e-17,-9.4002331411282e-15,0,3.7e-11,1,0.000181,2.5251453493433e-15,-71.7315642788,-nan
401,0,0,401,4.9665966845755e-13,3.7414235695462e-11,-6.7701776686758e-17,-9.5691075982362e-15,0,3.7e-11,1,0.000181,2.5750633490117e-15,-73.150319814345,-nan
402,0,0,402,5.0640034186181e-13,3.8092710143188e-11,-1.2280387503842e-16,-9.7406734042563e-15,0,3.7e-11,1,0.000181,2.6258824015122e-15,-74.586465779586,-nan
403,0,0,403,5.1631530880708e-13,3.8340141505994e-11,-4.4785076667939e-17,-9.9149669452719e-15,0,3.7e-11,1,0.000181,2.6776169376958e-15,-76.060287172539,-nan
404,0,0,404,5.264073324766e-13,3.7191446492992e-11,2.0791379735336e-16,-1.0092023669525e-14,0,3.7e-11,1,0.000181,2.7302815824048e-15,-77.598279925544,-nan
405,0,0,405,5.3667921114364e-13,3.7176216394468e-11,2.7566478328755e-18,-1.0271878667039e-14,0,3.7e-11,1,0.000181,2.7838911563663e-15,-79.132494546251,-nan
406,0,0,406,5.4713378141642e-13,3.825119891966e-11,-1.9457183705984e-16,-1.0454570272775e-14,0,3.7e-11,1,0.000181,2.8384606780903e-15,-80.664523579507,-nan
407,0,0,407,5.5777391854633e-13,3.7748283764249e-11,9.1027643129529e-17,-1.0640137129918e-14,0,3.7e-11,1,0.000181,2.8940053657719e-15,-82.266907448859,-nan
408,0,0,408,5.6860253407717e-13,3.820394528463e-11,-8.2474735189075e-17,-1.0828615530839e-14,0,3.7e-11,1,0.000181,2.9505406391989e-15,-83.871527546761,-nan
409,0,0,409,5.796225778256e-13,3.706363532985e-11,2.0639610181524e-16,-1.1020043748425e-14,0,3.7e-11,1,0.000181,3.0080821216628e-15,-85.5478661835,-nan
410,0,0,410,5.9083703655928e-13,3.7249809947523e-11,-3.3697605798788e-17,-1.1214458733686e-14,0,3.7e-11,1,0.000181,3.0666456418739e-15,-87.217384046406,-nan
411,0,0,411,6.0224893688698e-13,3.6891884101816e-11,6.4784578072951e-17,-1.1411900327693e-14,0,3.7e-11,1,0.000181,3.12624723588e-15,-88.931089422808,-nan
412,0,0,412,6.1386134456479e-13,3.7551192640925e-11,-1.1933484557877e-16,-1.1612407677811e-14,0,3.7e-11,1,0.000181,3.1869031489878e-15,-90.647241854081,-nan
413,0,0,413,6.2567736596611e-13,3.7815121098246e-11,-4.7771050775024e-17,-1.1816021401322e-14,0,3.7e-11,1,0.000181,3.248629837688e-15,-92.404483955104,-nan
414,0,0,414,6.3770014709929e-13,3.8104654637308e-11,-5.2405570570194e-17,-1.2022781133176e-14,0,3.7e-11,1,0.000181,3.3114439715823e-15,-94.191907512309,-nan
415,0,0,415,6.4993287352711e-13,3.7052455398002e-11,1.9044806231427e-16,-1.2232726427826e-14,0,3.7e-11,1,0.000181,3.375362435313e-15,-96.046943273118,-nan
416,0,0,416,6.6237876995409e-13,3.7840986887761e-11,-1.4272419964642e-16,-1.2445896426977e-14,0,3.7e-11,1,0.000181,3.4404023304941e-15,-97.884060225086,-nan
417,0,0,417,6.7504110393278e-13,3.7601844374349e-11,4.3284794927614e-17,-1.2662333978696e-14,0,3.7e-11,1,0.000181,3.5065809776443e-15,-99.781270733318,-nan
418,0,0,418,6.8792318319266e-13,3.703833457559e-11,1.0199527357536e-16,-1.2882079259872e-14,0,3.7e-11,1,0.000181,3.5739159181213e-15,-101.72006042026,-nan
419,0,0,419,7.0102835638926e-13,3.7253979382203e-11,-3.9031709996807e-17,-1.3105173196605e-14,0,3.7e-11,1,0.000181,3.6424249160564e-15,-103.67110439317,-nan
420,0,0,420,7.1436001544981e-13,3.7879914103259e-11,-1.1329418451114e-16,-1.3331659060545e-14,0,3.7e-11,1,0.000181,3.7121259602901e-15,-105.64487845261,-nan
421,0,0,421,7.2792159497902e-13,3.6964946099252e-11,1.6560920872519e-16,-1.3561579529213e-14,0,3.7e-11,1,0.000181,3.7830372663076e-15,-107.69463039197,-nan
422,0,0,422,7.4171657044931e-13,3.7733098124427e-11,-1.3903551655666e-16,-1.3794975470285e-14,0,3.7e-11,1,0.000181,3.8551772781737e-15,-109.73374342075,-nan
423,0,0,423,7.5574846246083e-13,3.8081348070251e-11,-6.3033240194142e-17,-1.4031892011527e-14,0,3.7e-11,1,0.000181,3.9285646704678e-15,-111.81958167241,-nan
424,0,0,424,7.7002083480684e-13,3.8003323978468e-11,1.4122360612619e-17,-1.4272372346006e-14,0,3.7e-11,1,0.000181,4.003218350217e-15,-113.95284950974,-nan
425,0,0,425,7.845372940102e-13,3.7882337850872e-11,2.1898489095024e-17,-1.4516459203363e-14,0,3.7e-11,1,0.000181,4.0791574588283e-15,-116.12372567705,-nan
426,0,0,426,7.9930149052517e-13,3.8074268172953e-11,-3.4739388296742e-17,-1.4764196514969e-14,0,3.7e-11,1,0.000181,4.1564013740185e-15,-118.32313692487,-nan
427,0,0,427,8.1431711998704e-13,3.862694065488e-11,-1.0003371922875e-16,-1.5015629461866e-14,0,3.7e-11,1,0.000181,4.234969711742e-15,-120.5503425009,-nan
428,0,0,428,8.2958792281795e-13,3.7426674033187e-11,2.1724825852641e-16,-1.5270802830918e-14,0,3.7e-11,1,0.000181,4.3148823281162e-15,-122.8630274478,-nan
429,0,0,429,8.4511768195922e-13,3.7687100228547e-11,-4.7137141360139e-17,-1.5529759141264e-14,0,3.7e-11,1,0.000181,4.396159321343e-15,-125.17490171985,-nan
430,0,0,430,8.6091022758528e-13,3.7408327665135e-11,5.0457833977598e-17,-1.5792545626062e-14,0,3.7e-11,1,0.000181,4.4788210336275e-15,-127.54058836462,-nan
431,0,0,431,8.7696943569758e-13,3.7873257777486e-11,-8.4152350335574e-17,-1.6059208112304e-14,0,3.7e-11,1,0.000181,4.5628880530919e-15,-129.9259931372,-nan
432,0,0,432,8.9329922968091e-13,3.8191309723005e-11,-5.7567402138919e-17,-1.6329793983325e-14,0,3.7e-11,1,0.000181,4.6483812156855e-15,-132.35577163223,-nan
433,0,0,433,9.0990357899038e-13,3.7490594235857e-11,1.2682950317385e-16,-1.6604349309472e-14,0,3.7e-11,1,0.000181,4.7353216070895e-15,-134.85408114584,-nan
434,0,0,434,9.2678649796356e-13,3.7413085614113e-11,1.4029060535672e-17,-1.6882918973184e-14,0,3.7e-11,1,0.000181,4.8237305646165e-15,-137.37714341756,-nan
435,0,0,435,9.4395204962131e-13,3.8551364847385e-11,-2.0602854122226e-16,-1.716555165775e-14,0,3.7e-11,1,0.000181,4.9136296791036e-15,-139.90954943765,-nan
436,0,0,436,9.6140434669697e-13,3.7976624142934e-11,1.0402806750557e-16,-1.745229707566e-14,0,3.7e-11,1,0.000181,5.0050407967997e-15,-142.53107028925,-nan
437,0,0,437,9.7914754728629e-13,3.8592328101243e-11,-1.114424164539e-16,-1.7743200589313e-14,0,3.7e-11,1,0.000181,5.097986021246e-15,-145.16385484545,-nan
438,0,0,438,9.9718585886282e-13,3.8081496493867e-11,9.2460520935052e-17,-1.8038311576535e-14,0,3.7e-11,1,0.000181,5.1924877151482e-15,-147.87115245594,-nan
439,0,0,439,1.0155235357447e-12,3.8004486131138e-11,1.3938875653839e-17,-1.8337676881912e-14,0,3.7e-11,1,0.000181,5.2885685022418e-15,-150.61142657235,-nan
440,0,0,440,1.0341648815451e-12,3.7982885633056e-11,3.9096901528866e-18,-1.864134580034e-14,0,3.7e-11,1,0.000181,5.3862512691486e-15,-153.3955471473,-nan
441,0,0,441,1.0531142497827e-12,3.8386345887647e-11,-7.3026306081e-17,-1.8949368237607e-14,0,3.7e-11,1,0.000181,5.4855591672242e-15,-156.21417368628,-nan
442,0,0,442,1.0723760438089e-12,3.7438623428466e-11,1.7153776511187e-16,-1.9261794026215e-14,0,3.7e-11,1,0.000181,5.5865156143961e-15,-159.11597028048,-nan
443,0,0,443,1.0919547143318e-12,3.7556113405615e-11,-2.1265685864029e-17,-1.9578670522953e-14,0,3.7e-11,1,0.000181,5.6891442969918e-15,-162.03629353523,-nan
444,0,0,444,1.1118547644172e-12,3.8057121909807e-11,-9.0682539258769e-17,-1.9900050085317e-14,0,3.7e-11,1,0.000181,5.7934691715562e-15,-164.99424001068,-nan
445,0,0,445,1.1320807495154e-12,3.8662416446012e-11,-1.0955831105305e-16,-2.0225985098232e-14,0,3.7e-11,1,0.000181,5.8995144666586e-15,-167.99803675357,-nan
446,0,0,446,1.1526372756361e-12,3.7916114851959e-11,1.3508058852354e-16,-2.0556526120692e-14,0,3.7e-11,1,0.000181,6.0073046846869e-15,-171.08771970254,-nan
447,0,0,447,1.173528997492e-12,3.8821510053495e-11,-1.6387653147793e-16,-2.0891721855958e-14,0,3.7e-11,1,0.000181,6.1168646036304e-15,-174.18281382296,-nan
448,0,0,448,1.1947606234407e-12,3.747851656154e-11,2.430818220438e-16,-2.1231625948667e-14,0,3.7e-11,1,0.000181,6.2282192788496e-15,-177.38942988548,-nan
449,0,0,449,1.2163369092484e-12,3.7353435868003e-11,2.2639605530236e-17,-2.1576285807719e-14,0,3.7e-11,1,0.000181,6.3413940448325e-15,-180.61459419984,-nan
450,0,0,450,1.2382626650727e-12,3.7758794234321e-11,-7.3369864303704e-17,-2.19257558243e-14,0,3.7e-11,1,0.000181,6.4564145169372e-15,-183.87760539291,-nan
451,0,0,451,1.2605427558677e-12,3.7983103690168e-11,-4.0600011508287e-17,-2.2280090794947e-14,0,3.7e-11,1,0.000181,6.5733065931194e-15,-187.19841930712,-nan
452,0,0,452,1.2831820998638e-12,3.9001117277925e-11,-1.8426045938396e-16,-2.2639343996121e-14,0,3.7e-11,1,0.000181,6.6920964556451e-15,-190.55142565873,-nan
453,0,0,453,1.3061856701186e-12,3.9173721300111e-11,-3.1241328015682e-17,-2.3003570254765e-14,0,3.7e-11,1,0.000181,6.8128105727875e-15,-193.98166739783,-nan
454,0,0,454,1.3295584906497e-12,3.8736030705866e-11,7.9221997558402e-17,-2.3372820531153e-14,0,3.7e-11,1,0.000181,6.9354757005076e-15,-197.48354025563,-nan
455,0,0,455,1.353305636703e-12,3.8485336365883e-11,4.5375675536858e-17,-2.3747146053233e-14,0,3.7e-11,1,0.000181,7.0601188841171e-15,-201.03625366892,-nan
456,0,0,456,1.3774322374417e-12,3.8064161194101e-11,7.6232706092468e-17,-2.4126600738728e-14,0,3.7e-11,1,0.000181,7.1867674599243e-15,-204.65023507026,-nan
457,0,0,457,1.4019434763597e-12,3.8261100198064e-11,-3.5645959717284e-17,-2.4511238918038e-14,0,3.7e-11,1,0.000181,7.3154490568615e-15,-208.30494508345,-nan
458,0,0,458,1.4268445929219e-12,3.7866663997327e-11,7.1392952333501e-17,-2.4901116562148e-14,0,3.7e-11,1,0.000181,7.4461915980932e-15,-212.03385497064,-nan
459,0,0,459,1.452140880931e-12,3.8638244345983e-11,-1.3965604310673e-16,-2.5296288009153e-14,0,3.7e-11,1,0.000181,7.5790233026049e-15,-215.79025813116,-nan
460,0,0,460,1.4778376923485e-12,3.877663117204e-11,-2.5048015516382e-17,-2.5696811417508e-14,0,3.7e-11,1,0.000181,7.7139726867713e-15,-219.62358102231,-nan
461,0,0,461,1.5039404331743e-12,3.8678586689915e-11,1.7746051264718e-17,-2.6102740825801e-14,0,3.7e-11,1,0.000181,7.8510685659041e-15,-223.52390756808,-nan
462,0,0,462,1.5304545633189e-12,3.8181680737284e-11,8.9939977426105e-17,-2.6514130144561e-14,0,3.7e-11,1,0.000181,7.9903400557775e-15,-227.49644304994,-nan
463,0,0,463,1.55738559722e-12,3.8013337469472e-11,3.0470131474034e-17,-2.6931033901097e-14,0,3.7e-11,1,0.000181,8.1318165741314e-15,-231.52235077468,-nan
464,0,0,464,1.5847391070047e-12,3.8552018537362e-11,-9.7501273288155e-17,-2.7353509784761e-14,0,3.7e-11,1,0.000181,8.2755278421521e-15,-235.59223408235,-nan
465,0,0,465,1.6125207235477e-12,3.8319815359916e-11,4.2028775117763e-17,-2.7781616542989e-14,0,3.7e-11,1,0.000181,8.4215038859291e-15,-239.74687725363,-nan
466,0,0,466,1.640736133582e-12,3.9517349784592e-11,-2.1675373086644e-16,-2.821541003423e-14,0,3.7e-11,1,0.000181,8.5697750378866e-15,-243.92765316873,-nan
467,0,0,467,1.669391084185e-12,3.9094803950885e-11,7.648079590111e-17,-2.8654950603022e-14,0,3.7e-11,1,0.000181,8.720371938191e-15,-248.21784749438,-nan
468,0,0,468,1.6984913747753e-12,3.8788652720394e-11,5.5413372718876e-17,-2.9100290590324e-14,0,3.7e-11,1,0.000181,8.8733255361322e-15,-252.57139445019,-nan
469,0,0,469,1.7280428606045e-12,3.8064509443144e-11,1.3106993318225e-16,-2.9551485829174e-14,0,3.7e-11,1,0.000181,9.0286670914775e-15,-257.0036112282,-nan
470,0,0,470,1.7580514551191e-12,3.9421679113108e-11,-2.4564771026351e-16,-3.0008594514622e-14,0,3.7e-11,1,0.000181,9.1864281757991e-15,-261.44783204414,-nan
471,0,0,471,1.7885231367237e-12,3.9477914908562e-11,-1.0178678977277e-17,-3.0471681604588e-14,0,3.7e-11,1,0.000181,9.3466406737732e-15,-265.99636167317,-nan
472,0,0,472,1.8194639386316e-12,3.9437970278566e-11,7.2299780294152e-18,-3.0940801907933e-14,0,3.7e-11,1,0.000181,9.5093367844503e-15,-270.61754009425,-nan
473,0,0,473,1.8508799492424e-12,3.8142465617054e-11,2.3448634373352e-16,-3.1416010610756e-14,0,3.7e-11,1,0.000181,9.6745490224952e-15,-275.34361101474,-nan
474,0,0,474,1.8827773115178e-12,3.8428507856504e-11,-5.1773645340377e-17,-3.1897362275405e-14,0,3.7e-11,1,0.000181,9.8423102193982e-15,-280.09881313958,-nan
475,0,0,475,1.9151622336263e-12,3.9369530482687e-11,-1.7032509533917e-16,-3.2384922108512e-14,0,3.7e-11,1,0.000181,1.0012653524653e-14,-284.90911581439,-nan
476,0,0,476,1.9480409868107e-12,3.958993072162e-11,-3.9892443246739e-17,-3.2878753184358e-14,0,3.7e-11,1,0.000181,1.0185612406906e-14,-289.81263391818,-nan
477,0,0,477,1.9814198983063e-12,3.9210090966041e-11,6.8750995759668e-17,-3.3378911495611e-14,0,3.7e-11,1,0.000181,1.0361220655068e-14,-294.80705865931,-nan
478,0,0,478,2.0153053515781e-12,3.9277178031812e-11,-1.2142758904548e-17,-3.3885453271812e-14,0,3.7e-11,1,0.000181,1.0539512379397e-14,-299.86504141471,-nan
479,0,0,479,2.0497037900149e-12,3.8482902927012e-11,1.4376379396878e-16,-3.4398438436858e-14,0,3.7e-11,1,0.000181,1.0720522012546e-14,-305.02290347695,-nan
480,0,0,480,2.0846217150256e-12,3.9334387893457e-11,-1.5411877892654e-16,-3.4917925010622e-14,0,3.7e-11,1,0.000181,1.0904284310572e-14,-310.21385557964,-nan
481,0,0,481,2.1200656943438e-12,3.9578242270569e-11,-4.4137642257118e-17,-3.5443979318253e-14,0,3.7e-11,1,0.000181,1.1090834353915e-14,-315.49978087096,-nan
482,0,0,482,2.1560423546932e-12,3.9692152835149e-11,-2.0617812189112e-17,-3.5976660349332e-14,0,3.7e-11,1,0.000181,1.1280207548334e-14,-320.86875840376,-nan
483,0,0,483,2.1925583811597e-12,3.9445337346559e-11,4.4673603434873e-17,-3.651602646654e-14,0,3.7e-11,1,0.000181,1.1472439625812e-14,-326.3280237569,-nan
484,0,0,484,2.2296205181508e-12,3.9954343618455e-11,-9.2130135213238e-17,-3.7062136991103e-14,0,3.7e-11,1,0.000181,1.1667566645417e-14,-331.84840704134,-nan
485,0,0,485,2.2672355732642e-12,3.9770248304739e-11,3.3321251782608e-17,-3.7615055113381e-14,0,3.7e-11,1,0.000181,1.1865624994127e-14,-337.47008486203,-nan
486,0,0,486,2.305410411553e-12,3.9246184219442e-11,9.4855599438812e-17,-3.8174838288829e-14,0,3.7e-11,1,0.000181,1.2066651387615e-14,-343.18453818266,-nan
487,0,0,487,2.3441519578556e-12,4.0076941817157e-11,-1.5036712518643e-16,-3.874154630255e-14,0,3.7e-11,1,0.000181,1.2270682870992e-14,-348.94699587676,-nan
488,0,0,488,2.3834672040165e-12,4.0146252954284e-11,-1.2545315819996e-17,-3.9315246160961e-14,0,3.7e-11,1,0.000181,1.2477756819511e-14,-354.81569840702,-nan
489,0,0,489,2.4233631986499e-12,3.892547594926e-11,2.2096063790942e-16,-3.9895994633433e-14,0,3.7e-11,1,0.000181,1.2687910939221e-14,-360.80598588967,-nan
490,0,0,490,2.4638470462153e-12,4.0055544913566e-11,-2.0454248253944e-16,-4.0483847565348e-14,0,3.7e-11,1,0.000181,1.290118326759e-14,-366.82051554217,-nan
491,0,0,491,2.5049259210435e-12,3.897088518918e-11,1.9632341011387e-16,-4.1078874828253e-14,0,3.7e-11,1,0.000181,1.3117612174072e-14,-372.98375254955,-nan
492,0,0,492,2.5466070516016e-12,3.967523567455e-11,-1.2748743785197e-16,-4.1681130558044e-14,0,3.7e-11,1,0.000181,1.3337236360637e-14,-379.18856711132,-nan
493,0,0,493,2.5888977328171e-12,3.8814034942716e-11,1.5587733246183e-16,-4.2290681215505e-14,0,3.7e-11,1,0.000181,1.3560094862248e-14,-385.52671233276,-nan
494,0,0,494,2.6318053157517e-12,3.9087519862954e-11,-4.9500770562919e-17,-4.2907582934558e-14,0,3.7e-11,1,0.000181,1.3786227047302e-14,-391.92630650388,-nan
495,0,0,495,2.6753372185461e-12,3.99636578731e-11,-1.5858097983657e-16,-4.3531902794407e-14,0,3.7e-11,1,0.000181,1.4015672618011e-14,-398.40283656429,-nan
496,0,0,496,2.719500924066e-12,3.9266206124377e-11,1.2623876651887e-16,-4.4163705519924e-14,0,3.7e-11,1,0.000181,1.4248471610741e-14,-405.01623723421,-nan
497,0,0,497,2.7643039692572e-12,3.967783294155e-11,-7.450445390816e-17,-4.4803045191239e-14,0,3.7e-11,1,0.000181,1.4484664396302e-14,-411.69512938552,-nan
498,0,0,498,2.8097539568585e-12,3.9774040740161e-11,-1.7413611548631e-17,-4.54499876013e-14,0,3.7e-11,1,0.000181,1.4724291680188e-14,-418.47914819838,-nan
499,0,0,499,2.8558585502333e-12,3.9450070549411e-11,5.8638604525757e-17,-4.6104593374782e-14,0,3.7e-11,1,0.000181,1.4967394502761e-14,-425.37226929429,-nan
500,0,0,500,2.902625472337e-12,3.9958709211156e-11,-9.2063597775952e-17,-4.6766922103649e-14,0,3.7e-11,1,0.000181,1.521401423939e-14,-432.34178676568,-nan
501,0,0,501,2.9500625108434e-12,3.9355716101793e-11,1.0914175279482e-16,-4.7437038506462e-14,0,3.7e-11,1,0.000181,1.5464192600528e-14,-439.4414105165,-nan
502,0,0,502,2.9981775122281e-12,4.0789072813245e-11,-2.5943756477294e-16,-4.8115001384665e-14,0,3.7e-11,1,0.000181,1.5717971631749e-14,-446.58723160354,-nan
503,0,0,503,3.0469783943819e-12,4.0589595891206e-11,3.610532288908e-17,-4.8800882153784e-14,0,3.7e-11,1,0.000181,1.5975393713714e-14,-453.87959945133,-nan
504,0,0,504,3.0964731296292e-12,4.0921945981051e-11,-6.0155366261811e-17,-4.949473524733e-14,0,3.7e-11,1,0.000181,1.6236501562094e-14,-461.26120015031,-nan
505,0,0,505,3.1466697518307e-12,4.0729304618118e-11,3.4868086690833e-17,-5.01966222015e-14,0,3.7e-11,1,0.000181,1.6501338227431e-14,-468.7617959825,-nan
506,0,0,506,3.1975763534662e-12,4.0597036007318e-11,2.3940618554698e-17,-5.0906601635527e-14,0,3.7e-11,1,0.000181,1.6769947094941e-14,-476.3667746676,-nan
507,0,0,507,3.2492010885237e-12,4.081462465893e-11,-3.9383545941749e-17,-5.1624735057445e-14,0,3.7e-11,1,0.000181,1.7042371884264e-14,-484.06952985821,-nan
508,0,0,508,3.3015521723727e-12,3.9633041162643e-11,2.1386661282792e-16,-5.2351083849018e-14,0,3.7e-11,1,0.000181,1.7318656649145e-14,-491.91855934333,-nan
509,0,0,509,3.3546378763628e-12,4.1100525569322e-11,-2.6561467760881e-16,-5.3085703990073e-14,0,3.7e-11,1,0.000181,1.7598845777069e-14,-499.80568631249,-nan
510,0,0,510,3.4084665493059e-12,4.1440266852475e-11,-6.1493172250748e-17,-5.3828672943115e-14,0,3.7e-11,1,0.000181,1.788298398882e-14,-507.83423338892,-nan
511,0,0,511,3.4630465942835e-12,4.0276551906987e-11,2.1063240513325e-16,-5.4580044977589e-14,0,3.7e-11,1,0.000181,1.8171116337989e-14,-516.01560973396,-nan
512,0,0,512,3.518386461848e-12,3.9841321443858e-11,7.8776713826375e-17,-5.5339867564555e-14,0,3.7e-11,1,0.000181,1.8463288210414e-14,-524.29075446718,-nan
513,0,0,513,3.5744946683564e-12,4.0479516916859e-11,-1.1551338061308e-16,-5.6108206508333e-14,0,3.7e-11,1,0.000181,1.875954532356e-14,-532.65161651402,-nan
514,0,0,514,3.6313797996644e-12,4.0266680128366e-11,3.8523458717213e-17,-5.6885131308092e-14,0,3.7e-11,1,0.000181,1.9059933725827e-14,-541.1514903033,-nan
515,0,0,515,3.6890504968874e-12,4.001411195159e-11,4.5714839996401e-17,-5.7670697222911e-14,0,3.7e-11,1,0.000181,1.9364499795804e-14,-549.7697390808,-nan
516,0,0,516,3.7475154605869e-12,4.0425024778851e-11,-7.4375221734257e-17,-5.8464963699582e-14,0,3.7e-11,1,0.000181,1.9673290241446e-14,-558.48865627922,-nan
517,0,0,517,3.8067834584242e-12,4.1321031356132e-11,-1.6217719048776e-16,-5.9267997837277e-14,0,3.7e-11,1,0.000181,1.9986352099188e-14,-567.31437236804,-nan
518,0,0,518,3.8668633197689e-12,4.0352193490251e-11,1.7535965372448e-16,-6.0079861344718e-14,0,3.7e-11,1,0.000181,2.0303732732993e-14,-576.31171759701,-nan
519,0,0,519,3.9277639227779e-12,4.1642068571481e-11,-2.3346738970272e-16,-6.0900603008921e-14,0,3.7e-11,1,0.000181,2.0625479833328e-14,-585.37057016073,-nan
520,0,0,520,3.9894942169675e-12,4.0771381442242e-11,1.5759437039237e-16,-6.1730294189638e-14,0,3.7e-11,1,0.000181,2.0951641416069e-14,-594.61170627541,-nan
521,0,0,521,4.052063198833e-12,4.1163269620638e-11,-7.0931760289813e-17,-6.256898186551e-14,0,3.7e-11,1,0.000181,2.1282265821338e-14,-603.94395207282,-nan
522,0,0,522,4.115479931777e-12,4.189910993476e-11,-1.3318709685595e-16,-6.3416732943969e-14,0,3.7e-11,1,0.000181,2.1617401712267e-14,-613.39348855887,-nan
523,0,0,523,4.1797535421375e-12,4.1639081644451e-11,4.706512054582e-17,-6.4273610360516e-14,0,3.7e-11,1,0.000181,2.195709807369e-14,-622.99788985514,-nan
524,0,0,524,4.2448932036962e-12,4.0613700596003e-11,1.8559396976918e-16,-6.5139661558739e-14,0,3.7e-11,1,0.000181,2.2301404210759e-14,-632.7522956381,-nan
525,0,0,525,4.3109081419268e-12,4.1168496465748e-11,-1.0041805242388e-16,-6.60149382306e-14,0,3.7e-11,1,0.000181,2.2650369747488e-14,-642.59469076699,-nan
526,0,0,526,4.3778076522588e-12,4.0883709725915e-11,5.1546399909845e-17,-6.6899510331936e-14,0,3.7e-11,1,0.000181,2.300404462522e-14,-652.59186214699,-nan
527,0,0,527,4.445601087256e-12,4.220885528678e-11,-2.3985134651664e-16,-6.7793434997195e-14,0,3.7e-11,1,0.000181,2.3362479101023e-14,-662.67900320278,-nan
528,0,0,528,4.5142978686561e-12,4.2320340295162e-11,-2.0178786517108e-17,-6.869678140019e-14,0,3.7e-11,1,0.000181,2.3725723745998e-14,-672.93383411419,-nan
529,0,0,529,4.5839074627173e-12,4.1059935986941e-11,2.2813317978802e-16,-6.9609594061195e-14,0,3.7e-11,1,0.000181,2.4093829443522e-14,-683.36204484153,-nan
530,0,0,530,4.6544393770768e-12,4.1058757443047e-11,2.1331644469266e-19,-7.0531914359458e-14,0,3.7e-11,1,0.000181,2.44668473874e-14,-693.89394385241,-nan
531,0,0,531,4.7259031857222e-12,4.1129922520656e-11,-1.2880879047244e-17,-7.1463808645372e-14,0,3.7e-11,1,0.000181,2.484482907995e-14,-704.5630386361,-nan
532,0,0,532,4.7983085245991e-12,4.1863401848708e-11,-1.3275975837726e-16,-7.2405338876885e-14,0,3.7e-11,1,0.000181,2.5227826329993e-14,-715.35482288554,-nan
533,0,0,533,4.8716650909415e-12,4.1895477114795e-11,-5.8056231617485e-18,-7.3356566342411e-14,0,3.7e-11,1,0.000181,2.5615891250775e-14,-726.30760184914,-nan
534,0,0,534,4.9459826327043e-12,4.2576975977879e-11,-1.2335129421824e-16,-7.4317541762783e-14,0,3.7e-11,1,0.000181,2.6009076257801e-14,-737.38632224164,-nan
535,0,0,535,5.0212709525268e-12,4.1390078702084e-11,2.1482840691878e-16,-7.5288319822575e-14,0,3.7e-11,1,0.000181,2.640743406658e-14,-748.660496981,-nan
536,0,0,536,5.097539893109e-12,4.2415331768958e-11,-1.8557080510413e-16,-7.6268940582165e-14,0,3.7e-11,1,0.000181,2.68110176903e-14,-760.02131074493,-nan
537,0,0,537,5.174799370659e-12,4.2943884435877e-11,-9.5668032712244e-17,-7.7259477549986e-14,0,3.7e-11,1,0.000181,2.7219880437403e-14,-771.54345640975,-nan
538,0,0,538,5.2530593498712e-12,4.1718356260199e-11,2.2182059979764e-16,-7.8259979212205e-14,0,3.7e-11,1,0.000181,2.7634075909087e-14,-783.26240516471,-nan
539,0,0,539,5.3323298291054e-12,4.2037581299958e-11,-5.777973219637e-17,-7.927047923424e-14,0,3.7e-11,1,0.000181,2.8053657996715e-14,-795.09049229358,-nan
540,0,0,540,5.4126208760593e-12,4.3334398296581e-11,-2.3472387638878e-16,-8.0291046953909e-14,0,3.7e-11,1,0.000181,2.8478680879136e-14,-807.04454979359,-nan
541,0,0,541,5.4939426199869e-12,4.2196914746844e-11,2.0588452250247e-16,-8.132174392758e-14,0,3.7e-11,1,0.000181,2.8909199019923e-14,-819.21830348182,-nan
542,0,0,542,5.576305218193e-12,4.284895517366e-11,-1.1801931725377e-16,-8.2362598206112e-14,0,3.7e-11,1,0.000181,2.9345267164517e-14,-831.49911263351,-nan
543,0,0,543,5.6597188931064e-12,4.3147440403037e-11,-5.4025826517278e-17,-8.3413674913414e-14,0,3.7e-11,1,0.000181,2.9786940337287e-14,-843.94642472652,-nan
544,0,0,544,5.7441939168998e-12,4.3001772713641e-11,2.6365851780717e-17,-8.4475023793394e-14,0,3.7e-11,1,0.000181,3.0234273838493e-14,-856.56422219481,-nan
545,0,0,545,5.8297406049136e-12,4.3191796614831e-11,-3.4394326115331e-17,-8.5546688013736e-14,0,3.7e-11,1,0.000181,3.0687323241163e-14,-869.33296845248,-nan
546,0,0,546,5.9163693256368e-12,4.3738440292228e-11,-9.8942505608964e-17,-8.6628720723262e-14,0,3.7e-11,1,0.000181,3.1146144387879e-14,-882.25364610183,-nan
547,0,0,547,6.004090496715e-12,4.2810640185962e-11,1.6793181923415e-16,-8.7721171078181e-14,0,3.7e-11,1,0.000181,3.1610793387462e-14,-895.37729891613,-nan
548,0,0,548,6.092914568935e-12,4.3490410474884e-11,-1.2303842229481e-16,-8.8824072219962e-14,0,3.7e-11,1,0.000181,3.2081326611577e-14,-908.62218973257,-nan
549,0,0,549,6.1828520525584e-12,4.2716612873703e-11,1.4005736581367e-16,-8.9937483623394e-14,0,3.7e-11,1,0.000181,3.2557800691231e-14,-922.07262141679,-nan
550,0,0,550,6.2739134940962e-12,4.3541678213023e-11,-1.4933682641681e-16,-9.1061441537803e-14,0,3.7e-11,1,0.000181,3.3040272513184e-14,-935.64767064949,-nan
551,0,0,551,6.3661095018346e-12,4.3765220921035e-11,-4.0461230150275e-17,-9.2196007738451e-14,0,3.7e-11,1,0.000181,3.3528799216265e-14,-949.40839134656,-nan
552,0,0,552,6.4594507270019e-12,4.4303802704144e-11,-9.7483302742763e-17,-9.3341225167277e-14,0,3.7e-11,1,0.000181,3.4023438187584e-14,-963.33160201769,-nan
553,0,0,553,6.5539478600048e-12,4.2937746902425e-11,2.4725610011123e-16,-9.4497133002936e-14,0,3.7e-11,1,0.000181,3.4524247058656e-14,-977.47889022181,-nan
554,0,0,554,6.6496116134431e-12,4.3612005875674e-11,-1.2204087415812e-16,-9.5663753438315e-14,0,3.7e-11,1,0.000181,3.5031283701423e-14,-991.74523523662,-nan
555,0,0,555,6.7464527693104e-12,4.4800425384795e-11,-2.1510393115089e-16,-9.684115586721e-14,0,3.7e-11,1,0.000181,3.5544606224181e-14,-1006.1734944476,-nan
556,0,0,556,6.8444821641343e-12,4.4995262609106e-11,-3.5265537600314e-17,-9.8029394823989e-14,0,3.7e-11,1,0.000181,3.6064272967402e-14,-1020.8060357775,-nan
557,0,0,557,6.9437106576666e-12,4.430093942316e-11,1.2567249665637e-16,-9.9228493532224e-14,0,3.7e-11,1,0.000181,3.6590342499465e-14,-1035.641658598,-nan
558,0,0,558,7.0441491301712e-12,4.3528175695519e-11,1.3987023470302e-16,-1.004384725046e-13,0,3.7e-11,1,0.000181,3.7122873612277e-14,-1050.6600762088,-nan
559,0,0,559,7.1458085024872e-12,4.4385798321182e-11,-1.5522969524513e-16,-1.0165937231599e-13,0,3.7e-11,1,0.000181,3.7661925316806e-14,-1065.8167348053,-nan
560,0,0,560,7.24869976085e-12,4.512096374146e-11,-1.3306494107035e-16,-1.0289125836281e-13,0,3.7e-11,1,0.000181,3.8207556838501e-14,-1081.1606490089,-nan
561,0,0,561,7.3528339263873e-12,4.4102124118978e-11,1.8440997166938e-16,-1.0413416553735e-13,0,3.7e-11,1,0.000181,3.8759827612614e-14,-1096.7375603885,-nan
562,0,0,562,7.4582220301003e-12,4.4230779978691e-11,-2.328671060807e-17,-1.0538810371296e-13,0,3.7e-11,1,0.000181,3.9318797279427e-14,-1112.4706971665,-nan
563,0,0,563,7.5648751531603e-12,4.4827981077548e-11,-1.0809339889317e-16,-1.0665312306002e-13,0,3.7e-11,1,0.000181,3.9884525679363e-14,-1128.3800639966,-nan
564,0,0,564,7.6728044212396e-12,4.4581346179421e-11,4.4640916560972e-17,-1.0792926807927e-13,0,3.7e-11,1,0.000181,4.0457072848004e-14,-1144.5027919339,-nan
565,0,0,565,7.7820209792969e-12,4.4145992819728e-11,7.8798958104402e-17,-1.0921655805728e-13,0,3.7e-11,1,0.000181,4.1036499010999e-14,-1160.8228392708,-nan
566,0,0,566,7.8925360045211e-12,4.5253114240626e-11,-2.003889771824e-16,-1.1051502522424e-13,0,3.7e-11,1,0.000181,4.1622864578873e-14,-1177.2950859853,-nan
567,0,0,567,8.0043607328797e-12,4.605372161564e-11,-1.449099348777e-16,-1.1182472835865e-13,0,3.7e-11,1,0.000181,4.2216230141727e-14,-1193.9711825097,-nan
568,0,0,568,8.1175064273696e-12,4.5699476964411e-11,6.4118281872499e-17,-1.1314569448987e-13,0,3.7e-11,1,0.000181,4.2816656463834e-14,-1210.8757386948,-nan
569,0,0,569,8.2319843578269e-12,4.5571703247746e-11,2.3127042716393e-17,-1.1447793045725e-13,0,3.7e-11,1,0.000181,4.3424204478127e-14,-1227.9731043063,-nan
570,0,0,570,8.3478058179767e-12,4.4789155751798e-11,1.4164109676664e-16,-1.158214601498e-13,0,3.7e-11,1,0.000181,4.4038935280588e-14,-1245.2887831545,-nan
571,0,0,571,8.4649821234418e-12,4.5362775178333e-11,-1.0382511620296e-16,-1.1717630546514e-13,0,3.7e-11,1,0.000181,4.4660910124518e-14,-1262.7701151463,-nan
572,0,0,572,8.5835246374137e-12,4.5365719377584e-11,-5.3290006427793e-19,-1.1854251397187e-13,0,3.7e-11,1,0.000181,4.5290190414715e-14,-1280.4708738549,-nan
573,0,0,573,8.7034447450175e-12,4.5659327034664e-11,-5.3142985931612e-17,-1.1992010760387e-13,0,3.7e-11,1,0.000181,4.5926837701533e-14,-1298.3694798901,-nan
574,0,0,574,8.8247538606232e-12,4.6322474008499e-11,-1.200296022641e-16,-1.2130911560568e-13,0,3.7e-11,1,0.000181,4.6570913674836e-14,-1316.4655058724,-nan
575,0,0,575,8.9474634235728e-12,4.5574114434702e-11,1.3545308285719e-16,-1.2270956294956e-13,0,3.7e-11,1,0.000181,4.7222480157849e-14,-1334.8087963058,-nan
576,0,0,576,9.0715848793662e-12,4.719098276397e-11,-2.9265316759745e-16,-1.2412145579347e-13,0,3.7e-11,1,0.000181,4.7881599100895e-14,-1353.2989863351,-nan
577,0,0,577,9.1971297310768e-12,4.7461940294787e-11,-4.9043313077796e-17,-1.2554485171059e-13,0,3.7e-11,1,0.000181,4.8548332575026e-14,-1372.0380946519,-nan
578,0,0,578,9.3241094837043e-12,4.7502430385126e-11,-7.3287063513762e-18,-1.269797526275e-13,0,3.7e-11,1,0.000181,4.9222742765544e-14,-1390.9976920718,-nan
579,0,0,579,9.4525356440323e-12,4.6851454290466e-11,1.178266731334e-16,-1.2842616032799e-13,0,3.7e-11,1,0.000181,4.9904891965414e-14,-1410.1919562201,-nan
580,0,0,580,9.5824197213692e-12,4.6706781932861e-11,2.6185696726568e-17,-1.2988407733687e-13,0,3.7e-11,1,0.000181,5.0594842568567e-14,-1429.5902335134,-nan
581,0,0,581,9.7137732499981e-12,4.6901610321466e-11,-3.5263938337624e-17,-1.3135352862895e-13,0,3.7e-11,1,0.000181,5.1292657063093e-14,-1449.1987544468,-nan
582,0,0,582,9.846607791956e-12,4.7541510588222e-11,-1.1582194828282e-16,-1.3283454195789e-13,0,3.7e-11,1,0.000181,5.1998398024327e-14,-1469.0163921964,-nan
583,0,0,583,9.9809349293652e-12,4.7230535822096e-11,5.6286432668797e-17,-1.3432713740918e-13,0,3.7e-11,1,0.000181,5.2712128107822e-14,-1489.0826045067,-nan
584,0,0,584,1.0116766240065e-11,4.7610771492625e-11,-6.8822656365726e-17,-1.3583131069966e-13,0,3.7e-11,1,0.000181,5.3433910042211e-14,-1509.354739499,-nan
585,0,0,585,1.0254113319116e-11,4.7313925985043e-11,5.3729036872432e-17,-1.3734707905089e-13,0,3.7e-11,1,0.000181,5.4163806621965e-14,-1529.8715094091,-nan
586,0,0,586,1.039298776183e-11,4.7643255097165e-11,-5.9608569294138e-17,-1.3887444271376e-13,0,3.7e-11,1,0.000181,5.4901880700035e-14,-1550.599422526,-nan
587,0,0,587,1.0533401179404e-11,4.7492666934913e-11,2.7256457367575e-17,-1.4041341757401e-13,0,3.7e-11,1,0.000181,5.5648195180384e-14,-1571.5701070163,-nan
588,0,0,588,1.0675365185106e-11,4.800814867567e-11,-9.3302195077031e-17,-1.4196400570228e-13,0,3.7e-11,1,0.000181,5.6402813010414e-14,-1592.7543243535,-nan
589,0,0,589,1.0818891408337e-11,4.8112386367481e-11,-1.8867022217706e-17,-1.4352622323164e-13,0,3.7e-11,1,0.000181,5.7165797173276e-14,-1614.18292764,-nan
590,0,0,590,1.0963991474693e-11,4.8107142627973e-11,9.4911685098546e-19,-1.4510006635544e-13,0,3.7e-11,1,0.000181,5.7937210680075e-14,-1635.8494970699,-nan
591,0,0,591,1.1110677004379e-11,4.7883735052798e-11,4.0436771106697e-17,-1.4668552968584e-13,0,3.7e-11,1,0.000181,5.8717116561963e-14,-1657.7587051417,-nan
592,0,0,592,1.1258959620288e-11,4.9022122117182e-11,-2.0604805865363e-16,-1.482826159092e-13,0,3.7e-11,1,0.000181,5.950557786212e-14,-1679.8695858123,-nan
593,0,0,593,1.1408850965687e-11,4.8108872903225e-11,1.6529810772629e-16,-1.4989134539913e-13,0,3.7e-11,1,0.000181,6.0302657627626e-14,-1702.2761325506,-nan
594,0,0,594,1.1560362640711e-11,4.8196536827409e-11,-1.5867170277425e-17,-1.5151167502354e-13,0,3.7e-11,1,0.000181,6.1108418901228e-14,-1724.8975761602,-nan
595,0,0,595,1.1713506264397e-11,4.9697513832465e-11,-2.7167683791496e-16,-1.5314362368628e-13,0,3.7e-11,1,0.000181,6.1922924712987e-14,-1747.7245056582,-nan
596,0,0,596,1.1868293483994e-11,4.9338347856569e-11,6.5009041637025e-17,-1.5478721959716e-13,0,3.7e-11,1,0.000181,6.2746238071827e-14,-1770.8471320042,-nan
597,0,0,597,1.2024735904222e-11,5.0054016005685e-11,-1.2953593499001e-16,-1.5644242022749e-13,0,3.7e-11,1,0.000181,6.3578421956965e-14,-1794.187864316,-nan
598,0,0,598,1.2182845125846e-11,4.9028607721684e-11,1.8559889940433e-16,-1.5810922162429e-13,0,3.7e-11,1,0.000181,6.4419539309237e-14,-1817.8245405179,-nan
599,0,0,599,1.2342632701705e-11,4.8885422774635e-11,2.5916475415875e-17,-1.5978757585943e-13,0,3.7e-11,1,0.000181,6.5269653022316e-14,-1841.6879856926,-nan
600,0,0,600,1.2504110195713e-11,5.0173330817159e-11,-2.3311135569684e-16,-1.614774940078e-13,0,3.7e-11,1,0.000181,6.6128825933814e-14,-1865.7650922555,-nan
601,0,0,601,1.26672891972e-11,5.0085711317496e-11,1.5859129438945e-17,-1.6317900148682e-13,0,3.7e-11,1,0.000181,6.6997120816287e-14,-1890.1334453414,-nan
602,0,0,602,1.2832181246466e-11,4.9692134084946e-11,7.1237479091544e-17,-1.6489204926636e-13,0,3.7e-11,1,0.000181,6.7874600368125e-14,-1914.7658608626,-nan
603,0,0,603,1.2998797857125e-11,5.0725113006492e-11,-1.8696918479975e-16,-1.6661661065915e-13,0,3.7e-11,1,0.000181,6.8761327204331e-14,-1939.617233339,-nan
604,0,0,604,1.3167150550787e-11,4.9844703661734e-11,1.5935409140117e-16,-1.6835269366153e-13,0,3.7e-11,1,0.000181,6.9657363847202e-14,-1964.7795519522,-nan
605,0,0,605,1.3337250789843e-11,5.0403525832497e-11,-1.0114681290823e-16,-1.7010023905576e-13,0,3.7e-11,1,0.000181,7.0562772716898e-14,-1990.163916928,-nan
606,0,0,606,1.3509110044314e-11,5.0923754526654e-11,-9.4161393642321e-17,-1.7185925447119e-13,0,3.7e-11,1,0.000181,7.1477616121904e-14,-2015.8119821927,-nan
607,0,0,607,1.3682739772697e-11,5.1735503227947e-11,-1.4692651493403e-16,-1.7362972838325e-13,0,3.7e-11,1,0.000181,7.2401956249387e-14,-2041.7165367497,-nan
608,0,0,608,1.3858151404427e-11,5.104817717199e-11,1.2440601612822e-16,-1.7541163172974e-13,0,3.7e-11,1,0.000181,7.3335855155451e-14,-2067.9276817021,-nan
609,0,0,609,1.4035356303725e-11,5.1635627953047e-11,-1.0632859137127e-16,-1.7720489929795e-13,0,3.7e-11,1,0.000181,7.4279374755284e-14,-2094.372145,-nan
610,0,0,610,1.4214365832747e-11,5.1937671219134e-11,-5.4669831161796e-17,-1.7900952902254e-13,0,3.7e-11,1,0.000181,7.5232576813201e-14,-2121.0937903922,-nan
611,0,0,611,1.4395191321877e-11,5.2109155879461e-11,-3.1038723519191e-17,-1.8082548913003e-13,0,3.7e-11,1,0.000181,7.6195522932582e-14,-2148.0901246324,-nan
612,0,0,612,1.4577844055274e-11,5.1653984255923e-11,8.2386063860393e-17,-1.826527333967e-13,0,3.7e-11,1,0.000181,7.7168274545713e-14,-2175.3762407233,-nan
613,0,0,613,1.4762335260617e-11,5.1518036512055e-11,2.4606541640022e-17,-1.8449120534322e-13,0,3.7e-11,1,0.000181,7.8150892903521e-14,-2202.9282508599,-nan
614,0,0,614,1.494867613632e-11,5.1738117526015e-11,-3.9834663526746e-17,-1.8634087570269e-13,0,3.7e-11,1,0.000181,7.9143439065206e-14,-2230.7468324694,-nan
615,0,0,615,1.5136877867278e-11,5.3129624757838e-11,-2.5186280895985e-16,-1.8820173095823e-13,0,3.7e-11,1,0.000181,8.0145973887772e-14,-2258.811617918,-nan
616,0,0,616,1.5326951634388e-11,5.3533881850592e-11,-7.3170533788518e-17,-1.9007376710959e-13,0,3.7e-11,1,0.000181,8.1158558015467e-14,-2287.1826193479,-nan
617,0,0,617,1.5518908542628e-11,5.3141860852908e-11,7.0955800580742e-17,-1.9195690824007e-13,0,3.7e-11,1,0.000181,8.2181251869111e-14,-2315.8563335543,-nan
618,0,0,618,1.5712759624975e-11,5.406779009934e-11,-1.6759319360407e-16,-1.9385108234729e-13,0,3.7e-11,1,0.000181,8.3214115635335e-14,-2344.7772666817,-nan
619,0,0,619,1.5908515897971e-11,5.3780313628429e-11,5.203324123478e-17,-1.9575627299617e-13,0,3.7e-11,1,0.000181,8.4257209255717e-14,-2374.0154787524,-nan
620,0,0,620,1.6106188294912e-11,5.3513985276764e-11,4.8205431651342e-17,-1.9767239694063e-13,0,3.7e-11,1,0.000181,8.5310592415828e-14,-2403.5392360127,-nan
621,0,0,621,1.630578769706e-11,5.435190480511e-11,-1.5166343463059e-16,-1.9959940214761e-13,0,3.7e-11,1,0.000181,8.6374324534176e-14,-2433.3208902926,-nan
622,0,0,622,1.6507324960702e-11,5.367956784474e-11,1.2169298982702e-16,-2.015372636426e-13,0,3.7e-11,1,0.000181,8.7448464751059e-14,-2463.4327249399,-nan
623,0,0,623,1.6710810857437e-11,5.5040325263848e-11,-2.4629709285853e-16,-2.0348589673459e-13,0,3.7e-11,1,0.000181,8.8533071917323e-14,-2493.7805821359,-nan
624,0,0,624,1.6916256148493e-11,5.4470356532107e-11,1.0316434044507e-16,-2.0544529105613e-13,0,3.7e-11,1,0.000181,8.9628204583029e-14,-2524.4731990385,-nan
625,0,0,625,1.7123671489705e-11,5.512489073909e-11,-1.1847069146402e-16,-2.0741534121174e-13,0,3.7e-11,1,0.000181,9.0733920986029e-14,-2555.4268903212,-nan
626,0,0,626,1.7333067494643e-11,5.4733370827406e-11,7.0865104014897e-17,-2.0939600493861e-13,0,3.7e-11,1,0.000181,9.1850279040448e-14,-2586.7046072157,-nan
627,0,0,627,1.7544454687937e-11,5.4963375107803e-11,-4.163077475184e-17,-2.1138719329362e-13,0,3.7e-11,1,0.000181,9.2977336325083e-14,-2618.2628515817,-nan
628,0,0,628,1.7757843545841e-11,5.5478360306999e-11,-9.3212321054441e-17,-2.1338885790396e-13,0,3.7e-11,1,0.000181,9.4115150071707e-14,-2650.1122835038,-nan
629,0,0,629,1.7973244490681e-11,5.5600510323641e-11,-2.2109153012219e-17,-2.1540094484047e-13,0,3.7e-11,1,0.000181,9.5263777153296e-14,-2682.2727786043,-nan
630,0,0,630,1.8190667865329e-11,5.6195307038741e-11,-1.0765820543313e-16,-2.1742337464812e-13,0,3.7e-11,1,0.000181,9.6423274072156e-14,-2714.7224898843,-nan
631,0,0,631,1.8410123949261e-11,5.6149913349943e-11,8.2162576724882e-18,-2.1945608393142e-13,0,3.7e-11,1,0.000181,9.7593696947983e-14,-2747.4930289599,-nan
632,0,0,632,1.863162292985e-11,5.6661919216741e-11,-9.2673061890518e-17,-2.2149898058877e-13,0,3.7e-11,1,0.000181,9.8775101505827e-14,-2780.5535497195,-nan
633,0,0,633,1.8855174933028e-11,5.6993364325484e-11,-5.9991564682526e-17,-2.2355200317879e-13,0,3.7e-11,1,0.000181,9.9967543063982e-14,-2813.9255090467,-nan
634,0,0,634,1.9080790003492e-11,5.7329619196871e-11,-6.0862131721063e-17,-2.2561507046331e-13,0,3.7e-11,1,0.000181,1.0117107652179e-13,-2847.6053968071,-nan
635,0,0,635,1.9308478087562e-11,5.6398985530908e-11,1.6844469353937e-16,-2.2768808406982e-13,0,3.7e-11,1,0.000181,1.0238575634738e-13,-2881.6290684158,-nan
636,0,0,636,1.9538249002482e-11,5.6738120344267e-11,-6.1383401218014e-17,-2.297709149207e-13,0,3.7e-11,1,0.000181,1.0361163656529e-13,-2915.9294314917,-nan
637,0,0,637,1.9770112533065e-11,5.7898479029001e-11,-2.1002492193675e-16,-2.3186353058305e-13,0,3.7e-11,1,0.000181,1.048487707441e-13,-2950.5200699359,-nan
638,0,0,638,2.0004078411574e-11,5.7532599655274e-11,6.6224166644487e-17,-2.3396587850897e-13,0,3.7e-11,1,0.000181,1.0609721198386e-13,-2985.4658818929,-nan
639,0,0,639,2.0240156233923e-11,5.8681430174543e-11,-2.0793832398772e-16,-2.3607782234855e-13,0,3.7e-11,1,0.000181,1.073570129036e-13,-3020.6861124475,-nan
640,0,0,640,2.0478355537747e-11,5.8158416033162e-11,9.4665559589991e-17,-2.3819930382458e-13,0,3.7e-11,1,0.000181,1.086282256286e-13,-3056.2683088615,-nan
641,0,0,641,2.0718685720777e-11,5.9231003525627e-11,-1.9413833613603e-16,-2.4033018302982e-13,0,3.7e-11,1,0.000181,1.0991090177777e-13,-3092.1255650499,-nan
642,0,0,642,2.0961156118724e-11,5.8476642706779e-11,1.3653930821135e-16,-2.4247039794638e-13,0,3.7e-11,1,0.000181,1.1120509245081e-13,-3128.3517763765,-nan
643,0,0,643,2.1205775913596e-11,5.9248793517916e-11,-1.3975929681568e-16,-2.4461979487257e-13,0,3.7e-11,1,0.000181,1.1251084821537e-13,-3164.8576798521,-nan
644,0,0,644,2.1452554240732e-11,6.0133018573623e-11,-1.6004473508295e-16,-2.4677832713585e-13,0,3.7e-11,1,0.000181,1.1382821909418e-13,-3201.6828676079,-nan
645,0,0,645,2.1701500140853e-11,5.9831821682755e-11,5.4516637247161e-17,-2.4894590012103e-13,0,3.7e-11,1,0.000181,1.1515725455205e-13,-3238.8637570746,-nan
646,0,0,646,2.1952622498923e-11,6.0467000026525e-11,-1.1496728022246e-16,-2.5112235806986e-13,0,3.7e-11,1,0.000181,1.1649800348283e-13,-3276.3443290904,-nan
647,0,0,647,2.2205930104783e-11,5.9680021345687e-11,1.4244314123176e-16,-2.5330760586001e-13,0,3.7e-11,1,0.000181,1.1785051419637e-13,-3314.1896402747,-nan
648,0,0,648,2.246143158402e-11,5.9836129498568e-11,-2.8255575671465e-17,-2.5550147923698e-13,0,3.7e-11,1,0.000181,1.1921483440531e-13,-3352.3370530955,-nan
649,0,0,649,2.2719135484185e-11,6.0421975902413e-11,-1.0603819909591e-16,-2.5770390016482e-13,0,3.7e-11,1,0.000181,1.2059101121192e-13,-3390.8017181643,-nan
650,0,0,650,2.2979050277283e-11,6.1407107494404e-11,-1.7830881815047e-16,-2.5991479309797e-13,0,3.7e-11,1,0.000181,1.2197909109482e-13,-3429.5857235816,-nan
651,0,0,651,2.3241184335354e-11,6.1754914761414e-11,-6.2953115328732e-17,-2.621340580718e-13,0,3.7e-11,1,0.000181,1.2337911989573e-13,-3468.7183359389,-nan
652,0,0,652,2.350554587347e-11,6.1741859285542e-11,2.3630411327336e-18,-2.6436153811537e-13,0,3.7e-11,1,0.000181,1.2479114280604e-13,-3508.1933099805,-nan
653,0,0,653,2.3772142941598e-11,6.0981891715823e-11,1.375541301191e-16,-2.6659706812848e-13,0,3.7e-11,1,0.000181,1.2621520435346e-13,-3548.0222814988,-nan
654,0,0,654,2.4040983435992e-11,6.1790207853337e-11,-1.4630522089003e-16,-2.6884049439381e-13,0,3.7e-11,1,0.000181,1.2765134838858e-13,-3588.1438567076,-nan
655,0,0,655,2.4312075211897e-11,6.3204956458826e-11,-2.5606949759345e-16,-2.7109177590512e-13,0,3.7e-11,1,0.000181,1.2909961807133e-13,-3628.5852045361,-nan
656,0,0,656,2.4585426033872e-11,6.3394834765596e-11,-3.4367973525301e-17,-2.7335082197509e-13,0,3.7e-11,1,0.000181,1.3056005585753e-13,-3669.3969790622,-nan
657,0,0,657,2.4861043466241e-11,6.3403187544555e-11,-1.5118529917067e-18,-2.7561743236817e-13,0,3.7e-11,1,0.000181,1.3203270348525e-13,-3710.5521112879,-nan
658,0,0,658,2.5138934909916e-11,6.3605445604621e-11,-3.6608708871845e-17,-2.7789144367504e-13,0,3.7e-11,1,0.000181,1.3351760196127e-13,-3752.0415595432,-nan
659,0,0,659,2.5419107630789e-11,6.3537816096049e-11,1.2240941051517e-17,-2.8017272087387e-13,0,3.7e-11,1,0.000181,1.350147915474e-13,-3793.8789437175,-nan
660,0,0,660,2.570156873964e-11,6.3545468909185e-11,-1.3851591776067e-18,-2.8246110885064e-13,0,3.7e-11,1,0.000181,1.3652431174684e-13,-3836.0559966802,-nan
661,0,0,661,2.5986325213768e-11,6.4277772807057e-11,-1.3254700551492e-16,-2.8475647412809e-13,0,3.7e-11,1,0.000181,1.3804620129048e-13,-3878.556209779,-nan
662,0,0,662,2.6273383907852e-11,6.3628227072658e-11,1.1756777792636e-16,-2.8705869408433e-13,0,3.7e-11,1,0.000181,1.3958049812315e-13,-3921.4375390104,-nan
663,0,0,663,2.6562751462431e-11,6.3777170974287e-11,-2.6958846194849e-17,-2.8936755457855e-13,0,3.7e-11,1,0.000181,1.4112723938994e-13,-3964.642047855,-nan
664,0,0,664,2.6854434417881e-11,6.5410446968968e-11,-2.9562295503724e-16,-2.9168295544977e-13,0,3.7e-11,1,0.000181,1.4268646142237e-13,-4008.1521766432,-nan
665,0,0,665,2.7148439254803e-11,6.6135238788936e-11,-1.3118731941435e-16,-2.9400483692208e-13,0,3.7e-11,1,0.000181,1.4425819972462e-13,-4052.0335637721,-nan
666,0,0,666,2.7444772236602e-11,6.5305043894475e-11,1.5026527589753e-16,-2.9633298179875e-13,0,3.7e-11,1,0.000181,1.4584248895974e-13,-4096.3046175387,-nan
667,0,0,667,2.7743439370859e-11,6.5830962830564e-11,-9.5191327432107e-17,-2.986671342575e-13,0,3.7e-11,1,0.000181,1.4743936293583e-13,-4140.8875566055,-nan
668,0,0,668,2.8044446571208e-11,6.660642508002e-11,-1.4035866715166e-16,-3.0100720034927e-13,0,3.7e-11,1,0.000181,1.4904885459219e-13,-4185.8131713109,-nan
669,0,0,669,2.834779960412e-11,6.6086057638111e-11,9.4186506985572e-17,-3.0335303291127e-13,0,3.7e-11,1,0.000181,1.5067099598553e-13,-4231.1240895456,-nan
670,0,0,670,2.8653504010531e-11,6.7126551422978e-11,-1.8832937506096e-16,-3.0570440641169e-13,0,3.7e-11,1,0.000181,1.5230581827606e-13,-4276.7439308233,-nan
671,0,0,671,2.8961565216224e-11,6.6413603466768e-11,1.2904358007402e-16,-3.0806120569243e-13,0,3.7e-11,1,0.000181,1.5395335171368e-13,-4322.7630810805,-nan
672,0,0,672,2.9271988395895e-11,6.6717411488988e-11,-5.4989252021733e-17,-3.1042317967166e-13,0,3.7e-11,1,0.000181,1.5561362562414e-13,-4369.1074427977,-nan
673,0,0,673,2.9584778597132e-11,6.7477471757502e-11,-1.3757090860104e-16,-3.1279020123658e-13,0,3.7e-11,1,0.000181,1.5728666839517e-13,-4415.7929184327,-nan
674,0,0,674,2.9899940724658e-11,6.7374647543556e-11,1.8611182724213e-17,-3.1516212752551e-13,0,3.7e-11,1,0.000181,1.5897250746265e-13,-4462.855892706,-nan
675,0,0,675,3.0217479484618e-11,6.9253706736647e-11,-3.4010971394944e-16,-3.1753875996036e-13,0,3.7e-11,1,0.000181,1.6067116929675e-13,-4510.2201827234,-nan
676,0,0,676,3.0537399492413e-11,6.9067027457787e-11,3.3788949473641e-17,-3.1992000779556e-13,0,3.7e-11,1,0.000181,1.6238267938814e-13,-4557.9958728451,-nan
677,0,0,677,3.0859705056496e-11,6.8550055713818e-11,9.3571885658335e-17,-3.2230556408301e-13,0,3.7e-11,1,0.000181,1.6410706223415e-13,-4606.1367024656,-nan
678,0,0,678,3.1184400257027e-11,6.9291048125561e-11,-1.3411962652544e-16,-3.2469520053046e-13,0,3.7e-11,1,0.000181,1.65844341325e-13,-4654.6003549823,-nan
679,0,0,679,3.1511489081411e-11,7.0533332925856e-11,-2.2485354885341e-16,-3.2708882438358e-13,0,3.7e-11,1,0.000181,1.6759453912997e-13,-4703.4078763851,-nan
680,0,0,680,3.1840975341702e-11,6.9417123995566e-11,2.0203381638246e-16,-3.2948626029192e-13,0,3.7e-11,1,0.000181,1.693576770837e-13,-4752.6371274092,-nan
681,0,0,681,3.2172862524027e-11,7.0472211557413e-11,-1.9097084869433e-16,-3.3188718232436e-13,0,3.7e-11,1,0.000181,1.7113377557241e-13,-4802.1662018419,-nan
682,0,0,682,3.2507154033588e-11,7.1237990488703e-11,-1.3860598656345e-16,-3.3429150956146e-13,0,3.7e-11,1,0.000181,1.7292285392025e-13,-4852.0621109915,-nan
683,0,0,683,3.2843853073215e-11,7.0881573460449e-11,6.4511482113904e-17,-3.3669903962648e-13,0,3.7e-11,1,0.000181,1.7472493037554e-13,-4902.3478435745,-nan
684,0,0,684,3.3182962572104e-11,7.1745004623146e-11,-1.5628104044806e-16,-3.3910949888931e-13,0,3.7e-11,1,0.000181,1.7654002209722e-13,-4952.96053849,-nan
685,0,0,685,3.3524485322096e-11,7.2247907796962e-11,-9.1025474460744e-17,-3.4152274999222e-13,0,3.7e-11,1,0.000181,1.7836814514118e-13,-5003.9433254868,-nan
686,0,0,686,3.3868423908889e-11,7.3036220409659e-11,-1.4268458289823e-16,-3.439385867926e-13,0,3.7e-11,1,0.000181,1.8020931444673e-13,-5055.2791328945,-nan
687,0,0,687,3.4214780714732e-11,7.3341865105367e-11,-5.5321689923045e-17,-3.4635680584331e-13,0,3.7e-11,1,0.000181,1.8206354382303e-13,-5106.9890752797,-nan
688,0,0,688,3.4563557867685e-11,7.3269786266593e-11,1.3046269818029e-17,-3.487771529527e-13,0,3.7e-11,1,0.000181,1.8393084593569e-13,-5159.0706340706,-nan
689,0,0,689,3.4914757234928e-11,7.3025687371504e-11,4.4181900011217e-17,-3.511993672428e-13,0,3.7e-11,1,0.000181,1.8581123229325e-13,-5211.5185285222,-nan
690,0,0,690,3.5268380480805e-11,7.4581182828814e-11,-2.815446777732e-16,-3.5362324587771e-13,0,3.7e-11,1,0.000181,1.8770471323388e-13,-5264.2797202797,-nan
691,0,0,691,3.5624429172998e-11,7.4879106522135e-11,-5.3924188491096e-17,-3.5604869219215e-13,0,3.7e-11,1,0.000181,1.8961129791199e-13,-5317.4370695411,-nan
692,0,0,692,3.598290458105e-11,7.4859409105636e-11,3.5652323862721e-18,-3.5847540805274e-13,0,3.7e-11,1,0.000181,1.9153099428503e-13,-5370.9653618041,-nan
693,0,0,693,3.6343807676413e-11,7.4020859297556e-11,1.517775152626e-16,-3.6090309536296e-13,0,3.7e-11,1,0.000181,1.9346380910025e-13,-5424.8782889175,-nan
694,0,0,694,3.6707139151683e-11,7.4510299561514e-11,-8.8588687776373e-17,-3.6333147526932e-13,0,3.7e-11,1,0.000181,1.9540974788155e-13,-5479.1179315308,-nan
695,0,0,695,3.707289959655e-11,7.6272243327989e-11,-3.1891182173198e-16,-3.6576044486747e-13,0,3.7e-11,1,0.000181,1.9736881491645e-13,-5533.6858773343,-nan
696,0,0,696,3.7441089488587e-11,7.6930053492285e-11,-1.1906363973769e-16,-3.6818989203676e-13,0,3.7e-11,1,0.000181,1.9934101324306e-13,-5588.6464310743,-nan
697,0,0,697,3.781170897057e-11,7.6245400884765e-11,1.2392212196124e-16,-3.7061948198346e-13,0,3.7e-11,1,0.000181,2.0132634463717e-13,-5644.0060553994,-nan
698,0,0,698,3.8184757817625e-11,7.6331495050582e-11,-1.5583044012901e-17,-3.730488470549e-13,0,3.7e-11,1,0.000181,2.033248095994e-13,-5699.7076029597,-nan
699,0,0,699,3.856023563912e-11,7.7897127702548e-11,-2.8337951000592e-16,-3.7547782149511e-13,0,3.7e-11,1,0.000181,2.0533640734242e-13,-5755.731858893,-nan
700,0,0,700,3.8938141910108e-11,7.736455369808e-11,9.6395894808816e-17,-3.7790627098727e-13,0,3.7e-11,1,0.000181,2.0736113577829e-13,-5812.1754406284,-nan
701,0,0,701,3.9318475717615e-11,7.7625303994712e-11,-4.7195803690394e-17,-3.8033380750789e-13,0,3.7e-11,1,0.000181,2.0939899150587e-13,-5868.9600623551,-nan
702,0,0,702,3.9701235936073e-11,7.8251313769485e-11,-1.1330776923403e-16,-3.8276021845714e-13,0,3.7e-11,1,0.000181,2.1144996979829e-13,-5926.0971253218,-nan
703,0,0,703,4.0086421226501e-11,7.8108273312751e-11,2.5890322668941e-17,-3.8518529042864e-13,0,3.7e-11,1,0.000181,2.1351406459056e-13,-5983.6170866107,-nan
704,0,0,704,4.047402996195e-11,7.9159106471768e-11,-1.9020080178212e-16,-3.8760873544898e-13,0,3.7e-11,1,0.000181,2.1559126846727e-13,-6041.4666512885,-nan
705,0,0,705,4.08640603324e-11,7.906753800755e-11,1.6573892023441e-17,-3.9003037045006e-13,0,3.7e-11,1,0.000181,2.1768157265035e-13,-6099.7086916561,-nan
706,0,0,706,4.1256510209362e-11,7.9800891410484e-11,-1.3273696593104e-16,-3.924498769617e-13,0,3.7e-11,1,0.000181,2.19784966987e-13,-6158.2897189811,-nan
707,0,0,707,4.1651377271599e-11,8.0960627835518e-11,-2.099122929312e-16,-3.9486706223709e-13,0,3.7e-11,1,0.000181,2.2190143993767e-13,-6217.2201579753,-nan
708,0,0,708,4.2048658961025e-11,8.0466536239122e-11,8.9430578947812e-17,-3.972816894262e-13,0,3.7e-11,1,0.000181,2.2403097856418e-13,-6276.5558485838,-nan
709,0,0,709,4.2448352326729e-11,8.1008932819075e-11,-9.8173780971531e-17,-3.99693365704e-13,0,3.7e-11,1,0.000181,2.2617356851797e-13,-6336.2236389262,-nan
710,0,0,710,4.2850454226759e-11,8.1908313961145e-11,-1.6278798671472e-16,-4.0210190002962e-13,0,3.7e-11,1,0.000181,2.2832919402841e-13,-6396.2414248069,-nan
711,0,0,711,4.3254961306277e-11,8.2375969459154e-11,-8.4645645139518e-17,-4.0450707951839e-13,0,3.7e-11,1,0.000181,2.3049783789129e-13,-6456.6300217717,-nan
712,0,0,712,4.3661869882688e-11,8.1917152802118e-11,8.3045814923488e-17,-4.0690857641116e-13,0,3.7e-11,1,0.000181,2.3267948145744e-13,-6517.4022514605,-nan
713,0,0,713,4.4071175954671e-11,8.3761019067038e-11,-3.3373979395061e-16,-4.0930607198306e-13,0,3.7e-11,1,0.000181,2.3487410462139e-13,-6578.4702419323,-nan
714,0,0,714,4.4482875423359e-11,8.3839191055021e-11,-1.4149129824923e-17,-4.1169946868803e-13,0,3.7e-11,1,0.000181,2.3708168581029e-13,-6639.9433372821,-nan
715,0,0,715,4.4896963773728e-11,8.3372875740149e-11,8.4403071991792e-17,-4.1408835036884e-13,0,3.7e-11,1,0.000181,2.3930220197286e-13,-6701.7878577302,-nan
716,0,0,716,4.5313436151853e-11,8.4551131288227e-11,-2.1326425420193e-16,-4.1647237812426e-13,0,3.7e-11,1,0.000181,2.4153562856855e-13,-6763.9439147513,-nan
717,0,0,717,4.5732287558532e-11,8.4547222659589e-11,7.0746178331458e-19,-4.1885140667934e-13,0,3.7e-11,1,0.000181,2.4378193955677e-13,-6826.4871601061,-nan
718,0,0,718,4.6153512661091e-11,8.5682485590148e-11,-2.0548259043114e-16,-4.2122510255926e-13,0,3.7e-11,1,0.000181,2.4604110738635e-13,-6889.3540587128,-nan
719,0,0,719,4.6577105929044e-11,8.6416909632775e-11,-1.3293075171549e-16,-4.2359326795286e-13,0,3.7e-11,1,0.000181,2.4831310298508e-13,-6952.5854066598,-nan
720,0,0,720,4.7003061523274e-11,8.6683408937622e-11,-4.8236374177284e-17,-4.2595559422989e-13,0,3.7e-11,1,0.000181,2.5059789574943e-13,-7016.1821451779,-nan
721,0,0,721,4.7431373221592e-11,8.5779089717239e-11,1.6368177888937e-16,-4.283116983181e-13,0,3.7e-11,1,0.000181,2.5289545353446e-13,-7080.1623422955,-nan
722,0,0,722,4.7862034419802e-11,8.6769969921849e-11,-1.7934931703435e-16,-4.3066119821036e-13,0,3.7e-11,1,0.000181,2.5520574264379e-13,-7144.4421465203,-nan
723,0,0,723,4.8295038376382e-11,8.663325230954e-11,2.4745887827891e-17,-4.3300395657925e-13,0,3.7e-11,1,0.000181,2.5752872781987e-13,-7209.1022484267,-nan
724,0,0,724,4.8730378025341e-11,8.7982263096532e-11,-2.4417095244567e-16,-4.3533964895977e-13,0,3.7e-11,1,0.000181,2.5986437223428e-13,-7274.0709624789,-nan
725,0,0,725,4.916804614539e-11,8.9145015464476e-11,-2.104581785977e-16,-4.3766812004903e-13,0,3.7e-11,1,0.000181,2.6221263747831e-13,-7339.3923992222,-nan
726,0,0,726,4.9608035202343e-11,8.8889775766999e-11,4.6198385243277e-17,-4.3998905695252e-13,0,3.7e-11,1,0.000181,2.6457348355364e-13,-7405.0987237463,-nan
727,0,0,727,5.0050337198865e-11,8.8908351121053e-11,-3.362139083757e-18,-4.4230199652214e-13,0,3.7e-11,1,0.000181,2.6694686886323e-13,-7471.1430173678,-nan
728,0,0,728,5.0494943872643e-11,9.0337855953913e-11,-2.5874037474765e-16,-4.4460667377785e-13,0,3.7e-11,1,0.000181,2.6933275020241e-13,-7537.4933135307,-nan
729,0,0,729,5.0941846784765e-11,8.9850787670753e-11,8.81593592518e-17,-4.4690291212251e-13,0,3.7e-11,1,0.000181,2.7173108275008e-13,-7604.2382846345,-nan
730,0,0,730,5.1391037031489e-11,9.0300135850701e-11,-8.1332020570446e-17,-4.4919024672372e-13,0,3.7e-11,1,0.000181,2.7414182006017e-13,-7671.2994933403,-nan
731,0,0,731,5.1842505490684e-11,9.1624737926263e-11,-2.3975297567681e-16,-4.5146845919489e-13,0,3.7e-11,1,0.000181,2.7656491405325e-13,-7738.6772305688,-nan
732,0,0,732,5.2296242820035e-11,9.1160967886894e-11,8.3942377125833e-17,-4.5373732935083e-13,0,3.7e-11,1,0.000181,2.7900031500839e-13,-7806.4420912121,-nan
733,0,0,733,5.2752239195097e-11,9.1393458210326e-11,-4.2080748541129e-17,-4.5599637506186e-13,0,3.7e-11,1,0.000181,2.814479715551e-13,-7874.5254560491,-nan
734,0,0,734,5.3210484538731e-11,9.2346412316794e-11,-1.7248469327086e-16,-4.582453436345e-13,0,3.7e-11,1,0.000181,2.8390783066562e-13,-7942.925166209,-nan
735,0,0,735,5.3670968594693e-11,9.3715631416308e-11,-2.4782865701201e-16,-4.6048405596189e-13,0,3.7e-11,1,0.000181,2.8637983764727e-13,-8011.6479118123,-nan
736,0,0,736,5.4133680858218e-11,9.4509738813807e-11,-1.4373343894722e-16,-4.6271226352458e-13,0,3.7e-11,1,0.000181,2.8886393613512e-13,-8080.7189182458,-nan
737,0,0,737,5.4598610417041e-11,9.4170810393187e-11,6.1346044132182e-17,-4.6492955882308e-13,0,3.7e-11,1,0.000181,2.913600680848e-13,-8150.1516351142,-nan
738,0,0,738,5.5065745904046e-11,9.4599778873567e-11,-7.7643294948759e-17,-4.6713548700526e-13,0,3.7e-11,1,0.000181,2.9386817376558e-13,-8219.8929885128,-nan
739,0,0,739,5.5535075699268e-11,9.4907983312565e-11,-5.5785003458695e-17,-4.6932979522166e-13,0,3.7e-11,1,0.000181,2.9638819175356e-13,-8289.9652612047,-nan
740,0,0,740,5.6006587915888e-11,9.6335342297043e-11,-2.5835197619038e-16,-4.7151221661987e-13,0,3.7e-11,1,0.000181,2.9892005892524e-13,-8360.3331669302,-nan
741,0,0,741,5.6480270450628e-11,9.6285067202257e-11,9.0997921562039e-18,-4.7368253474015e-13,0,3.7e-11,1,0.000181,3.0146371045117e-13,-8431.065081897,-nan
742,0,0,742,5.6956110709715e-11,9.5920946909255e-11,6.5905773033388e-17,-4.7584025908702e-13,0,3.7e-11,1,0.000181,3.0401907978989e-13,-8502.1276718418,-nan
743,0,0,743,5.7434095723564e-11,9.6626636589385e-11,-1.2772983210363e-16,-4.7798501384929e-13,0,3.7e-11,1,0.000181,3.0658609868211e-13,-8573.4816040528,-nan
744,0,0,744,5.7914212353176e-11,9.767324000637e-11,-1.8943521847425e-16,-4.8011662961171e-13,0,3.7e-11,1,0.000181,3.0916469714506e-13,-8645.1446165051,-nan
745,0,0,745,5.8396447189421e-11,9.7680867593593e-11,-1.3805932873423e-18,-4.8223483624573e-13,0,3.7e-11,1,0.000181,3.1175480346717e-13,-8717.1520012524,-nan
746,0,0,746,5.8880786373942e-11,9.7860389207421e-11,-3.2493412102949e-17,-4.8433918452048e-13,0,3.7e-11,1,0.000181,3.1435634420289e-13,-8789.4689627438,-nan
747,0,0,747,5.9367215722059e-11,9.8276221104718e-11,-7.5265573410746e-17,-4.8642934811739e-13,0,3.7e-11,1,0.000181,3.1696924416783e-13,-8862.0916419351,-nan
748,0,0,748,5.9855720792292e-11,9.9411853111419e-11,-2.0554939321285e-16,-4.8850507023252e-13,0,3.7e-11,1,0.000181,3.1959342643409e-13,-8935.004815123,-nan
749,0,0,749,6.0346286900061e-11,9.9627183645563e-11,-3.8974826679992e-17,-4.9056610776905e-13,0,3.7e-11,1,0.000181,3.2222881232585e-13,-9008.2506166673,-nan
750,0,0,750,6.0838898987494e-11,1.0142146149243e-10,-3.2476429028358e-16,-4.9261208743305e-13,0,3.7e-11,1,0.000181,3.2487532141525e-13,-9081.7592508532,-nan
751,0,0,751,6.1333541825928e-11,1.0192905352223e-10,-9.1874157393928e-17,-4.9464283843358e-13,0,3.7e-11,1,0.000181,3.2753287151846e-13,-9155.6058932716,-nan
752,0,0,752,6.1830199718661e-11,1.0209363479151e-10,-2.9789209738256e-17,-4.9665789273353e-13,0,3.7e-11,1,0.000181,3.3020137869204e-13,-9229.7626953507,-nan
753,0,0,753,6.2328856535586e-11,1.0201402763121e-10,1.4408896013005e-17,-4.9865681692517e-13,0,3.7e-11,1,0.000181,3.3288075722958e-13,-9304.2245776594,-nan
754,0,0,754,6.2829495769588e-11,1.0192702226078e-10,1.5747972047925e-17,-5.0063923400151e-13,0,3.7e-11,1,0.000181,3.3557091965855e-13,-9378.9826756098,-nan
755,0,0,755,6.3332100645956e-11,1.0368747133256e-10,-3.1864128199108e-16,-5.0260487636842e-13,0,3.7e-11,1,0.000181,3.3827177673743e-13,-9453.9843532395,-nan
756,0,0,756,6.383665431853e-11,1.0469438775622e-10,-1.8225187268384e-16,-5.0455367257379e-13,0,3.7e-11,1,0.000181,3.4098323745315e-13,-9529.2973920182,-nan
757,0,0,757,6.4343139509238e-11,1.0410992192882e-10,1.0578831476041e-16,-5.0648519070786e-13,0,3.7e-11,1,0.000181,3.4370520901877e-13,-9604.941856558,-nan
758,0,0,758,6.4851538377426e-11,1.046104162447e-10,-9.0589471174226e-17,-5.0839886818814e-13,0,3.7e-11,1,0.000181,3.4643759687138e-13,-9680.8427493035,-nan
759,0,0,759,6.5361832906499e-11,1.0623584988092e-10,-2.9420348815566e-16,-5.102945290731e-13,0,3.7e-11,1,0.000181,3.4918030467037e-13,-9756.9962994879,-nan
760,0,0,760,6.5874004912262e-11,1.0629589597688e-10,-1.0868343369311e-17,-5.1217200576309e-13,0,3.7e-11,1,0.000181,3.519332342959e-13,-9833.4725033732,-nan
761,0,0,761,6.63880357182e-11,1.0733910061154e-10,-1.8882003887343e-16,-5.140308059381e-13,0,3.7e-11,1,0.000181,3.5469628584771e-13,-9910.1996925473,-nan
762,0,0,762,6.6903906342117e-11,1.065563755203e-10,1.4167324151521e-16,-5.1587062391697e-13,0,3.7e-11,1,0.000181,3.5746935764416e-13,-9987.2509538821,-nan
763,0,0,763,6.7421597294454e-11,1.0769418573818e-10,-2.0594364943752e-16,-5.1769095233664e-13,0,3.7e-11,1,0.000181,3.6025234622158e-13,-10064.522121373,-nan
764,0,0,764,6.7941089002724e-11,1.0898130548892e-10,-2.329686748836e-16,-5.1949170827053e-13,0,3.7e-11,1,0.000181,3.6304514633392e-13,-10142.058143412,-nan
765,0,0,765,6.8462361576308e-11,1.0797622769221e-10,1.8191908120421e-16,-5.212725735839e-13,0,3.7e-11,1,0.000181,3.6584765095266e-13,-10219.922036598,-nan
766,0,0,766,6.8985394487084e-11,1.0855563373243e-10,-1.0487249327915e-16,-5.2303291077523e-13,0,3.7e-11,1,0.000181,3.68659751267e-13,-10298.005960486,-nan
767,0,0,767,6.9510167075907e-11,1.098382130465e-10,-2.3214685584706e-16,-5.2477258882346e-13,0,3.7e-11,1,0.000181,3.7148133668443e-13,-10376.330649447,-nan
768,0,0,768,7.0036658499783e-11,1.1014399967934e-10,-5.534738054423e-17,-5.2649142387603e-13,0,3.7e-11,1,0.000181,3.7431229483148e-13,-10454.938395676,-nan
769,0,0,769,7.0564847492094e-11,1.1137357098428e-10,-2.2255240619371e-16,-5.2818899231075e-13,0,3.7e-11,1,0.000181,3.7715251155484e-13,-10533.774656674,-nan
770,0,0,770,7.1094712553116e-11,1.1205688511179e-10,-1.23679857079e-16,-5.2986506102263e-13,0,3.7e-11,1,0.000181,3.8000187092278e-13,-10612.875952951,-nan
771,0,0,771,7.1626231749754e-11,1.1151051175079e-10,9.8893578339763e-17,-5.3151919663783e-13,0,3.7e-11,1,0.000181,3.8286025522682e-13,-10692.257480533,-nan
772,0,0,772,7.2159382652098e-11,1.1252097680454e-10,-1.8289417472833e-16,-5.3315090234387e-13,0,3.7e-11,1,0.000181,3.8572754498377e-13,-10771.840578662,-nan
773,0,0,773,7.2694142740918e-11,1.1394999369107e-10,-2.5865205646173e-16,-5.347600888202e-13,0,3.7e-11,1,0.000181,3.8860361893804e-13,-10851.652649255,-nan
774,0,0,774,7.3230489256177e-11,1.14036969123e-10,-1.5742553179599e-17,-5.3634651525826e-13,0,3.7e-11,1,0.000181,3.9148835406423e-13,-10931.737877373,-nan
775,0,0,775,7.3768398868598e-11,1.1355552844625e-10,8.7140762492498e-17,-5.3790961242175e-13,0,3.7e-11,1,0.000181,3.9438162557013e-13,-11012.071870681,-nan
776,0,0,776,7.430784779904e-11,1.13921383337e-10,-6.6219735225107e-17,-5.3944893044184e-13,0,3.7e-11,1,0.000181,3.9728330689987e-13,-11092.612815986,-nan
777,0,0,777,7.4848812089069e-11,1.1472258958457e-10,-1.4501833081162e-16,-5.4096429002884e-13,0,3.7e-11,1,0.000181,4.0019326973756e-13,-11173.368269427,-nan
778,0,0,778,7.5391267566579e-11,1.1537003042431e-10,-1.1718679199217e-16,-5.4245547751026e-13,0,3.7e-11,1,0.000181,4.0311138401113e-13,-11254.350543687,-nan
779,0,0,779,7.5935189719648e-11,1.1582309271973e-10,-8.2004275471701e-17,-5.4392215306882e-13,0,3.7e-11,1,0.000181,4.0603751789652e-13,-11335.557076283,-nan
780,0,0,780,7.6480553741905e-11,1.1778859069169e-10,-3.5575513292507e-16,-5.4536402225663e-13,0,3.7e-11,1,0.000181,4.0897153782215e-13,-11416.938032998,-nan
781,0,0,781,7.7027334688188e-11,1.1778001257643e-10,1.552638862452e-18,-5.4678094628359e-13,0,3.7e-11,1,0.000181,4.1191330847381e-13,-11498.583919055,-nan
782,0,0,782,7.7575507061279e-11,1.191357862651e-10,-2.4539503764902e-16,-5.4817237309031e-13,0,3.7e-11,1,0.000181,4.1486269279977e-13,-11580.400699412,-nan
783,0,0,783,7.8125045163446e-11,1.1947374905244e-10,-6.1171264509087e-17,-5.49538102167e-13,0,3.7e-11,1,0.000181,4.1781955201622e-13,-11662.448919646,-nan
784,0,0,784,7.8675922874191e-11,1.2025537328413e-10,-1.41473985936e-16,-5.5087771074517e-13,0,3.7e-11,1,0.000181,4.2078374561312e-13,-11744.685180174,-nan
785,0,0,785,7.9228113727721e-11,1.1964696078586e-10,1.1012266218683e-16,-5.5219085353035e-13,0,3.7e-11,1,0.000181,4.2375513136026e-13,-11827.15508852,-nan
786,0,0,786,7.9781590744152e-11,1.2002902438411e-10,-6.9153511282705e-17,-5.5347701643049e-13,0,3.7e-11,1,0.000181,4.2673356531372e-13,-11909.790277847,-nan
787,0,0,787,8.0336326831551e-11,1.2202282964331e-10,-3.6087875191541e-16,-5.5473608739894e-13,0,3.7e-11,1,0.000181,4.2971890182265e-13,-11992.569911809,-nan
788,0,0,788,8.0892294872072e-11,1.2242313671851e-10,-7.2455580611049e-17,-5.5596804052105e-13,0,3.7e-11,1,0.000181,4.3271099353633e-13,-12075.576569259,-nan
789,0,0,789,8.144946715313e-11,1.2176466537163e-10,1.1918331378543e-16,-5.5717228105819e-13,0,3.7e-11,1,0.000181,4.3570969141162e-13,-12158.79166025,-nan
790,0,0,790,8.2007815422686e-11,1.2229700599669e-10,-9.635365313525e-17,-5.5834826955571e-13,0,3.7e-11,1,0.000181,4.387148447207e-13,-12242.150166433,-nan
791,0,0,791,8.2567311302863e-11,1.2282537534441e-10,-9.5634851937724e-17,-5.59495880177e-13,0,3.7e-11,1,0.000181,4.4172630105914e-13,-12325.680141843,-nan
792,0,0,792,8.3127926161174e-11,1.2324108650026e-10,-7.5243719208471e-17,-5.6061485831154e-13,0,3.7e-11,1,0.000181,4.4474390635433e-13,-12409.380248547,-nan
793,0,0,793,8.3689631051505e-11,1.2395728699429e-10,-1.2963228941951e-16,-5.6170489033077e-13,0,3.7e-11,1,0.000181,4.4776750487419e-13,-12493.234998142,-nan
794,0,0,794,8.425239685318e-11,1.2611422768789e-10,-3.9040626554197e-16,-5.627658016755e-13,0,3.7e-11,1,0.000181,4.5079693923629e-13,-12577.209224723,-nan
795,0,0,795,8.4816194364085e-11,1.2646095322243e-10,-6.275732175073e-17,-5.637975109051e-13,0,3.7e-11,1,0.000181,4.5383205041722e-13,-12661.38643147,-nan
796,0,0,796,8.5380993739385e-11,1.2589746031867e-10,1.0199221557972e-16,-5.647993752998e-13,0,3.7e-11,1,0.000181,4.5687267776231e-13,-12745.737837699,-nan
797,0,0,797,8.5946764604105e-11,1.2631191963974e-10,-7.5017137114044e-17,-5.657708647199e-13,0,3.7e-11,1,0.000181,4.5991865899578e-13,-12830.207876161,-nan
798,0,0,798,8.6513476534435e-11,1.2847958051611e-10,-3.9234661862242e-16,-5.6671193032936e-13,0,3.7e-11,1,0.000181,4.6296983023104e-13,-12914.771051271,-nan
799,0,0,799,8.7081099152467e-11,1.2908801754402e-10,-1.1012710205114e-16,-5.676226180328e-13,0,3.7e-11,1,0.000181,4.6602602598151e-13,-12999.512351992,-nan
800,0,0,800,8.7649601480913e-11,1.2830987365567e-10,1.4084404379051e-16,-5.6850232844565e-13,0,3.7e-11,1,0.000181,4.6908707917165e-13,-13084.422486752,-nan
801,0,0,801,8.821895195136e-11,1.2897417927084e-10,-1.2023931634649e-16,-5.6935047044689e-13,0,3.7e-11,1,0.000181,4.7215282114838e-13,-13169.420281456,-nan
802,0,0,802,8.878911893747e-11,1.2957015303047e-10,-1.0787125049309e-16,-5.7016698611005e-13,0,3.7e-11,1,0.000181,4.752230816928e-13,-13254.541845568,-nan
803,0,0,803,8.9360070570479e-11,1.2980857278784e-10,-4.3153976083347e-17,-5.7095163300892e-13,0,3.7e-11,1,0.000181,4.7829768903231e-13,-13339.790237241,-nan
804,0,0,804,8.9931774636442e-11,1.3041529327334e-10,-1.0981640787438e-16,-5.7170406596266e-13,0,3.7e-11,1,0.000181,4.8137646985292e-13,-13425.141028574,-nan
805,0,0,805,9.0504198723455e-11,1.3143599056943e-10,-1.8474621059314e-16,-5.7242408701364e-13,0,3.7e-11,1,0.000181,4.844592493121e-13,-13510.588145313,-nan
806,0,0,806,9.1077310265579e-11,1.3268468336911e-10,-2.2601339674157e-16,-5.7311154212338e-13,0,3.7e-11,1,0.000181,4.8754585105178e-13,-13596.131751215,-nan
807,0,0,807,9.1651076417257e-11,1.3251287149287e-10,3.1097949598776e-17,-5.7376615167876e-13,0,3.7e-11,1,0.000181,4.9063609721175e-13,-13681.811495822,-nan
808,0,0,808,9.2225463823837e-11,1.3354529398618e-10,-1.8686847128923e-16,-5.743874065794e-13,0,3.7e-11,1,0.000181,4.9372980844344e-13,-13767.551459702,-nan
809,0,0,809,9.2800439000397e-11,1.3368793263203e-10,-2.5817594898477e-17,-5.7497517656001e-13,0,3.7e-11,1,0.000181,4.9682680392393e-13,-13853.403237956,-nan
810,0,0,810,9.3375968164175e-11,1.3564549495811e-10,-3.5431878102126e-16,-5.7552916377805e-13,0,3.7e-11,1,0.000181,4.9992690137039e-13,-13939.288685917,-nan
811,0,0,811,9.3952017534298e-11,1.3590452327265e-10,-4.6884124931659e-17,-5.7604937012282e-13,0,3.7e-11,1,0.000181,5.030299170548e-13,-14025.297717722,-nan
812,0,0,812,9.4528552803843e-11,1.3647660255654e-10,-1.0354635038332e-16,-5.7653526954515e-13,0,3.7e-11,1,0.000181,5.0613566581896e-13,-14111.370843479,-nan
813,0,0,813,9.5105539366541e-11,1.3677447655058e-10,-5.3915192921066e-17,-5.7698656269866e-13,0,3.7e-11,1,0.000181,5.0924396108993e-13,-14197.518767551,-nan
814,0,0,814,9.5682942340097e-11,1.3750730371247e-10,-1.3264171630191e-16,-5.7740297355521e-13,0,3.7e-11,1,0.000181,5.1235461489568e-13,-14283.717114846,-nan
815,0,0,815,9.6260726629896e-11,1.3747704492163e-10,5.476841142286e-18,-5.7778428979974e-13,0,3.7e-11,1,0.000181,5.1546743788119e-13,-14369.993024454,-nan
816,0,0,816,9.6838856779496e-11,1.3816489981161e-10,-1.2450173508674e-16,-5.7813014959985e-13,0,3.7e-11,1,0.000181,5.1858223932476e-13,-14456.301169573,-nan
817,0,0,817,9.741729723821e-11,1.393501395801e-10,-2.1452839809785e-16,-5.7844045871361e-13,0,3.7e-11,1,0.000181,5.2169882715469e-13,-14542.642207398,-nan
818,0,0,818,9.7996012340219e-11,1.3999102149529e-10,-1.1599962664868e-16,-5.7871510200882e-13,0,3.7e-11,1,0.000181,5.2481700796634e-13,-14629.038967497,-nan
819,0,0,819,9.8574966054477e-11,1.4019995766395e-10,-3.7817446526755e-17,-5.7895371425791e-13,0,3.7e-11,1,0.000181,5.2793658703937e-13,-14715.483031527,-nan
820,0,0,820,9.9154122025621e-11,1.4122177813758e-10,-1.8494950572837e-16,-5.7915597114482e-13,0,3.7e-11,1,0.000181,5.3105736835548e-13,-14801.93532683,-nan
821,0,0,821,9.9733443853717e-11,1.4255283261494e-10,-2.409208604012e-16,-5.7932182809555e-13,0,3.7e-11,1,0.000181,5.3417915461628e-13,-14888.404030314,-nan
822,0,0,822,1.0031289497798e-10,1.4294493899945e-10,-7.0971255596094e-17,-5.7945112426578e-13,0,3.7e-11,1,0.000181,5.3730174726163e-13,-14974.917417355,-nan
823,0,0,823,1.0089243833599e-10,1.4225093536303e-10,1.2561465819166e-16,-5.7954335800713e-13,0,3.7e-11,1,0.000181,5.4042494648823e-13,-15061.473931117,-nan
824,0,0,824,1.0147203639327e-10,1.4280581453122e-10,-1.0043312944235e-16,-5.7959805727901e-13,0,3.7e-11,1,0.000181,5.4354855126849e-13,-15148.004859017,-nan
825,0,0,825,1.0205165173011e-10,1.4490452374511e-10,-3.7986636771508e-16,-5.7961533683956e-13,0,3.7e-11,1,0.000181,5.4667235936977e-13,-15234.496641976,-nan
826,0,0,826,1.0263124704651e-10,1.449778440525e-10,-1.3270975636311e-17,-5.7959531640472e-13,0,3.7e-11,1,0.000181,5.497961673739e-13,-15321.040175711,-nan
827,0,0,827,1.0321078439819e-10,1.4466305828032e-10,5.6976224764672e-17,-5.7953735167936e-13,0,3.7e-11,1,0.000181,5.5291977069703e-13,-15407.585543474,-nan
828,0,0,828,1.0379022548743e-10,1.4563629040082e-10,-1.7615501381182e-16,-5.7944108923903e-13,0,3.7e-11,1,0.000181,5.5604296360972e-13,-15494.081725977,-nan
829,0,0,829,1.043695321533e-10,1.472780200237e-10,-2.9715306174064e-16,-5.7930666587022e-13,0,3.7e-11,1,0.000181,5.5916553925742e-13,-15580.539768804,-nan
830,0,0,830,1.0494866621955e-10,1.4785971822211e-10,-1.0528737391235e-16,-5.7913406625218e-13,0,3.7e-11,1,0.000181,5.622872896812e-13,-15667.000688451,-nan
831,0,0,831,1.0552758904123e-10,1.4772177725109e-10,2.4967315754516e-17,-5.7892282167695e-13,0,3.7e-11,1,0.000181,5.6540800583877e-13,-15753.449514641,-nan
832,0,0,832,1.0610626162018e-10,1.490174324038e-10,-2.3451358264031e-16,-5.7867257895141e-13,0,3.7e-11,1,0.000181,5.6852747762582e-13,-15839.822228597,-nan
833,0,0,833,1.0668464504668e-10,1.4959171513407e-10,-1.0394517417891e-16,-5.783834264976e-13,0,3.7e-11,1,0.000181,5.7164549389765e-13,-15926.171262691,-nan
834,0,0,834,1.0726270013044e-10,1.5012220259068e-10,-9.6018229646865e-17,-5.780550837649e-13,0,3.7e-11,1,0.000181,5.7476184249108e-13,-16012.472452109,-nan
835,0,0,835,1.0784038748083e-10,1.5122636471544e-10,-1.9985334458103e-16,-5.7768735038237e-13,0,3.7e-11,1,0.000181,5.7787631024663e-13,-16098.703226641,-nan
836,0,0,836,1.0841766763023e-10,1.5157319618848e-10,-6.2776496620146e-17,-5.7728014939922e-13,0,3.7e-11,1,0.000181,5.8098868303105e-13,-16184.893666077,-nan
837,0,0,837,1.0899450069735e-10,1.5070135971727e-10,1.5780240128925e-16,-5.7683306712528e-13,0,3.7e-11,1,0.000181,5.8409874576004e-13,-16271.050283895,-nan
838,0,0,838,1.0957084637021e-10,1.5152599601689e-10,-1.4925917023094e-16,-5.7634567285694e-13,0,3.7e-11,1,0.000181,5.8720628242132e-13,-16357.088273097,-nan
839,0,0,839,1.1014666458169e-10,1.529525504022e-10,-2.5820634374102e-16,-5.7581821147779e-13,0,3.7e-11,1,0.000181,5.9031107609795e-13,-16443.031233398,-nan
840,0,0,840,1.1072191530295e-10,1.5322905994223e-10,-5.0048226746506e-17,-5.7525072126828e-13,0,3.7e-11,1,0.000181,5.9341290899192e-13,-16528.920538018,-nan
841,0,0,841,1.1129655812618e-10,1.5416497614252e-10,-1.6940083225264e-16,-5.7464282322905e-13,0,3.7e-11,1,0.000181,5.9651156244801e-13,-16614.701249142,-nan
842,0,0,842,1.118705525285e-10,1.5413594784582e-10,5.2541217024986e-18,-5.7399440231297e-13,0,3.7e-11,1,0.000181,5.9960681697792e-13,-16700.411217252,-nan
843,0,0,843,1.1244385766183e-10,1.5468567698088e-10,-9.9500973445811e-17,-5.7330513333055e-13,0,3.7e-11,1,0.000181,6.0269845228467e-13,-16786.002621218,-nan
844,0,0,844,1.1301643262716e-10,1.5523158980461e-10,-9.881022109391e-17,-5.725749653349e-13,0,3.7e-11,1,0.000181,6.0578624728724e-13,-16871.48509921,-nan
845,0,0,845,1.1358823651579e-10,1.5707484927266e-10,-3.3362996371676e-16,-5.7180388862305e-13,0,3.7e-11,1,0.000181,6.0886998014549e-13,-16956.817376149,-nan
846,0,0,846,1.1415922846402e-10,1.5628898039154e-10,1.4224226748171e-16,-5.7099194823136e-13,0,3.7e-11,1,0.000181,6.119494282853e-13,-17042.099471191,-nan
847,0,0,847,1.1472936697522e-10,1.5744303097164e-10,-2.0888315499802e-16,-5.7013851120631e-13,0,3.7e-11,1,0.000181,6.1502436842401e-13,-17127.201700256,-nan
848,0,0,848,1.15298610739e-10,1.5791057313625e-10,-8.4625131794979e-17,-5.6924376377622e-13,0,3.7e-11,1,0.000181,6.1809457659603e-13,-17212.188879388,-nan
849,0,0,849,1.1586691824128e-10,1.5797659816633e-10,-1.1950530443879e-17,-5.6830750228311e-13,0,3.7e-11,1,0.000181,6.2115982817876e-13,-17297.047107214,-nan
850,0,0,850,1.1643424781209e-10,1.5974139633454e-10,-3.1942846844493e-16,-5.6732957080483e-13,0,3.7e-11,1,0.000181,6.2421989791873e-13,-17381.713396946,-nan
851,0,0,851,1.1700055802037e-10,1.6001414763317e-10,-4.936798505216e-17,-5.6631020828579e-13,0,3.7e-11,1,0.000181,6.2727455995795e-13,-17466.267800456,-nan
852,0,0,852,1.1756580707907e-10,1.609892282749e-10,-1.7648959615419e-16,-5.652490587004e-13,0,3.7e-11,1,0.000181,6.3032358786049e-13,-17550.644770607,-nan
853,0,0,853,1.1812995308657e-10,1.6041459933208e-10,1.0400783865095e-16,-5.6414600749239e-13,0,3.7e-11,1,0.000181,6.3336675463932e-13,-17634.898916543,-nan
854,0,0,854,1.1869295378505e-10,1.6169331773468e-10,-2.3144803087033e-16,-5.6300069848017e-13,0,3.7e-11,1,0.000181,6.3640383278337e-13,-17718.931953791,-nan
855,0,0,855,1.1925476723556e-10,1.6275821347896e-10,-1.9274612971429e-16,-5.6181345051428e-13,0,3.7e-11,1,0.000181,6.3943459428472e-13,-17802.793489461,-nan
856,0,0,856,1.1981535142544e-10,1.6294588843182e-10,-3.3969166469138e-17,-5.6058418988112e-13,0,3.7e-11,1,0.000181,6.4245881066614e-13,-17886.495179877,-nan
857,0,0,857,1.2037466407433e-10,1.6423947604982e-10,-2.3413935885675e-16,-5.5931264888699e-13,0,3.7e-11,1,0.000181,6.4547625300871e-13,-17969.977113508,-nan
858,0,0,858,1.2093266294023e-10,1.6349852648283e-10,1.3411187162462e-16,-5.5799886590059e-13,0,3.7e-11,1,0.000181,6.4848669197977e-13,-18053.317859778,-nan
859,0,0,859,1.2148930531462e-10,1.6437976413068e-10,-1.5950401426077e-16,-5.5664237439503e-13,0,3.7e-11,1,0.000181,6.514898978609e-13,-18136.412211037,-nan
860,0,0,860,1.2204454873715e-10,1.650320632636e-10,-1.1806614305938e-16,-5.5524342253107e-13,0,3.7e-11,1,0.000181,6.544856405763e-13,-18219.303857504,-nan
861,0,0,861,1.2259835069245e-10,1.6502614679735e-10,1.0708803912261e-18,-5.5380195529502e-13,0,3.7e-11,1,0.000181,6.5747368972118e-13,-18301.998052841,-nan
862,0,0,862,1.2315066846589e-10,1.6592932151734e-10,-1.6347462431674e-16,-5.5231777343887e-13,0,3.7e-11,1,0.000181,6.6045381459045e-13,-18384.446059235,-nan
863,0,0,863,1.2370145950754e-10,1.6669736651695e-10,-1.3901614492952e-16,-5.5079104164752e-13,0,3.7e-11,1,0.000181,6.6342578420751e-13,-18466.669745288,-nan
864,0,0,864,1.242506812224e-10,1.6706035329432e-10,-6.5700606703911e-17,-5.4922171486753e-13,0,3.7e-11,1,0.000181,6.6638936735333e-13,-18548.670046059,-nan
865,0,0,865,1.247982909192e-10,1.6838814151619e-10,-2.4032966815971e-16,-5.4760969679632e-13,0,3.7e-11,1,0.000181,6.6934433259551e-13,-18630.403563623,-nan
866,0,0,866,1.2534424604943e-10,1.6854471255653e-10,-2.8339358300401e-17,-5.4595513023469e-13,0,3.7e-11,1,0.000181,6.7229044831775e-13,-18711.921674849,-nan
867,0,0,867,1.2588850382334e-10,1.695831207102e-10,-1.8795187581449e-16,-5.442577739076e-13,0,3.7e-11,1,0.000181,6.7522748274924e-13,-18793.162502388,-nan
868,0,0,868,1.2643102151691e-10,1.6938003899687e-10,3.6757790112174e-17,-5.4251769356357e-13,0,3.7e-11,1,0.000181,6.7815520399442e-13,-18874.177053882,-nan
869,0,0,869,1.2697175614485e-10,1.7006080503029e-10,-1.2321865204913e-16,-5.4073462794457e-13,0,3.7e-11,1,0.000181,6.8107338006269e-13,-18954.901469186,-nan
870,0,0,870,1.2751066486055e-10,1.7037451344581e-10,-5.6781223208747e-17,-5.3890871569667e-13,0,3.7e-11,1,0.000181,6.8398177889843e-13,-19035.36315867,-nan
871,0,0,871,1.2804770481634e-10,1.7131968578265e-10,-1.7107619296812e-16,-5.3703995579395e-13,0,3.7e-11,1,0.000181,6.8688016841109e-13,-19115.528737228,-nan
872,0,0,872,1.2858283338682e-10,1.7293031070692e-10,-2.9152311129275e-16,-5.3512857047949e-13,0,3.7e-11,1,0.000181,6.8976831650538e-13,-19195.390921395,-nan
873,0,0,873,1.291160080806e-10,1.7283929569962e-10,1.6473716321701e-17,-5.3317469377546e-13,0,3.7e-11,1,0.000181,6.9264599111167e-13,-19275.007341806,-nan
874,0,0,874,1.2964718602968e-10,1.7390236443617e-10,-1.9241544131646e-16,-5.3117794908816e-13,0,3.7e-11,1,0.000181,6.9551296021644e-13,-19354.294415667,-nan
875,0,0,875,1.3017632455976e-10,1.7424500676957e-10,-6.2018262345141e-17,-5.2913853007758e-13,0,3.7e-11,1,0.000181,6.9836899189291e-13,-19433.296433259,-nan
876,0,0,876,1.3070338085159e-10,1.7416134898973e-10,1.5142058150793e-17,-5.2705629182633e-13,0,3.7e-11,1,0.000181,7.012138543317e-13,-19511.999051429,-nan
877,0,0,877,1.312283120223e-10,1.7531872656689e-10,-2.0948534146552e-16,-5.2493117070777e-13,0,3.7e-11,1,0.000181,7.0404731587175e-13,-19590.350803761,-nan
878,0,0,878,1.3175107544589e-10,1.7470529904765e-10,1.110303809825e-16,-5.2276342359579e-13,0,3.7e-11,1,0.000181,7.0686914503112e-13,-19668.426726409,-nan
879,0,0,879,1.3227162815898e-10,1.7522193373833e-10,-9.3510879013087e-17,-5.2055271308423e-13,0,3.7e-11,1,0.000181,7.096791105381e-13,-19746.142002235,-nan
880,0,0,880,1.3278992751205e-10,1.7632365608505e-10,-1.9941174475727e-16,-5.1829935307224e-13,0,3.7e-11,1,0.000181,7.1247698136228e-13,-19823.504991832,-nan
881,0,0,881,1.3330593116755e-10,1.7716684648065e-10,-1.5261746160198e-16,-5.1600365550446e-13,0,3.7e-11,1,0.000181,7.1526252674577e-13,-19900.53217386,-nan
882,0,0,882,1.3381959676043e-10,1.7738915750319e-10,-4.0238295079978e-17,-5.1366559287681e-13,0,3.7e-11,1,0.000181,7.1803551623443e-13,-19977.227015518,-nan
883,0,0,883,1.3433088185182e-10,1.7864798426534e-10,-2.2784764394946e-16,-5.1128509139316e-13,0,3.7e-11,1,0.000181,7.2079571970925e-13,-20053.538385347,-nan
884,0,0,884,1.3483974424375e-10,1.7845788329437e-10,3.4408275745873e-17,-5.0886239192271e-13,0,3.7e-11,1,0.000181,7.2354290741775e-13,-20129.527156468,-nan
885,0,0,885,1.3534614155108e-10,1.7981134001943e-10,-2.4497566723587e-16,-5.0639730733907e-13,0,3.7e-11,1,0.000181,7.2627685000548e-13,-20205.106121926,-nan
886,0,0,886,1.3585003172003e-10,1.7945677841006e-10,6.4175651295271e-17,-5.0389016894162e-13,0,3.7e-11,1,0.000181,7.289973185475e-13,-20280.356882654,-nan
887,0,0,887,1.3635137238904e-10,1.7961184419852e-10,-2.8066907711811e-17,-5.013406690129e-13,0,3.7e-11,1,0.000181,7.3170408458e-13,-20355.213176831,-nan
888,0,0,888,1.3685012135693e-10,1.8025950645364e-10,-1.1722686817615e-16,-4.9874896788998e-13,0,3.7e-11,1,0.000181,7.343969201319e-13,-20429.669163246,-nan
889,0,0,889,1.3734623676652e-10,1.8138058821126e-10,-2.0291579812922e-16,-4.9611540958888e-13,0,3.7e-11,1,0.000181,7.3707559775655e-13,-20503.719110057,-nan
890,0,0,890,1.3783967704477e-10,1.8225268531098e-10,-1.5784957504963e-16,-4.934402782554e-13,0,3.7e-11,1,0.000181,7.3973989056334e-13,-20577.37633399,-nan
891,0,0,891,1.383304006389e-10,1.8254970521766e-10,-5.3760603109453e-17,-4.9072359412408e-13,0,3.7e-11,1,0.000181,7.4238957224952e-13,-20650.643443669,-nan
892,0,0,892,1.3881836590876e-10,1.8295881780848e-10,-7.4049378938025e-17,-4.8796526986137e-13,0,3.7e-11,1,0.000181,7.4502441713184e-13,-20723.495649206,-nan
893,0,0,893,1.3930353127959e-10,1.8281564381421e-10,2.5914492963059e-17,-4.8516537083206e-13,0,3.7e-11,1,0.000181,7.4764420017837e-13,-20795.944698829,-nan
894,0,0,894,1.3978585524654e-10,1.8408715466843e-10,-2.3014346461367e-16,-4.8232396695305e-13,0,3.7e-11,1,0.000181,7.502486970402e-13,-20867.931233619,-nan
895,0,0,895,1.4026529684737e-10,1.8504562570581e-10,-1.7348325776502e-16,-4.7944160082751e-13,0,3.7e-11,1,0.000181,7.5283768408325e-13,-20939.495832331,-nan
896,0,0,896,1.4074181521203e-10,1.8526034270615e-10,-3.8863777062123e-17,-4.7651836465435e-13,0,3.7e-11,1,0.000181,7.5541093841995e-13,-21010.644033149,-nan
897,0,0,897,1.4121536935055e-10,1.8564123105367e-10,-6.8940790901528e-17,-4.7355413852313e-13,0,3.7e-11,1,0.000181,7.5796823794106e-13,-21081.34512285,-nan
898,0,0,898,1.4168591841567e-10,1.8598547309663e-10,-6.2307809774598e-17,-4.7054906512049e-13,0,3.7e-11,1,0.000181,7.6050936134733e-13,-21151.598483655,-nan
899,0,0,899,1.4215342178831e-10,1.8711935564863e-10,-2.0523274191365e-16,-4.675033726432e-13,0,3.7e-11,1,0.000181,7.6303408818119e-13,-21221.375718223,-nan
900,0,0,900,1.4261783914799e-10,1.8667857429469e-10,7.9781425064551e-17,-4.6441735967542e-13,0,3.7e-11,1,0.000181,7.6554219885847e-13,-21290.734705994,-nan
901,0,0,901,1.4307912994594e-10,1.8716619014141e-10,-8.8258468256297e-17,-4.612907979558e-13,0,3.7e-11,1,0.000181,7.6803347469997e-13,-21359.601741904,-nan
902,0,0,902,1.4353725400893e-10,1.8782045300378e-10,-1.1842157808998e-16,-4.5812406298235e-13,0,3.7e-11,1,0.000181,7.7050769796308e-13,-21427.991415101,-nan
903,0,0,903,1.439921715659e-10,1.8940807584916e-10,-2.8735973501413e-16,-4.5491755697601e-13,0,3.7e-11,1,0.000181,7.7296465187327e-13,-21495.87706498,-nan
904,0,0,904,1.4444384326682e-10,1.897399125124e-10,-6.0062436046079e-17,-4.5167170092253e-13,0,3.7e-11,1,0.000181,7.7540412065563e-13,-21563.311981881,-nan
905,0,0,905,1.4489222955552e-10,1.8959875224995e-10,2.5550007503557e-17,-4.4838628869895e-13,0,3.7e-11,1,0.000181,7.7782588956623e-13,-21630.269102787,-nan
906,0,0,906,1.4533729084833e-10,1.9002980800698e-10,-7.8021092021526e-17,-4.4506129280759e-13,0,3.7e-11,1,0.000181,7.8022974492348e-13,-21696.714268043,-nan
907,0,0,907,1.4577898792423e-10,1.9043046643933e-10,-7.2519176255198e-17,-4.416970758957e-13,0,3.7e-11,1,0.000181,7.8261547413943e-13,-21762.657907989,-nan
908,0,0,908,1.4621728179793e-10,1.9066921052093e-10,-4.3212678770267e-17,-4.3829387370527e-13,0,3.7e-11,1,0.000181,7.8498286575092e-13,-21828.097755835,-nan
909,0,0,909,1.4665213373696e-10,1.9199866915676e-10,-2.4063201308508e-16,-4.348519390273e-13,0,3.7e-11,1,0.000181,7.8733170945067e-13,-21892.994173188,-nan
910,0,0,910,1.4708350548547e-10,1.9197047313632e-10,5.1034796996749e-18,-4.3137174850836e-13,0,3.7e-11,1,0.000181,7.8966179611835e-13,-21957.407619804,-nan
911,0,0,911,1.475113586249e-10,1.9192030942997e-10,9.079630848243e-18,-4.2785313943252e-13,0,3.7e-11,1,0.000181,7.9197291785144e-13,-22021.296259354,-nan
912,0,0,912,1.4793565487495e-10,1.9226682577246e-10,-6.271945799041e-17,-4.2429625005177e-13,0,3.7e-11,1,0.000181,7.94264867996e-13,-22084.643060996,-nan
913,0,0,913,1.4835635644626e-10,1.9385609925008e-10,-2.8765849944861e-16,-4.2070157131273e-13,0,3.7e-11,1,0.000181,7.9653744117742e-13,-22147.419515052,-nan
914,0,0,914,1.4877342615364e-10,1.9404907121431e-10,-3.4927925525093e-17,-4.1706970737171e-13,0,3.7e-11,1,0.000181,7.9879043333095e-13,-22209.691394915,-nan
915,0,0,915,1.4918682672297e-10,1.9482588060192e-10,-1.4060249915849e-16,-4.1340056933402e-13,0,3.7e-11,1,0.000181,8.0102364173214e-13,-22271.399617527,-nan
916,0,0,916,1.4959652109993e-10,1.9425210446919e-10,1.0385348002524e-16,-4.0969437696042e-13,0,3.7e-11,1,0.000181,8.0323686502714e-13,-22332.590931614,-nan
917,0,0,917,1.5000247209103e-10,1.9410795020151e-10,2.609192244988e-17,-4.059509910992e-13,0,3.7e-11,1,0.000181,8.0542990326288e-13,-22393.211669709,-nan
918,0,0,918,1.5040464288854e-10,1.9491910017811e-10,-1.4681814576574e-16,-4.0217079750674e-13,0,3.7e-11,1,0.000181,8.0760255791709e-13,-22453.242128028,-nan
919,0,0,919,1.5080299741661e-10,1.9651026830277e-10,-2.8800143056272e-16,-3.9835452807791e-13,0,3.7e-11,1,0.000181,8.0975463192817e-13,-22512.681657168,-nan
920,0,0,920,1.5119750007502e-10,1.9617368209855e-10,6.0922102964365e-17,-3.9450265840179e-13,0,3.7e-11,1,0.000181,8.118859297249e-13,-22571.598124318,-nan
921,0,0,921,1.5158811490927e-10,1.9584769214965e-10,5.9004180749361e-17,-3.9061483425015e-13,0,3.7e-11,1,0.000181,8.1399625725597e-13,-22629.933772881,-nan
922,0,0,922,1.5197480619437e-10,1.9678214642584e-10,-1.6913622398926e-16,-3.8669128510764e-13,0,3.7e-11,1,0.000181,8.1608542201941e-13,-22687.649488707,-nan
923,0,0,923,1.5235753898192e-10,1.9788856445213e-10,-2.0026166275849e-16,-3.8273278754688e-13,0,3.7e-11,1,0.000181,8.1815323309175e-13,-22744.769471667,-nan
924,0,0,924,1.5273627873066e-10,1.9820465444781e-10,-5.7212289217875e-17,-3.7873974873634e-13,0,3.7e-11,1,0.000181,8.2019950115703e-13,-22801.314571928,-nan
925,0,0,925,1.5311099083856e-10,1.975788514029e-10,1.1327035112908e-16,-3.7471210790649e-13,0,3.7e-11,1,0.000181,8.2222403853568e-13,-22857.283719047,-nan
926,0,0,926,1.5348164071096e-10,1.9827891592328e-10,-1.2671167818952e-16,-3.7064987239568e-13,0,3.7e-11,1,0.000181,8.242266592131e-13,-22912.6104565,-nan
927,0,0,927,1.5384819442831e-10,1.984845248983e-10,-3.7215224478659e-17,-3.6655371734766e-13,0,3.7e-11,1,0.000181,8.2620717886815e-13,-22967.338917321,-nan
928,0,0,928,1.5421061831689e-10,1.9856896835293e-10,-1.5284265287809e-17,-3.6242388857837e-13,0,3.7e-11,1,0.000181,8.2816541490133e-13,-23021.453984413,-nan
929,0,0,929,1.5456887895384e-10,1.9886511928461e-10,-5.3603318633522e-17,-3.5826063695861e-13,0,3.7e-11,1,0.000181,8.3010118646281e-13,-23074.941670487,-nan
930,0,0,930,1.5492294343972e-10,2.0050693630944e-10,-2.9716888149539e-16,-3.540644858732e-13,0,3.7e-11,1,0.000181,8.3201431448026e-13,-23127.766415447,-nan
931,0,0,931,1.5527277965093e-10,2.0122050258426e-10,-1.2915549574132e-16,-3.4983621121146e-13,0,3.7e-11,1,0.000181,8.3390462168635e-13,-23179.984879791,-nan
932,0,0,932,1.5561835550737e-10,2.0114910155994e-10,1.2923585401012e-17,-3.4557585643697e-13,0,3.7e-11,1,0.000181,8.3577193264615e-13,-23231.588400774,-nan
933,0,0,933,1.5595963897545e-10,2.0197867206702e-10,-1.501522617821e-16,-3.4128346808566e-13,0,3.7e-11,1,0.000181,8.3761607378422e-13,-23282.526629208,-nan
934,0,0,934,1.5629659860557e-10,2.0242796389859e-10,-8.132182151384e-17,-3.3695963011761e-13,0,3.7e-11,1,0.000181,8.3943687341146e-13,-23332.829497402,-nan
935,0,0,935,1.5662920318647e-10,2.0225041708366e-10,3.213597350336e-17,-3.3260458090593e-13,0,3.7e-11,1,0.000181,8.4123416175169e-13,-23382.499008658,-nan
936,0,0,936,1.569574216671e-10,2.0285071306438e-10,-1.0865357251168e-16,-3.2821848062226e-13,0,3.7e-11,1,0.000181,8.4300777096809e-13,-23431.492562048,-nan
937,0,0,937,1.5728122353657e-10,2.0278658916079e-10,1.1606426550577e-17,-3.2380186947562e-13,0,3.7e-11,1,0.000181,8.4475753518922e-13,-23479.844581743,-nan
938,0,0,938,1.5760057852305e-10,2.0323267710365e-10,-8.0741917656821e-17,-3.1935498647637e-13,0,3.7e-11,1,0.000181,8.4648329053486e-13,-23527.518800731,-nan
939,0,0,939,1.5791545687637e-10,2.0382848702453e-10,-1.078415956797e-16,-3.1487835332137e-13,0,3.7e-11,1,0.000181,8.4818487514163e-13,-23574.520519668,-nan
940,0,0,940,1.5822582922338e-10,2.0328786326648e-10,9.7852900205864e-17,-3.1037234701036e-13,0,3.7e-11,1,0.000181,8.4986212918818e-13,-23620.880113503,-nan
941,0,0,941,1.5853166626453e-10,2.0393158217603e-10,-1.1651312262743e-16,-3.0583704114742e-13,0,3.7e-11,1,0.000181,8.5151489492029e-13,-23666.530483523,-nan
942,0,0,942,1.5883293945414e-10,2.0476045006099e-10,-1.500250871778e-16,-3.0127318960706e-13,0,3.7e-11,1,0.000181,8.5314301667548e-13,-23711.494372506,-nan
943,0,0,943,1.5912962074178e-10,2.047205637842e-10,7.2194160983619e-18,-2.9668128764475e-13,0,3.7e-11,1,0.000181,8.5474634090751e-13,-23755.796075815,-nan
944,0,0,944,1.5942168211461e-10,2.0426411880169e-10,8.2616541834004e-17,-2.9206137283416e-13,0,3.7e-11,1,0.000181,8.5632471621047e-13,-23799.419189056,-nan
945,0,0,945,1.5970909578358e-10,2.0452715683994e-10,-4.7609884923257e-17,-2.8741366896193e-13,0,3.7e-11,1,0.000181,8.5787799334259e-13,-23842.32885892,-nan
946,0,0,946,1.5999183466549e-10,2.0542954561596e-10,-1.6333236845935e-16,-2.8273888191194e-13,0,3.7e-11,1,0.000181,8.5940602524975e-13,-23884.523207068,-nan
947,0,0,947,1.6026987237203e-10,2.0598657123735e-10,-1.0082163747165e-16,-2.7803770654348e-13,0,3.7e-11,1,0.000181,8.6090866708866e-13,-23926.024907069,-nan
948,0,0,948,1.6054318274919e-10,2.0545053867281e-10,9.7021894182948e-17,-2.7331037715486e-13,0,3.7e-11,1,0.000181,8.6238577624979e-13,-23966.850261563,-nan
949,0,0,949,1.6081173974809e-10,2.0644257207549e-10,-1.7955804588633e-16,-2.6855699890205e-13,0,3.7e-11,1,0.000181,8.6383721237982e-13,-24006.924539726,-nan
950,0,0,950,1.6107551822311e-10,2.0732201135708e-10,-1.5917850996679e-16,-2.6377847502339e-13,0,3.7e-11,1,0.000181,8.6526283740395e-13,-24046.288328962,-nan
951,0,0,951,1.6133449351259e-10,2.0770106034023e-10,-6.8607865951312e-17,-2.589752894802e-13,0,3.7e-11,1,0.000181,8.6666251554773e-13,-24084.948427754,-nan
952,0,0,952,1.6158864110934e-10,2.0737383873011e-10,5.9227111432922e-17,-2.5414759674621e-13,0,3.7e-11,1,0.000181,8.6803611335864e-13,-24122.906741008,-nan
953,0,0,953,1.6183793665954e-10,2.0751130668249e-10,-2.4881699380684e-17,-2.4929555020638e-13,0,3.7e-11,1,0.000181,8.6938349972725e-13,-24160.127984625,-nan
954,0,0,954,1.6208235640059e-10,2.0804256537295e-10,-9.6157822974271e-17,-2.4441974104753e-13,0,3.7e-11,1,0.000181,8.7070454590809e-13,-24196.610526543,-nan
955,0,0,955,1.6232187723337e-10,2.087695042738e-10,-1.3157594105396e-16,-2.3952083277507e-13,0,3.7e-11,1,0.000181,8.7199912554018e-13,-24232.356271927,-nan
956,0,0,956,1.6255647645622e-10,2.078240609895e-10,1.7112523445916e-16,-2.3459922285412e-13,0,3.7e-11,1,0.000181,8.7326711466711e-13,-24267.412319125,-nan
957,0,0,957,1.6278613129893e-10,2.0815067440849e-10,-5.9117028837242e-17,-2.2965484270369e-13,0,3.7e-11,1,0.000181,8.7450839175685e-13,-24301.695688645,-nan
958,0,0,958,1.6301081982814e-10,2.0893565537197e-10,-1.4208155438959e-16,-2.24688529218e-13,0,3.7e-11,1,0.000181,8.7572283772118e-13,-24335.225096987,-nan
959,0,0,959,1.6323052087259e-10,2.0969174489075e-10,-1.3685220289991e-16,-2.1970104444214e-13,0,3.7e-11,1,0.000181,8.7691033593467e-13,-24368.010552002,-nan
960,0,0,960,1.6344521368962e-10,2.0978281141523e-10,-1.6483040930922e-17,-2.1469281703329e-13,0,3.7e-11,1,0.000181,8.7807077225342e-13,-24400.066149134,-nan
961,0,0,961,1.6365487771501e-10,2.0969290900519e-10,1.6272336217979e-17,-2.0966402539184e-13,0,3.7e-11,1,0.000181,8.7920403503325e-13,-24431.375735177,-nan
962,0,0,962,1.6385949269709e-10,2.0944100718456e-10,4.5594229533757e-17,-2.0461498207574e-13,0,3.7e-11,1,0.000181,8.8031001514771e-13,-24461.935773449,-nan
963,0,0,963,1.6405903878437e-10,2.093247078587e-10,2.105017797988e-17,-1.9954608728696e-13,0,3.7e-11,1,0.000181,8.8138860600549e-13,-24491.735256421,-nan
964,0,0,964,1.6425349674678e-10,2.1032111166231e-10,-1.803490884537e-16,-1.9445796240586e-13,0,3.7e-11,1,0.000181,8.8243970356759e-13,-24520.74490452,-nan
965,0,0,965,1.6444284823297e-10,2.1075464954306e-10,-7.8470356415058e-17,-1.8935148618902e-13,0,3.7e-11,1,0.000181,8.8346320636404e-13,-24549.007263163,-nan
966,0,0,966,1.6462707517823e-10,2.1040783265331e-10,6.2773857044521e-17,-1.8422694525919e-13,0,3.7e-11,1,0.000181,8.8445901551023e-13,-24576.525512993,-nan
967,0,0,967,1.6480615970129e-10,2.1077173888159e-10,-6.5867027318111e-17,-1.7908452306294e-13,0,3.7e-11,1,0.000181,8.8542703472282e-13,-24603.256684568,-nan
968,0,0,968,1.6498008457874e-10,2.1079388965329e-10,-4.00928967882e-18,-1.7392487744484e-13,0,3.7e-11,1,0.000181,8.8636717033523e-13,-24629.226651442,-nan
969,0,0,969,1.6514883299997e-10,2.1073426169543e-10,1.079266037403e-17,-1.6874842123458e-13,0,3.7e-11,1,0.000181,8.872793313128e-13,-24654.42587705,-nan
970,0,0,970,1.6531238867338e-10,2.1163373891865e-10,-1.6280537740309e-16,-1.6355567340804e-13,0,3.7e-11,1,0.000181,8.8816342926744e-13,-24678.82379672,-nan
971,0,0,971,1.6547073605378e-10,2.1129324997352e-10,6.1628499069002e-17,-1.5834738040039e-13,0,3.7e-11,1,0.000181,8.8901937847193e-13,-24702.477523598,-nan
972,0,0,972,1.6562385978456e-10,2.1191547799642e-10,-1.1262327214611e-16,-1.5312373078677e-13,0,3.7e-11,1,0.000181,8.8984709587372e-13,-24725.325232649,-nan
973,0,0,973,1.6577174509683e-10,2.1081485459072e-10,1.9921283643251e-16,-1.4788531226193e-13,0,3.7e-11,1,0.000181,8.9064650110845e-13,-24747.4373015,-nan
974,0,0,974,1.6591437728293e-10,2.1131577246182e-10,-9.0666134670303e-17,-1.4263218610781e-13,0,3.7e-11,1,0.000181,8.9141751651286e-13,-24768.721685549,-nan
975,0,0,975,1.6605174262359e-10,2.1194555537858e-10,-1.1399070793196e-16,-1.3736534065586e-13,0,3.7e-11,1,0.000181,8.9216006713744e-13,-24789.216138281,-nan
976,0,0,976,1.661838281254e-10,2.126521643829e-10,-1.278962297834e-16,-1.3208550180484e-13,0,3.7e-11,1,0.000181,8.9287408075852e-13,-24808.920125973,-nan
977,0,0,977,1.6631062129257e-10,2.1283007929683e-10,-3.2202599419708e-17,-1.267931671714e-13,0,3.7e-11,1,0.000181,8.9355948789e-13,-24827.848148158,-nan
978,0,0,978,1.6643210994965e-10,2.1317663204723e-10,-6.2726047823875e-17,-1.2148865708573e-13,0,3.7e-11,1,0.000181,8.9421622179463e-13,-24845.979539981,-nan
979,0,0,979,1.6654828240583e-10,2.1310052894326e-10,1.377466181946e-17,-1.1617245617882e-13,0,3.7e-11,1,0.000181,8.9484421849481e-13,-24863.328536672,-nan
980,0,0,980,1.6665912720821e-10,2.1182800405421e-10,2.3032700491766e-16,-1.1084480237585e-13,0,3.7e-11,1,0.000181,8.9544341678302e-13,-24879.914340671,-nan
981,0,0,981,1.6676463317553e-10,2.1337247415906e-10,-2.7954908897775e-16,-1.0550596732641e-13,0,3.7e-11,1,0.000181,8.9601375823172e-13,-24895.626811664,-nan
982,0,0,982,1.6686479045792e-10,2.1284774478847e-10,9.4976016076971e-17,-1.0015728238288e-13,0,3.7e-11,1,0.000181,8.9655518720285e-13,-24910.596538168,-nan
983,0,0,983,1.6695958918451e-10,2.1249394237197e-10,6.4038237386721e-17,-9.4798726593137e-14,0,3.7e-11,1,0.000181,8.9706765085693e-13,-24924.761502306,-nan
984,0,0,984,1.6704901999789e-10,2.1346629100495e-10,-1.7599510257063e-16,-8.943081338429e-14,0,3.7e-11,1,0.000181,8.9755109916156e-13,-24938.089084549,-nan
985,0,0,985,1.67133074506e-10,2.1331881564885e-10,2.6693039454657e-17,-8.405450811044e-14,0,3.7e-11,1,0.000181,8.9800548489967e-13,-24950.644139222,-nan
986,0,0,986,1.6721174456277e-10,2.1361222015131e-10,-5.3106214944154e-17,-7.8670056762228e-14,0,3.7e-11,1,0.000181,8.984307636771e-13,-24962.383268765,-nan
987,0,0,987,1.672850225491e-10,2.1328528557118e-10,5.9175159002263e-17,-7.3277986338257e-14,0,3.7e-11,1,0.000181,8.9882689392991e-13,-24973.334017085,-nan
988,0,0,988,1.6735290111677e-10,2.1250724799615e-10,1.4082480108178e-16,-6.7878567665655e-14,0,3.7e-11,1,0.000181,8.9919383693112e-13,-24983.490712988,-nan
989,0,0,989,1.6741537333535e-10,2.1310068591489e-10,-1.0741226329221e-16,-6.2472218581239e-14,0,3.7e-11,1,0.000181,8.9953155679699e-13,-24992.803062745,-nan
990,0,0,990,1.6747243335185e-10,2.140511095326e-10,-1.7202667480578e-16,-5.706001650195e-14,0,3.7e-11,1,0.000181,8.9984002049294e-13,-25001.297611024,-nan
991,0,0,991,1.6752407591092e-10,2.1288704410261e-10,2.10695842828e-16,-5.1642559069863e-14,0,3.7e-11,1,0.000181,9.0011919783885e-13,-25009.040369709,-nan
992,0,0,992,1.6757029568446e-10,2.1394512215123e-10,-1.9151212680087e-16,-4.6219773531576e-14,0,3.7e-11,1,0.000181,9.0036906151405e-13,-25015.913336919,-nan
993,0,0,993,1.6761108850863e-10,2.1442454870846e-10,-8.6776206858047e-17,-4.0792824174224e-14,0,3.7e-11,1,0.000181,9.0058958706175e-13,-25021.991588071,-nan
994,0,0,994,1.6764645059968e-10,2.135187176168e-10,1.6395542759095e-16,-3.5362091054289e-14,0,3.7e-11,1,0.000181,9.0078075289303e-13,-25027.296358339,-nan
995,0,0,995,1.6767637814429e-10,2.1324739789062e-10,4.9108870438338e-17,-2.9927544608518e-14,0,3.7e-11,1,0.000181,9.0094254029035e-13,-25031.772489962,-nan
996,0,0,996,1.6770086811659e-10,2.1431600378544e-10,-1.9341766696279e-16,-2.4489972296207e-14,0,3.7e-11,1,0.000181,9.0107493341063e-13,-25035.400465866,-nan
997,0,0,997,1.6771991853311e-10,2.1436708828404e-10,-9.2462942473278e-18,-1.9050416521031e-14,0,3.7e-11,1,0.000181,9.0117791928782e-13,-25038.243704663,-nan
998,0,0,998,1.6773352764315e-10,2.1421143310927e-10,2.8173586633405e-17,-1.3609110041069e-14,0,3.7e-11,1,0.000181,9.01251487835e-13,-25040.280031918,-nan
999,0,0,999,1.6774169401951e-10,2.1383987756444e-10,6.7251553615082e-17,-8.1663763618243e-15,0,3.7e-11,1,0.000181,9.0129563184609e-13,-25041.509482107,-nan
1000,0,0,1000,1.6774441667219e-10,2.1358942902544e-10,4.5331185559353e-17,-2.722652681855e-15,0,3.7e-11,1,0.000181,9.0131034699694e-13,-25041.922799095,-nan
1001,0,0,1001,1.6774169516963e-10,2.1331109940573e-10,5.0377661167865e-17,2.7215025593072e-15,0,3.7e-11,1,0.000181,9.0129563184609e-13,-25041.523945146,-nan
1002,0,0,1002,1.6773352970209e-10,2.1388937254484e-10,-1.0466743817995e-16,8.1654675477911e-15,0,3.7e-11,1,0.000181,9.01251487835e-13,-25040.2890437,-nan
1003,0,0,1003,1.6771992118935e-10,2.1298902999492e-10,1.6296200153625e-16,1.360851273948e-14,0,3.7e-11,1,0.000181,9.0117791928782e-13,-25038.281346113,-nan
1004,0,0,1004,1.6770087078931e-10,2.1427446671909e-10,-2.3266404707541e-16,1.9050400036769e-14,0,3.7e-11,1,0.000181,9.0107493341063e-13,-25035.401987582,-nan
1005,0,0,1005,1.6767638081097e-10,2.1432818791492e-10,-9.7235364456804e-18,2.4489978338554e-14,0,3.7e-11,1,0.000181,9.0094254029035e-13,-25031.743677611,-nan
1006,0,0,1006,1.6764645375315e-10,2.1377076901714e-10,1.0089282049847e-16,2.9927057825006e-14,0,3.7e-11,1,0.000181,9.0078075289303e-13,-25027.290017016,-nan
1007,0,0,1007,1.6761109235135e-10,2.1399114314204e-10,-3.9887716606891e-17,3.5361401794153e-14,0,3.7e-11,1,0.000181,9.0058958706175e-13,-25022.003875533,-nan
1008,0,0,1008,1.6757030001539e-10,2.1309052601511e-10,1.630116999749e-16,4.0792335960671e-14,0,3.7e-11,1,0.000181,9.0036906151405e-13,-25015.93708081,-nan
1009,0,0,1009,1.6752408043996e-10,2.1348684976051e-10,-7.1734597918084e-17,4.6219575427893e-14,0,3.7e-11,1,0.000181,9.0011919783885e-13,-25009.024835024,-nan
1010,0,0,1010,1.6747243827008e-10,2.1391570557928e-10,-7.7622903196655e-17,5.1642169884797e-14,0,3.7e-11,1,0.000181,8.9984002049294e-13,-25001.302004983,-nan
1011,0,0,1011,1.6741537870719e-10,2.1317697222046e-10,1.3371073794588e-16,5.7059562885666e-14,0,3.7e-11,1,0.000181,8.9953155679699e-13,-24992.801803079,-nan
1012,0,0,1012,1.6735290700752e-10,2.1243917318814e-10,1.3354162485052e-16,6.2471699670472e-14,0,3.7e-11,1,0.000181,8.9919383693112e-13,-24983.493432459,-nan
1013,0,0,1013,1.6728502890932e-10,2.1241934094699e-10,3.5896356486278e-18,6.7878098206122e-14,0,3.7e-11,1,0.000181,8.9882689392991e-13,-24973.358370704,-nan
1014,0,0,1014,1.6721175097715e-10,2.1246968390276e-10,-9.1120749955619e-18,7.3277932163873e-14,0,3.7e-11,1,0.000181,8.984307636771e-13,-24962.415105923,-nan
1015,0,0,1015,1.671330804411e-10,2.1290854390112e-10,-7.9433659702467e-17,7.8670536054146e-14,0,3.7e-11,1,0.000181,8.9800548489967e-13,-24950.65611388,-nan
1016,0,0,1016,1.6704902525186e-10,2.1365700681401e-10,-1.3547178723282e-16,8.4055189242028e-14,0,3.7e-11,1,0.000181,8.9755109916156e-13,-24938.084714592,-nan
1017,0,0,1017,1.6695959393258e-10,2.1326150442216e-10,7.1585932923442e-17,8.943131927826e-14,0,3.7e-11,1,0.000181,8.9706765085693e-13,-24924.74146637,-nan
1018,0,0,1018,1.6686479513362e-10,2.13253583546e-10,1.4336785861792e-18,9.4798798959033e-14,0,3.7e-11,1,0.000181,8.9655518720285e-13,-24910.586267732,-nan
1019,0,0,1019,1.6676463807263e-10,2.1327906448332e-10,-4.6120496557801e-18,1.001570609885e-13,0,3.7e-11,1,0.000181,8.9601375823172e-13,-24895.630067487,-nan
1020,0,0,1020,1.6665913253337e-10,2.1322537540208e-10,9.7177237046527e-18,1.0550553926494e-13,0,3.7e-11,1,0.000181,8.9544341678302e-13,-24879.877369034,-nan
1021,0,0,1021,1.6654828869974e-10,2.1228286201501e-10,1.7059492306005e-16,1.1084383362232e-13,0,3.7e-11,1,0.000181,8.9484421849481e-13,-24863.351575589,-nan
1022,0,0,1022,1.6643211704515e-10,2.1273415063556e-10,-8.1683240319867e-17,1.161716545896e-13,0,3.7e-11,1,0.000181,8.9421622179463e-13,-24845.992558443,-nan
1023,0,0,1023,1.6631062886393e-10,2.1150162045417e-10,2.2308796283185e-16,1.2148818122721e-13,0,3.7e-11,1,0.000181,8.9355948789e-13,-24827.885183011,-nan
1024,0,0,1024,1.6618383561939e-10,2.1223142577233e-10,-1.3209476258706e-16,1.2679324453378e-13,0,3.7e-11,1,0.000181,8.9287408075852e-13,-24808.932616295,-nan
1025,0,0,1025,1.6605174985244e-10,2.1237617404093e-10,-2.6199436616068e-17,1.3208576695275e-13,0,3.7e-11,1,0.000181,8.9216006713744e-13,-24789.205579355,-nan
1026,0,0,1026,1.6591438441974e-10,2.1100083398211e-10,2.4893655064548e-16,1.3736543270072e-13,0,3.7e-11,1,0.000181,8.9141751651286e-13,-24768.731263071,-nan
1027,0,0,1027,1.6577175212772e-10,2.1080250529225e-10,3.5897492864332e-17,1.4263229201567e-13,0,3.7e-11,1,0.000181,8.9064650110845e-13,-24747.438685123,-nan
1028,0,0,1028,1.6562386667018e-10,2.1120101334667e-10,-7.2129957849672e-17,1.4788545754274e-13,0,3.7e-11,1,0.000181,8.8984709587372e-13,-24725.345570668,-nan
1029,0,0,1029,1.6547074250447e-10,2.1063341560382e-10,1.0273519145633e-16,1.5312416571252e-13,0,3.7e-11,1,0.000181,8.8901937847193e-13,-24702.49632018,-nan
1030,0,0,1030,1.6531239441645e-10,2.1165791667292e-10,-1.8543469350632e-16,1.5834808801711e-13,0,3.7e-11,1,0.000181,8.8816342926744e-13,-24678.824000826,-nan
1031,0,0,1031,1.6514883813132e-10,2.1165931730275e-10,-2.5351399940918e-19,1.6355628513646e-13,0,3.7e-11,1,0.000181,8.872793313128e-13,-24654.401641763,-nan
1032,0,0,1032,1.6498008949276e-10,2.1043182506767e-10,2.2217609454814e-16,1.6874863856041e-13,0,3.7e-11,1,0.000181,8.8636717033523e-13,-24629.237170736,-nan
1033,0,0,1033,1.6480616435798e-10,2.1038624114729e-10,8.2506895897042e-18,1.7392513477987e-13,0,3.7e-11,1,0.000181,8.8542703472282e-13,-24603.267798765,-nan
1034,0,0,1034,1.6462707939613e-10,2.1003184009582e-10,6.4146590315382e-17,1.7908496184405e-13,0,3.7e-11,1,0.000181,8.8445901551023e-13,-24576.536304774,-nan
1035,0,0,1035,1.6444285183851e-10,2.1048123230405e-10,-8.1339989688983e-17,1.8422755761975e-13,0,3.7e-11,1,0.000181,8.8346320636404e-13,-24549.0151912,-nan
1036,0,0,1036,1.6425349960196e-10,2.1003021672413e-10,8.1633819965005e-17,1.8935223655596e-13,0,3.7e-11,1,0.000181,8.8243970356759e-13,-24520.753192882,-nan
1037,0,0,1037,1.6405904084422e-10,2.0998419296e-10,8.3303013085942e-18,1.9445875773345e-13,0,3.7e-11,1,0.000181,8.8138860600549e-13,-24491.717740077,-nan
1038,0,0,1038,1.6385949426275e-10,2.0982366854568e-10,2.9054918991729e-17,1.9954658147498e-13,0,3.7e-11,1,0.000181,8.8031001514771e-13,-24461.925665035,-nan
1039,0,0,1039,1.6365487904532e-10,2.0985867498228e-10,-6.3361650247724e-18,2.0461521742819e-13,0,3.7e-11,1,0.000181,8.7920403503325e-13,-24431.371453658,-nan
1040,0,0,1040,1.6344521483997e-10,2.0909569154566e-10,1.3810000202843e-16,2.0966420535369e-13,0,3.7e-11,1,0.000181,8.7807077225342e-13,-24400.084891712,-nan
1041,0,0,1041,1.6323052144064e-10,2.0808533019937e-10,1.8287540367737e-16,2.1469339932385e-13,0,3.7e-11,1,0.000181,8.7691033593467e-13,-24368.054053438,-nan
1042,0,0,1042,1.6301081915094e-10,2.0929535284294e-10,-2.1901409848541e-16,2.1970228970305e-13,0,3.7e-11,1,0.000181,8.7572283772118e-13,-24335.215274313,-nan
1043,0,0,1043,1.6278612946559e-10,2.091784536923e-10,2.1158746265658e-17,2.2468968535038e-13,0,3.7e-11,1,0.000181,8.7450839175685e-13,-24301.667637072,-nan
1044,0,0,1044,1.6255647394759e-10,2.082213525933e-10,1.7323529891926e-16,2.2965551799988e-13,0,3.7e-11,1,0.000181,8.7326711466711e-13,-24267.401206924,-nan
1045,0,0,1045,1.6232187429263e-10,2.0868792699364e-10,-8.4449966460966e-17,2.3459965495634e-13,0,3.7e-11,1,0.000181,8.7199912554018e-13,-24232.358037606,-nan
1046,0,0,1046,1.6208235301143e-10,2.0793356272262e-10,1.3653993305302e-16,2.3952128120637e-13,0,3.7e-11,1,0.000181,8.7070454590809e-13,-24196.612966488,-nan
1047,0,0,1047,1.6183793281962e-10,2.0816638451477e-10,-4.2140744377705e-17,2.4442019180182e-13,0,3.7e-11,1,0.000181,8.6938349972725e-13,-24160.10970644,-nan
1048,0,0,1048,1.6158863709095e-10,2.0780370534647e-10,6.5644929460956e-17,2.4929572867032e-13,0,3.7e-11,1,0.000181,8.6803611335864e-13,-24122.894522963,-nan
1049,0,0,1049,1.6133448948904e-10,2.072841412292e-10,9.4041105226153e-17,2.5414760191756e-13,0,3.7e-11,1,0.000181,8.6666251554773e-13,-24084.959095039,-nan
1050,0,0,1050,1.6107551404419e-10,2.0724722785555e-10,6.6813206304294e-18,2.5897544484547e-13,0,3.7e-11,1,0.000181,8.6526283740395e-13,-24046.289726138,-nan
1051,0,0,1051,1.6081173536723e-10,2.0690381631461e-10,6.2157488909806e-17,2.637786769564e-13,0,3.7e-11,1,0.000181,8.6383721237982e-13,-24006.911419513,-nan
1052,0,0,1052,1.6054317839672e-10,2.0624581477879e-10,1.1909827798509e-16,2.6855697051176e-13,0,3.7e-11,1,0.000181,8.6238577624979e-13,-23966.828117702,-nan
1053,0,0,1053,1.6026986835518e-10,2.0568751625956e-10,1.0105203198052e-16,2.7331004153734e-13,0,3.7e-11,1,0.000181,8.6090866708866e-13,-23926.032389838,-nan
1054,0,0,1054,1.5999183095836e-10,2.05756591451e-10,-1.2502609651302e-17,2.7803739682152e-13,0,3.7e-11,1,0.000181,8.5940602524975e-13,-23884.513814441,-nan
1055,0,0,1055,1.597090925354e-10,2.052050193432e-10,9.9834551512633e-17,2.8273842296807e-13,0,3.7e-11,1,0.000181,8.5787799334259e-13,-23842.310053292,-nan
1056,0,0,1056,1.5942167971949e-10,2.0538141667482e-10,-3.192791702356e-17,2.8741281590434e-13,0,3.7e-11,1,0.000181,8.5632471621047e-13,-23799.388634175,-nan
1057,0,0,1057,1.5912961969426e-10,2.0470141155189e-10,1.230809272502e-16,2.920600252316e-13,0,3.7e-11,1,0.000181,8.5474634090751e-13,-23755.796437027,-nan
1058,0,0,1058,1.5883293977259e-10,2.038742963091e-10,1.4970785894437e-16,2.9667992166559e-13,0,3.7e-11,1,0.000181,8.5314301667548e-13,-23711.51837016,-nan
1059,0,0,1059,1.5853166759422e-10,2.0371829829089e-10,2.8235641297002e-17,3.0127217837007e-13,0,3.7e-11,1,0.000181,8.5151489492029e-13,-23666.536446503,-nan
1060,0,0,1060,1.5822583145345e-10,2.0368027619117e-10,6.8820000489174e-18,3.0583614077805e-13,0,3.7e-11,1,0.000181,8.4986212918818e-13,-23620.869840743,-nan
1061,0,0,1061,1.5791546012361e-10,2.0339974723447e-10,5.0775741162097e-17,3.1037132983748e-13,0,3.7e-11,1,0.000181,8.4818487514163e-13,-23574.53259211,-nan
1062,0,0,1062,1.5760058266724e-10,2.0295239493575e-10,8.0970766068806e-17,3.1487745636915e-13,0,3.7e-11,1,0.000181,8.4648329053486e-13,-23527.526994737,-nan
1063,0,0,1063,1.5728122846215e-10,2.0270638255155e-10,4.4528241539093e-17,3.1935420509243e-13,0,3.7e-11,1,0.000181,8.4475753518922e-13,-23479.847484979,-nan
1064,0,0,1064,1.5695742734688e-10,2.0266946090992e-10,6.682817135053e-18,3.2380111526454e-13,0,3.7e-11,1,0.000181,8.4300777096809e-13,-23431.498308863,-nan
1065,0,0,1065,1.566292095619e-10,2.0187917396402e-10,1.4304193720909e-16,3.2821778498128e-13,0,3.7e-11,1,0.000181,8.4123416175169e-13,-23382.509994238,-nan
1066,0,0,1066,1.5629660542344e-10,2.0082237926139e-10,1.9127984117603e-16,3.3260413845976e-13,0,3.7e-11,1,0.000181,8.3943687341146e-13,-23332.87390963,-nan
1067,0,0,1067,1.5595964561986e-10,2.0165680750769e-10,-1.5103151258018e-16,3.3695980357981e-13,0,3.7e-11,1,0.000181,8.3761607378422e-13,-23282.536320398,-nan
1068,0,0,1068,1.5561836176332e-10,2.0110163351911e-10,1.0048649193303e-16,3.4128385653619e-13,0,3.7e-11,1,0.000181,8.3577193264615e-13,-23231.590617838,-nan
1069,0,0,1069,1.5527278542068e-10,2.0001512389395e-10,1.9665824215333e-16,3.4557634264068e-13,0,3.7e-11,1,0.000181,8.3390462168635e-13,-23180.018319137,-nan
1070,0,0,1070,1.5492294829532e-10,2.0018934200848e-10,-3.1533478729637e-17,3.4983712536308e-13,0,3.7e-11,1,0.000181,8.3201431448026e-13,-23127.775724118,-nan
1071,0,0,1071,1.5456888287471e-10,2.0047506265268e-10,-5.1715436599948e-17,3.5406542061128e-13,0,3.7e-11,1,0.000181,8.3010118646281e-13,-23074.89874397,-nan
1072,0,0,1072,1.5421062197954e-10,1.9897986666443e-10,2.7063047387287e-16,3.5826089517226e-13,0,3.7e-11,1,0.000181,8.2816541490133e-13,-23021.443425963,-nan
1073,0,0,1073,1.5384819819571e-10,1.9845115913324e-10,9.5696063144924e-17,3.624237838244e-13,0,3.7e-11,1,0.000181,8.2620717886815e-13,-22967.34038165,-nan
1074,0,0,1074,1.5348164476519e-10,1.9928708675239e-10,-1.5130289906644e-16,3.6655343052475e-13,0,3.7e-11,1,0.000181,8.242266592131e-13,-22912.583814019,-nan
1075,0,0,1075,1.5311099563216e-10,1.9771301197169e-10,2.849075353078e-16,3.7064913303065e-13,0,3.7e-11,1,0.000181,8.2222403853568e-13,-22857.280808868,-nan
1076,0,0,1076,1.5273628446864e-10,1.9810115446799e-10,-7.0253791831204e-17,3.7471116351699e-13,0,3.7e-11,1,0.000181,8.2019950115703e-13,-22801.318226024,-nan
1077,0,0,1077,1.5235754561078e-10,1.9677684721689e-10,2.3969961244926e-16,3.7873885785752e-13,0,3.7e-11,1,0.000181,8.1815323309175e-13,-22744.800507905,-nan
1078,0,0,1078,1.5197481330376e-10,1.960447067104e-10,1.3251743167516e-16,3.8273230702567e-13,0,3.7e-11,1,0.000181,8.1608542201941e-13,-22687.670481087,-nan
1079,0,0,1079,1.5158812223187e-10,1.9610619761465e-10,-1.1129853670098e-17,3.8669107189215e-13,0,3.7e-11,1,0.000181,8.1399625725597e-13,-22629.927879662,-nan
1080,0,0,1080,1.5119750772224e-10,1.9611981302879e-10,-2.4643899589098e-18,3.906145096208e-13,0,3.7e-11,1,0.000181,8.118859297249e-13,-22571.600722127,-nan
1081,0,0,1081,1.508030053927e-10,1.9551928839531e-10,1.086949586594e-16,3.9450232954114e-13,0,3.7e-11,1,0.000181,8.0975463192817e-13,-22512.709631403,-nan
1082,0,0,1082,1.504046509242e-10,1.9499561179333e-10,9.4785464959402e-17,3.9835446850769e-13,0,3.7e-11,1,0.000181,8.0760255791709e-13,-22453.241260036,-nan
1083,0,0,1083,1.5000248020946e-10,1.9400744900355e-10,1.7885746494997e-16,4.0217071473802e-13,0,3.7e-11,1,0.000181,8.0542990326288e-13,-22393.215598206,-nan
1084,0,0,1084,1.4959652940273e-10,1.9463170618186e-10,-1.1299054927422e-16,4.0595080672785e-13,0,3.7e-11,1,0.000181,8.0323686502714e-13,-22332.581911888,-nan
1085,0,0,1085,1.4918683539342e-10,1.9433762916983e-10,5.3227939177757e-17,4.0969400931397e-13,0,3.7e-11,1,0.000181,8.0102364173214e-13,-22271.414108188,-nan
1086,0,0,1086,1.4877343505767e-10,1.9305354170342e-10,2.3241983142043e-16,4.1340033575021e-13,0,3.7e-11,1,0.000181,7.9879043333095e-13,-22209.719630673,-nan
1087,0,0,1087,1.4835636528674e-10,1.9394760875246e-10,-1.6182613587725e-16,4.1706977093046e-13,0,3.7e-11,1,0.000181,7.9653744117742e-13,-22147.418361886,-nan
1088,0,0,1088,1.4793566374317e-10,1.9278939403083e-10,2.0963686461621e-16,4.2070154356762e-13,0,3.7e-11,1,0.000181,7.94264867996e-13,-22084.630261736,-nan
1089,0,0,1089,1.4751136779879e-10,1.9169160408904e-10,1.9869997946418e-16,4.2429594438137e-13,0,3.7e-11,1,0.000181,7.9197291785144e-13,-22021.303810429,-nan
1090,0,0,1090,1.4708351496962e-10,1.9128043216444e-10,7.4422118351194e-17,4.2785282916157e-13,0,3.7e-11,1,0.000181,7.8966179611835e-13,-21957.42768574,-nan
1091,0,0,1091,1.4665214326461e-10,1.9087768204483e-10,7.2897771649896e-17,4.3137170501383e-13,0,3.7e-11,1,0.000181,7.8733170945067e-13,-21893.025892812,-nan
1092,0,0,1092,1.4621729107556e-10,1.9143471205424e-10,-1.0082243170382e-16,4.3485218904732e-13,0,3.7e-11,1,0.000181,7.8498286575092e-13,-21828.078451946,-nan
1093,0,0,1093,1.4577899720676e-10,1.9022308004625e-10,2.1930539344742e-16,4.3829386880224e-13,0,3.7e-11,1,0.000181,7.8261547413943e-13,-21762.6648991,-nan
1094,0,0,1094,1.4533730018173e-10,1.8950245658929e-10,1.3043284570943e-16,4.4169702503262e-13,0,3.7e-11,1,0.000181,7.8022974492348e-13,-21696.729914452,-nan
1095,0,0,1095,1.4489223879685e-10,1.8921527770872e-10,5.1979377383141e-17,4.4506138487524e-13,0,3.7e-11,1,0.000181,7.7782588956623e-13,-21630.280846885,-nan
1096,0,0,1096,1.4444385220881e-10,1.8839172431486e-10,1.4906316428897e-16,4.4838658804187e-13,0,3.7e-11,1,0.000181,7.7540412065563e-13,-21563.349754623,-nan
1097,0,0,1097,1.4399217963946e-10,1.8771168574005e-10,1.2308698204007e-16,4.5167256934683e-13,0,3.7e-11,1,0.000181,7.7296465187327e-13,-21495.924118911,-nan
1098,0,0,1098,1.4353726063741e-10,1.8845476985298e-10,-1.3449822444086e-16,4.5491900205845e-13,0,3.7e-11,1,0.000181,7.7050769796308e-13,-21427.975261171,-nan
1099,0,0,1099,1.4307913534294e-10,1.8791263399954e-10,9.812658947325e-17,4.5812529446212e-13,0,3.7e-11,1,0.000181,7.6803347469997e-13,-21359.582373629,-nan
1100,0,0,1100,1.4261784380408e-10,1.8791397086437e-10,-2.419725335502e-19,4.6129153886623e-13,0,3.7e-11,1,0.000181,7.6554219885847e-13,-21290.702012147,-nan
1101,0,0,1101,1.4215342622283e-10,1.8670379869675e-10,2.1904116233774e-16,4.6441758125121e-13,0,3.7e-11,1,0.000181,7.6303408818119e-13,-21221.387611656,-nan
1102,0,0,1102,1.4168592263534e-10,1.8585382237887e-10,1.538457135378e-16,4.675035874855e-13,0,3.7e-11,1,0.000181,7.6050936134733e-13,-21151.602671867,-nan
1103,0,0,1103,1.4121537327494e-10,1.8506386491172e-10,1.4298230155344e-16,4.7054936039629e-13,0,3.7e-11,1,0.000181,7.5796823794106e-13,-21081.361313334,-nan
1104,0,0,1104,1.4074181868735e-10,1.8537833049686e-10,-5.6918270911243e-17,4.7355458759609e-13,0,3.7e-11,1,0.000181,7.5541093841995e-13,-21010.641363227,-nan
1105,0,0,1105,1.4026529981886e-10,1.8402819904917e-10,2.4437379203205e-16,4.7651886848996e-13,0,3.7e-11,1,0.000181,7.5283768408325e-13,-20939.523774053,-nan
1106,0,0,1106,1.3978585735254e-10,1.83400339769e-10,1.136425297117e-16,4.7944246631473e-13,0,3.7e-11,1,0.000181,7.502486970402e-13,-20867.950110653,-nan
1107,0,0,1107,1.3930353234428e-10,1.8418955227125e-10,-1.4284746290761e-16,4.8232500825963e-13,0,3.7e-11,1,0.000181,7.4764420017837e-13,-20795.907725149,-nan
1108,0,0,1108,1.3881836634503e-10,1.8274930633467e-10,2.6068451452027e-16,4.8516599925756e-13,0,3.7e-11,1,0.000181,7.4502441713184e-13,-20723.501376823,-nan
1109,0,0,1109,1.383304004389e-10,1.817436987273e-10,1.8201497693401e-16,4.8796590612631e-13,0,3.7e-11,1,0.000181,7.4238957224952e-13,-20650.665197765,-nan
1110,0,0,1110,1.3783967590826e-10,1.8203582067765e-10,-5.2874073013198e-17,4.9072453064078e-13,0,3.7e-11,1,0.000181,7.3973989056334e-13,-20577.382025492,-nan
1111,0,0,1111,1.3734623456267e-10,1.8148922360741e-10,9.8934069713889e-17,4.9344134558803e-13,0,3.7e-11,1,0.000181,7.3707559775655e-13,-20503.715844886,-nan
1112,0,0,1112,1.3685011820938e-10,1.8159500270807e-10,-1.9146017219237e-17,4.9611635329158e-13,0,3.7e-11,1,0.000181,7.343969201319e-13,-20429.632598759,-nan
1113,0,0,1113,1.3635136876328e-10,1.7988508663683e-10,3.0949480889395e-16,4.9874944610258e-13,0,3.7e-11,1,0.000181,7.3170408458e-13,-20355.2052505,-nan
1114,0,0,1114,1.3585002789198e-10,1.805553669761e-10,-1.2132074140793e-16,5.0134087130235e-13,0,3.7e-11,1,0.000181,7.289973185475e-13,-20280.326619464,-nan
1115,0,0,1115,1.3534613784566e-10,1.7930652798624e-10,2.260398571644e-16,5.0389004631297e-13,0,3.7e-11,1,0.000181,7.2627685000548e-13,-20205.119212199,-nan
1116,0,0,1116,1.3483974058594e-10,1.787401545321e-10,1.0251359519979e-16,5.0639725972684e-13,0,3.7e-11,1,0.000181,7.2354290741775e-13,-20129.51898133,-nan
1117,0,0,1117,1.3433087825861e-10,1.7851349121455e-10,4.1026060477558e-17,5.088623273282e-13,0,3.7e-11,1,0.000181,7.2079571970925e-13,-20053.541483754,-nan
1118,0,0,1118,1.3381959318624e-10,1.7738462718209e-10,2.0432438987526e-16,5.1128507236842e-13,0,3.7e-11,1,0.000181,7.1803551623443e-13,-19977.226604258,-nan
1119,0,0,1119,1.3330592751764e-10,1.7646810344016e-10,1.6589079728868e-16,5.1366566860112e-13,0,3.7e-11,1,0.000181,7.1526252674577e-13,-19900.550513799,-nan
1120,0,0,1120,1.327899235953e-10,1.7710492682522e-10,-1.1526503269606e-16,5.1600392233693e-13,0,3.7e-11,1,0.000181,7.1247698136228e-13,-19823.483291555,-nan
1121,0,0,1121,1.3227162426285e-10,1.7668539771192e-10,7.5934769507128e-17,5.1829933245425e-13,0,3.7e-11,1,0.000181,7.096791105381e-13,-19746.101867383,-nan
1122,0,0,1122,1.3175107216989e-10,1.7583011729332e-10,1.5480575576638e-16,5.2055209295749e-13,0,3.7e-11,1,0.000181,7.0686914503112e-13,-19668.395836742,-nan
1123,0,0,1123,1.312283097474e-10,1.7439322340481e-10,2.6007779382025e-16,5.2276242248745e-13,0,3.7e-11,1,0.000181,7.0404731587175e-13,-19590.375477671,-nan
1124,0,0,1124,1.3070337937904e-10,1.7451558398996e-10,-2.2147265911932e-17,5.2493036836563e-13,0,3.7e-11,1,0.000181,7.012138543317e-13,-19511.989257628,-nan
1125,0,0,1125,1.3017632386103e-10,1.7359781548263e-10,1.6611609982724e-16,5.2705551800566e-13,0,3.7e-11,1,0.000181,6.9836899189291e-13,-19433.313820581,-nan
1126,0,0,1126,1.2964718584545e-10,1.7302723013973e-10,1.0327594706497e-16,5.2913801557587e-13,0,3.7e-11,1,0.000181,6.9551296021644e-13,-19354.318040436,-nan
1127,0,0,1127,1.2911600804903e-10,1.7253877610966e-10,8.8410179442084e-17,5.3117779642743e-13,0,3.7e-11,1,0.000181,6.9264599111167e-13,-19275.015459243,-nan
1128,0,0,1128,1.2858283328667e-10,1.7230651422768e-10,4.2039400638979e-17,5.3317476235714e-13,0,3.7e-11,1,0.000181,6.8976831650538e-13,-19195.407765805,-nan
1129,0,0,1129,1.2804770448706e-10,1.7217740272838e-10,2.3369181372965e-17,5.3512879961036e-13,0,3.7e-11,1,0.000181,6.8688016841109e-13,-19115.50550652,-nan
1130,0,0,1130,1.2751066458044e-10,1.712332712985e-10,1.7088778880809e-16,5.3703990661767e-13,0,3.7e-11,1,0.000181,6.8398177889843e-13,-19035.339907173,-nan
1131,0,0,1131,1.2697175622331e-10,1.6983435362378e-10,2.5320409912382e-16,5.3890835713618e-13,0,3.7e-11,1,0.000181,6.8107338006269e-13,-18954.907601209,-nan
1132,0,0,1132,1.2643102198291e-10,1.6987478899937e-10,-7.318802980325e-18,5.4073424039187e-13,0,3.7e-11,1,0.000181,6.7815520399442e-13,-18874.163751845,-nan
1133,0,0,1133,1.2588850474024e-10,1.6869165804756e-10,2.1414670227613e-16,5.4251724267228e-13,0,3.7e-11,1,0.000181,6.7522748274924e-13,-18793.186732886,-nan
1134,0,0,1134,1.253442471348e-10,1.6795603713316e-10,1.3314738550813e-16,5.4425760544448e-13,0,3.7e-11,1,0.000181,6.7229044831775e-13,-18711.937747062,-nan
1135,0,0,1135,1.2479829184897e-10,1.6740174554107e-10,1.0032677816796e-16,5.459552858255e-13,0,3.7e-11,1,0.000181,6.6934433259551e-13,-18630.430361808,-nan
1136,0,0,1136,1.2425068169518e-10,1.6764934400096e-10,-4.4815321240128e-17,5.4761015379138e-13,0,3.7e-11,1,0.000181,6.6638936735333e-13,-18548.654197987,-nan
1137,0,0,1137,1.237014595962e-10,1.6631353732003e-10,2.4178100924872e-16,5.4922209897838e-13,0,3.7e-11,1,0.000181,6.6342578420751e-13,-18466.68013229,-nan
1138,0,0,1138,1.2315066811078e-10,1.6613607543993e-10,3.2120600297843e-17,5.5079148542335e-13,0,3.7e-11,1,0.000181,6.6045381459045e-13,-18384.440418265,-nan
1139,0,0,1139,1.2259834996573e-10,1.6561959940575e-10,9.3482162186113e-17,5.5231814505154e-13,0,3.7e-11,1,0.000181,6.5747368972118e-13,-18301.981905067,-nan
1140,0,0,1140,1.2204454785339e-10,1.6541119566471e-10,3.7721077127748e-17,5.5380211233803e-13,0,3.7e-11,1,0.000181,6.544856405763e-13,-18219.293478718,-nan
1141,0,0,1141,1.2148930440173e-10,1.6408740231751e-10,2.3960659584365e-16,5.5524345165661e-13,0,3.7e-11,1,0.000181,6.514898978609e-13,-18136.419976394,-nan
1142,0,0,1142,1.2093266199083e-10,1.642956746487e-10,-3.7697291946319e-17,5.5664241090229e-13,0,3.7e-11,1,0.000181,6.4848669197977e-13,-18053.296173469,-nan
1143,0,0,1143,1.2037466326367e-10,1.6381382033668e-10,8.7215630475695e-17,5.5799872716237e-13,0,3.7e-11,1,0.000181,6.4547625300871e-13,-17969.988496668,-nan
1144,0,0,1144,1.1981535069224e-10,1.6310662191788e-10,1.2800291380314e-16,5.5931257142478e-13,0,3.7e-11,1,0.000181,6.4245881066614e-13,-17886.490726247,-nan
1145,0,0,1145,1.1925476656373e-10,1.6239918386528e-10,1.2804628752079e-16,5.6058412851701e-13,0,3.7e-11,1,0.000181,6.3943459428472e-13,-17802.803092645,-nan
1146,0,0,1146,1.1869295304174e-10,1.6121500629739e-10,2.1433613978837e-16,5.6181352198444e-13,0,3.7e-11,1,0.000181,6.3640383278337e-13,-17718.944770136,-nan
1147,0,0,1147,1.1812995218651e-10,1.6158380170463e-10,-6.6751968709901e-17,5.6300085523157e-13,0,3.7e-11,1,0.000181,6.3336675463932e-13,-17634.867182082,-nan
1148,0,0,1148,1.1756580634942e-10,1.6139034925471e-10,3.5014893434183e-17,5.6414583709264e-13,0,3.7e-11,1,0.000181,6.3032358786049e-13,-17550.633820547,-nan
1149,0,0,1149,1.1700055760276e-10,1.592580973425e-10,3.8593759611161e-16,5.6524874665988e-13,0,3.7e-11,1,0.000181,6.2727455995795e-13,-17466.288171889,-nan
1150,0,0,1150,1.1643424747282e-10,1.5912267618611e-10,2.4511229305738e-17,5.6631012993721e-13,0,3.7e-11,1,0.000181,6.2421989791873e-13,-17381.730068453,-nan
1151,0,0,1151,1.158669178e-10,1.5869150757818e-10,7.8041518034731e-17,5.6732967281649e-13,0,3.7e-11,1,0.000181,6.2115982817876e-13,-17297.027719446,-nan
1152,0,0,1152,1.1529861036282e-10,1.5803972727415e-10,1.1797223502975e-16,5.6830743718592e-13,0,3.7e-11,1,0.000181,6.1809457659603e-13,-17212.185332564,-nan
1153,0,0,1153,1.1472936671479e-10,1.5692598677142e-10,2.0158703099362e-16,5.6924364802773e-13,0,3.7e-11,1,0.000181,6.1502436842401e-13,-17127.215635536,-nan
1154,0,0,1154,1.1415922824338e-10,1.5713180749687e-10,-3.7253551304788e-17,5.7013847141047e-13,0,3.7e-11,1,0.000181,6.119494282853e-13,-17042.076659134,-nan
1155,0,0,1155,1.1358823643617e-10,1.5564018545837e-10,2.6998358896796e-16,5.7099180720637e-13,0,3.7e-11,1,0.000181,6.0886998014549e-13,-16956.856138959,-nan
1156,0,0,1156,1.1301643240467e-10,1.5599834814956e-10,-6.482744710582e-17,5.7180403150768e-13,0,3.7e-11,1,0.000181,6.0578624728724e-13,-16871.464342788,-nan
1157,0,0,1157,1.1244385748949e-10,1.5580870818336e-10,3.4324833882861e-17,5.7257491517893e-13,0,3.7e-11,1,0.000181,6.0269845228467e-13,-16785.972243289,-nan
1158,0,0,1158,1.1187055276668e-10,1.5405789649064e-10,3.1689691638182e-16,5.7330472280528e-13,0,3.7e-11,1,0.000181,5.9960681697792e-13,-16700.413362314,-nan
1159,0,0,1159,1.1129655881904e-10,1.5390255722834e-10,2.8116406475432e-17,5.7399394764008e-13,0,3.7e-11,1,0.000181,5.9651156244801e-13,-16614.708445003,-nan
1160,0,0,1160,1.1072191638362e-10,1.5323954194777e-10,1.2000576578468e-16,5.7464243541686e-13,0,3.7e-11,1,0.000181,5.9341290899192e-13,-16528.920416087,-nan
1161,0,0,1161,1.1014666600658e-10,1.523551807961e-10,1.6006936845226e-16,5.7525037704487e-13,0,3.7e-11,1,0.000181,5.9031107609795e-13,-16443.047591288,-nan
1162,0,0,1162,1.0957084802216e-10,1.5196037099636e-10,7.1460573753024e-17,5.7581798441906e-13,0,3.7e-11,1,0.000181,5.8720628242132e-13,-16357.076779903,-nan
1163,0,0,1163,1.0899450274681e-10,1.5187544320706e-10,1.5371929861971e-17,5.7634527535345e-13,0,3.7e-11,1,0.000181,5.8409874576004e-13,-16271.018857934,-nan
1164,0,0,1164,1.0841767037027e-10,1.5056304491533e-10,2.3754409080402e-16,5.7683237653509e-13,0,3.7e-11,1,0.000181,5.8098868303105e-13,-16184.921376608,-nan
1165,0,0,1165,1.0784039067086e-10,1.5013233006679e-10,7.7959387585524e-17,5.7727969941565e-13,0,3.7e-11,1,0.000181,5.7787631024663e-13,-16098.733271482,-nan
1166,0,0,1166,1.0726270342377e-10,1.4989024954261e-10,4.381657487633e-17,5.7768724708666e-13,0,3.7e-11,1,0.000181,5.7476184249108e-13,-16012.479212872,-nan
1167,0,0,1167,1.0668464834827e-10,1.497921389856e-10,1.7758010819333e-17,5.7805507549669e-13,0,3.7e-11,1,0.000181,5.7164549389765e-13,-15926.166338826,-nan
1168,0,0,1168,1.0610626493733e-10,1.4818030673985e-10,2.9174163647945e-16,5.7838341093916e-13,0,3.7e-11,1,0.000181,5.6852747762582e-13,-15839.845348934,-nan
1169,0,0,1169,1.05527592173e-10,1.4739849230654e-10,1.4150841243091e-16,5.7867276433131e-13,0,3.7e-11,1,0.000181,5.6540800583877e-13,-15753.45871971,-nan
1170,0,0,1170,1.0494866898411e-10,1.4681851427202e-10,1.0497602424646e-16,5.7892318888762e-13,0,3.7e-11,1,0.000181,5.622872896812e-13,-15667.029241904,-nan
1171,0,0,1171,1.043695342299e-10,1.464531616109e-10,6.6128831663454e-17,5.7913475421244e-13,0,3.7e-11,1,0.000181,5.5916553925742e-13,-15580.562372353,-nan
1172,0,0,1172,1.0379022663691e-10,1.4598535373658e-10,8.4673225251983e-17,5.7930759298941e-13,0,3.7e-11,1,0.000181,5.5604296360972e-13,-15494.072463474,-nan
1173,0,0,1173,1.03210784703e-10,1.4523077630616e-10,1.3657851490682e-16,5.7944193391259e-13,0,3.7e-11,1,0.000181,5.5291977069703e-13,-15407.570245257,-nan
1174,0,0,1174,1.0263124669039e-10,1.451877089133e-10,7.7951981064384e-18,5.7953801260943e-13,0,3.7e-11,1,0.000181,5.497961673739e-13,-15321.034450512,-nan
1175,0,0,1175,1.0205165081582e-10,1.4512400509952e-10,1.1530390294765e-17,5.7959587457189e-13,0,3.7e-11,1,0.000181,5.4667235936977e-13,-15234.490573525,-nan
1176,0,0,1176,1.0147203508181e-10,1.4435366819211e-10,1.3943098024173e-16,5.7961573400856e-13,0,3.7e-11,1,0.000181,5.4354855126849e-13,-15147.962829307,-nan
1177,0,0,1177,1.0089243707953e-10,1.4322646842472e-10,2.0402315789756e-16,5.7959800228077e-13,0,3.7e-11,1,0.000181,5.4042494648823e-13,-15061.447377743,-nan
1178,0,0,1178,1.0031289410846e-10,1.4298065367885e-10,4.4492469001862e-17,5.7954297107181e-13,0,3.7e-11,1,0.000181,5.3730174726163e-13,-14974.916322255,-nan
1179,0,0,1179,9.9733443383652e-11,1.4173010772759e-10,2.2634881717855e-16,5.794507248063e-13,0,3.7e-11,1,0.000181,5.3417915461628e-13,-14888.426195931,-nan
1180,0,0,1180,9.9154121714018e-11,1.4060492918115e-10,2.0365731690453e-16,5.7932166963317e-13,0,3.7e-11,1,0.000181,5.3105736835548e-13,-14801.951951894,-nan
1181,0,0,1181,9.85749657405e-11,1.4092454231569e-10,-5.7849977351881e-17,5.7915597351888e-13,0,3.7e-11,1,0.000181,5.2793658703937e-13,-14715.463401275,-nan
1182,0,0,1182,9.7996012171092e-11,1.4024933933042e-10,1.2221174033512e-16,5.7895356940787e-13,0,3.7e-11,1,0.000181,5.2481700796634e-13,-14629.03196068,-nan
1183,0,0,1183,9.7417297305538e-11,1.3921853621064e-10,1.8657536467875e-16,5.7871486555403e-13,0,3.7e-11,1,0.000181,5.2169882715469e-13,-14542.645774299,-nan
1184,0,0,1184,9.6838857035839e-11,1.3773353862622e-10,2.687845627801e-16,5.7844026969892e-13,0,3.7e-11,1,0.000181,5.1858223932476e-13,-14456.312866261,-nan
1185,0,0,1185,9.626072694708e-11,1.3727108938793e-10,8.3703312131965e-17,5.7813008875875e-13,0,3.7e-11,1,0.000181,5.1546743788119e-13,-14369.998638181,-nan
1186,0,0,1186,9.5682942613959e-11,1.3710808547951e-10,2.9503707422728e-17,5.7778433312051e-13,0,3.7e-11,1,0.000181,5.1235461489568e-13,-14283.727945421,-nan
1187,0,0,1187,9.5105539455969e-11,1.3630437113694e-10,1.4547229600585e-16,5.7740315799052e-13,0,3.7e-11,1,0.000181,5.0924396108993e-13,-14197.531486456,-nan
1188,0,0,1188,9.4528552576069e-11,1.366524735961e-10,-6.3006545108138e-17,5.7698687989947e-13,0,3.7e-11,1,0.000181,5.0613566581896e-13,-14111.366056197,-nan
1189,0,0,1189,9.3952016988256e-11,1.3588028768694e-10,1.3976564955781e-16,5.7653558781305e-13,0,3.7e-11,1,0.000181,5.030299170548e-13,-14025.298291203,-nan
1190,0,0,1190,9.3375967221347e-11,1.3447514500968e-10,2.5433082458412e-16,5.7604976690938e-13,0,3.7e-11,1,0.000181,4.9992690137039e-13,-13939.320176213,-nan
1191,0,0,1191,9.2800437427524e-11,1.3465331960686e-10,-3.2249602089651e-17,5.7552979382296e-13,0,3.7e-11,1,0.000181,4.9682680392393e-13,-13853.376911554,-nan
1192,0,0,1192,9.2225461746435e-11,1.3348773649184e-10,2.1097054381849e-16,5.7497568108922e-13,0,3.7e-11,1,0.000181,4.9372980844344e-13,-13767.552705111,-nan
1193,0,0,1193,9.165107390811e-11,1.3355862702189e-10,-1.2831185939328e-17,5.7438783832449e-13,0,3.7e-11,1,0.000181,4.9063609721175e-13,-13681.782857491,-nan
1194,0,0,1194,9.107730750587e-11,1.3234327128913e-10,2.1997938762993e-16,5.7376640224045e-13,0,3.7e-11,1,0.000181,4.8754585105178e-13,-13596.140566487,-nan
1195,0,0,1195,9.0504195687093e-11,1.3188705044309e-10,8.2575973133558e-17,5.7311181877724e-13,0,3.7e-11,1,0.000181,4.844592493121e-13,-13510.575501114,-nan
1196,0,0,1196,8.9931771389475e-11,1.3079587964446e-10,1.9750191455161e-16,5.7242429761754e-13,0,3.7e-11,1,0.000181,4.8137646985292e-13,-13425.130257617,-nan
1197,0,0,1197,8.9360067260673e-11,1.312116695278e-10,-7.5257968883787e-17,5.7170412880181e-13,0,3.7e-11,1,0.000181,4.782976890323e-13,-13339.751821486,-nan
1198,0,0,1198,8.8789115863918e-11,1.2975847792324e-10,2.6302768042472e-16,5.7095139675538e-13,0,3.7e-11,1,0.000181,4.752230816928e-13,-13254.536296762,-nan
1199,0,0,1199,8.8218949210363e-11,1.2929326358632e-10,8.4203794982134e-17,5.7016665355508e-13,0,3.7e-11,1,0.000181,4.7215282114838e-13,-13169.411248268,-nan
1200,0,0,1200,8.7649599118105e-11,1.2837890767778e-10,1.6549841944709e-16,5.6935009225795e-13,0,3.7e-11,1,0.000181,4.6908707917165e-13,-13084.420268152,-nan
1201,0,0,1201,8.7081097092196e-11,1.2774175477035e-10,1.1532467624454e-16,5.6850202590866e-13,0,3.7e-11,1,0.000181,4.6602602598151e-13,-12999.548429832,-nan
1202,0,0,1202,8.6513474392309e-11,1.2722530297033e-10,9.3477775802964e-17,5.6762269988773e-13,0,3.7e-11,1,0.000181,4.6296983023104e-13,-12914.8046308,-nan
1203,0,0,1203,8.5946762020921e-11,1.2656164586545e-10,1.2012193598335e-16,5.667123713872e-13,0,3.7e-11,1,0.000181,4.5991865899578e-13,-12830.200741081,-nan
1204,0,0,1204,8.5380990697991e-11,1.2655185766766e-10,1.7716637995295e-18,5.6577132293003e-13,0,3.7e-11,1,0.000181,4.5687267776231e-13,-12745.719697141,-nan
1205,0,0,1205,8.4816190913765e-11,1.253057676428e-10,2.2554229450112e-16,5.6479978422676e-13,0,3.7e-11,1,0.000181,4.5383205041722e-13,-12661.417137498,-nan
1206,0,0,1206,8.4252392740698e-11,1.2602242684053e-10,-1.2971531478907e-16,5.6379817306695e-13,0,3.7e-11,1,0.000181,4.5079693923629e-13,-12577.211091748,-nan
1207,0,0,1207,8.3689626222494e-11,1.2532965967421e-10,1.2539085710323e-16,5.6276651820406e-13,0,3.7e-11,1,0.000181,4.4776750487419e-13,-12493.197185918,-nan
1208,0,0,1208,8.3127920927519e-11,1.2491131979588e-10,7.5719517978284e-17,5.6170529497414e-13,0,3.7e-11,1,0.000181,4.4474390635433e-13,-12409.334325614,-nan
1209,0,0,1209,8.2567306064296e-11,1.2364262882373e-10,2.296330659592e-16,5.6061486322315e-13,0,3.7e-11,1,0.000181,4.4172630105914e-13,-12325.657271686,-nan
1210,0,0,1210,8.2007810450292e-11,1.2373487668082e-10,-1.6696862133959e-17,5.594956140043e-13,0,3.7e-11,1,0.000181,4.387148447207e-13,-12242.110562582,-nan
1211,0,0,1211,8.1449462765156e-11,1.2251540751944e-10,2.2072391821021e-16,5.5834768513582e-13,0,3.7e-11,1,0.000181,4.3570969141162e-13,-12158.770714707,-nan
1212,0,0,1212,8.089229122083e-11,1.2193830139876e-10,1.0445620784298e-16,5.5717154432599e-13,0,3.7e-11,1,0.000181,4.3271099353633e-13,-12075.58912771,-nan
1213,0,0,1213,8.0336323803333e-11,1.2172643088535e-10,3.8348562927395e-17,5.5596741749676e-13,0,3.7e-11,1,0.000181,4.2971890182265e-13,-11992.577470411,-nan
1214,0,0,1214,7.9781588279126e-11,1.21220489952e-10,9.1575308935299e-17,5.547355242074e-13,0,3.7e-11,1,0.000181,4.2673356531372e-13,-11909.757707995,-nan
1215,0,0,1215,7.9228112050557e-11,1.2043481354873e-10,1.4220742899182e-16,5.5347622856907e-13,0,3.7e-11,1,0.000181,4.2375513136026e-13,-11827.133544767,-nan
1216,0,0,1216,7.8675922104553e-11,1.1891740271537e-10,2.7465136083822e-16,5.52189946004e-13,0,3.7e-11,1,0.000181,4.2078374561312e-13,-11744.721226618,-nan
1217,0,0,1217,7.8125045011218e-11,1.1843072042645e-10,8.8089494295553e-17,5.5087709333495e-13,0,3.7e-11,1,0.000181,4.1781955201622e-13,-11662.477086878,-nan
1218,0,0,1218,7.7575507187695e-11,1.1789439641719e-10,9.7074645675013e-17,5.4953782352264e-13,0,3.7e-11,1,0.000181,4.1486269279977e-13,-11580.434269366,-nan
1219,0,0,1219,7.7027334773305e-11,1.1733118460304e-10,1.0194133836134e-16,5.481724143908e-13,0,3.7e-11,1,0.000181,4.1191330847381e-13,-11498.59606225,-nan
1220,0,0,1220,7.648055362499e-11,1.1768132364638e-10,-6.3375166845104e-17,5.4678114831476e-13,0,3.7e-11,1,0.000181,4.0897153782215e-13,-11416.94091465,-nan
1221,0,0,1221,7.5935189343467e-11,1.1574221843688e-10,3.5097804292035e-16,5.4536428152299e-13,0,3.7e-11,1,0.000181,4.0603751789652e-13,-11335.559205903,-nan
1222,0,0,1222,7.5391266885045e-11,1.1507993193522e-10,1.1987385679993e-16,5.4392245842164e-13,0,3.7e-11,1,0.000181,4.0311138401113e-13,-11254.35828242,-nan
1223,0,0,1223,7.4848811076467e-11,1.1569675061755e-10,-1.116441815008e-16,5.42455808578e-13,0,3.7e-11,1,0.000181,4.0019326973756e-13,-11173.341789548,-nan
1224,0,0,1224,7.4307846688487e-11,1.1571602238899e-10,-3.4881906309891e-18,5.4096438798036e-13,0,3.7e-11,1,0.000181,3.9728330689987e-13,-11092.564146399,-nan
1225,0,0,1225,7.3768398065215e-11,1.1460773350126e-10,2.0060028867823e-16,5.3944862327162e-13,0,3.7e-11,1,0.000181,3.9438162557013e-13,-11012.043312745,-nan
1226,0,0,1226,7.3230489017138e-11,1.1396414109275e-10,1.1649022594036e-16,5.3790904807675e-13,0,3.7e-11,1,0.000181,3.9148835406423e-13,-10931.739810005,-nan
1227,0,0,1227,7.2694143053105e-11,1.1304440757179e-10,1.6647176729422e-16,5.3634596403317e-13,0,3.7e-11,1,0.000181,3.8860361893804e-13,-10851.677171171,-nan
1228,0,0,1228,7.2159383318465e-11,1.1185570536052e-10,2.1515510024094e-16,5.347597346401e-13,0,3.7e-11,1,0.000181,3.8572754498377e-13,-10771.858658473,-nan
1229,0,0,1229,7.1626232656106e-11,1.1250845976062e-10,-1.181485464186e-16,5.3315066235874e-13,0,3.7e-11,1,0.000181,3.8286025522682e-13,-10692.230644302,-nan
1230,0,0,1230,7.1094713789452e-11,1.1074510088832e-10,3.1916795588515e-16,5.3151886665413e-13,0,3.7e-11,1,0.000181,3.8000187092278e-13,-10612.911591189,-nan
1231,0,0,1231,7.0564848840495e-11,1.1051708853243e-10,4.1270236417341e-17,5.2986494895717e-13,0,3.7e-11,1,0.000181,3.7715251155484e-13,-10533.798006192,-nan
1232,0,0,1232,7.0036659762758e-11,1.1019698745985e-10,5.7938294136701e-17,5.2818907773746e-13,0,3.7e-11,1,0.000181,3.7431229483148e-13,-10454.937152162,-nan
1233,0,0,1233,6.9510168223908e-11,1.0967926950464e-10,9.3706949893566e-17,5.264915388499e-13,0,3.7e-11,1,0.000181,3.7148133668443e-13,-10376.335116638,-nan
1234,0,0,1234,6.8985395525457e-11,1.0915601725705e-10,9.4708656812403e-17,5.2477269845066e-13,0,3.7e-11,1,0.000181,3.68659751267e-13,-10297.989888955,-nan
1235,0,0,1235,6.8462362649666e-11,1.0906164588348e-10,1.7081218617348e-17,5.2303287579131e-13,0,3.7e-11,1,0.000181,3.6584765095266e-13,-10219.892861245,-nan
1236,0,0,1236,6.7941090297358e-11,1.083713252825e-10,1.2494802877741e-16,5.2127235230731e-13,0,3.7e-11,1,0.000181,3.6304514633392e-13,-10142.074822679,-nan
1237,0,0,1237,6.7421598743384e-11,1.0729406231542e-10,1.9498459704018e-16,5.1949155397397e-13,0,3.7e-11,1,0.000181,3.6025234622158e-13,-10064.533151875,-nan
1238,0,0,1238,6.6903907865389e-11,1.0667543275409e-10,1.1197195060219e-16,5.1769087799596e-13,0,3.7e-11,1,0.000181,3.5746935764416e-13,-9987.2479635747,-nan
1239,0,0,1239,6.6388037275276e-11,1.0610751013471e-10,1.0279399410804e-16,5.1587059011298e-13,0,3.7e-11,1,0.000181,3.5469628584771e-13,-9910.2332112798,-nan
1240,0,0,1240,6.5874006322732e-11,1.0650347209503e-10,-7.1669114819657e-17,5.1403095254386e-13,0,3.7e-11,1,0.000181,3.519332342959e-13,-9833.46710382,-nan
1241,0,0,1241,6.5361834136527e-11,1.0566902874516e-10,1.5103424632753e-16,5.1217218620472e-13,0,3.7e-11,1,0.000181,3.4918030467037e-13,-9757.0118026466,-nan
1242,0,0,1242,6.4851539332255e-11,1.0420365537677e-10,2.6523257967764e-16,5.1029480427201e-13,0,3.7e-11,1,0.000181,3.4643759687138e-13,-9680.8538854161,-nan
1243,0,0,1243,6.4343140119203e-11,1.0450849595856e-10,-5.5176145304047e-17,5.083992130522e-13,0,3.7e-11,1,0.000181,3.4370520901877e-13,-9604.9311753672,-nan
1244,0,0,1244,6.3836654613868e-11,1.042942004952e-10,3.8787478868439e-17,5.0648550533434e-13,0,3.7e-11,1,0.000181,3.4098323745315e-13,-9529.3082519903,-nan
1245,0,0,1245,6.3332100588074e-11,1.0398278005629e-10,5.6367099442585e-17,5.0455402579464e-13,0,3.7e-11,1,0.000181,3.3827177673743e-13,-9453.9763632796,-nan
1246,0,0,1246,6.2829495423797e-11,1.0298709249714e-10,1.8021944820594e-16,5.0260516427627e-13,0,3.7e-11,1,0.000181,3.3557091965855e-13,-9378.9539734292,-nan
1247,0,0,1247,6.2328856067664e-11,1.0200006397639e-10,1.7865216225576e-16,5.0063935613377e-13,0,3.7e-11,1,0.000181,3.3288075722958e-13,-9304.224885185,-nan
1248,0,0,1248,6.1830199140927e-11,1.0165802999176e-10,6.1908151219363e-17,4.9865692673641e-13,0,3.7e-11,1,0.000181,3.3020137869204e-13,-9229.7743821859,-nan
1249,0,0,1249,6.1333541038618e-11,1.0133701210925e-10,5.8104236733688e-17,4.9665810230908e-13,0,3.7e-11,1,0.000181,3.2753287151846e-13,-9155.6217768294,-nan
1250,0,0,1250,6.0838897865055e-11,1.0122480594955e-10,2.0309314906665e-17,4.946431735633e-13,0,3.7e-11,1,0.000181,3.2487532141525e-13,-9081.7643982646,-nan
1251,0,0,1251,6.034628539133e-11,1.0005054055978e-10,2.1254203554762e-16,4.9261247372538e-13,0,3.7e-11,1,0.000181,3.2222881232585e-13,-9008.2389493039,-nan
1252,0,0,1252,5.9855718915811e-11,9.8909370091417e-11,2.0655185477354e-16,4.9056647551897e-13,0,3.7e-11,1,0.000181,3.1959342643409e-13,-8935.0181155479,-nan
1253,0,0,1253,5.9367213442162e-11,9.9462039944863e-11,-1.0003324347369e-16,4.8850547364852e-13,0,3.7e-11,1,0.000181,3.1696924416783e-13,-8862.0592523417,-nan
1254,0,0,1254,5.8880783857775e-11,9.8876160518572e-11,1.0604417615873e-16,4.864295843869e-13,0,3.7e-11,1,0.000181,3.1435634420289e-13,-8789.4411337496,-nan
1255,0,0,1255,5.839644463989e-11,9.8766939370599e-11,1.9769027783055e-17,4.8433921788558e-13,0,3.7e-11,1,0.000181,3.1175480346717e-13,-8717.1222672635,-nan
1256,0,0,1256,5.7914209926773e-11,9.7414218582666e-11,2.4484246261587e-16,4.8223471311638e-13,0,3.7e-11,1,0.000181,3.0916469714506e-13,-8645.1512547723,-nan
1257,0,0,1257,5.7434093435624e-11,9.7733852928844e-11,-5.7853816658264e-17,4.8011649114914e-13,0,3.7e-11,1,0.000181,3.0658609868211e-13,-8573.4513376503,-nan
1258,0,0,1258,5.6956108687728e-11,9.60955943415e-11,2.9652480430931e-16,4.7798474789612e-13,0,3.7e-11,1,0.000181,3.0401907978989e-13,-8502.1226497166,-nan
1259,0,0,1259,5.6480268732246e-11,9.6239528695898e-11,-2.6052118145999e-17,4.7583995548142e-13,0,3.7e-11,1,0.000181,3.0146371045117e-13,-8431.0660560777,-nan
1260,0,0,1260,5.6006586456221e-11,9.5686021419958e-11,1.001848169452e-16,4.7368227602504e-13,0,3.7e-11,1,0.000181,2.9892005892524e-13,-8360.3504981849,-nan
1261,0,0,1261,5.5535074398733e-11,9.5256887042524e-11,7.7673322315497e-17,4.7151205748813e-13,0,3.7e-11,1,0.000181,2.9638819175356e-13,-8289.9556371776,-nan
1262,0,0,1262,5.5065744776162e-11,9.4841675366874e-11,7.515331329257e-17,4.6932962257156e-13,0,3.7e-11,1,0.000181,2.9386817376558e-13,-8219.8862823534,-nan
1263,0,0,1263,5.4598609492438e-11,9.4321859843727e-11,9.4086609689602e-17,4.6713528372351e-13,0,3.7e-11,1,0.000181,2.913600680848e-13,-8150.1474146344,-nan
1264,0,0,1264,5.4133680100296e-11,9.3086516799833e-11,2.2359709094483e-16,4.6492939214262e-13,0,3.7e-11,1,0.000181,2.8886393613512e-13,-8080.7572705323,-nan
1265,0,0,1265,5.3670967754004e-11,9.2216590012428e-11,1.5745674852034e-16,4.6271234629172e-13,0,3.7e-11,1,0.000181,2.8637983764727e-13,-8011.6883009126,-nan
1266,0,0,1266,5.3210483367174e-11,9.2724193686455e-11,-9.1876264998872e-17,4.6048438683e-13,0,3.7e-11,1,0.000181,2.8390783066562e-13,-7942.9147809641,-nan
1267,0,0,1267,5.2752237727717e-11,9.302200121018e-11,-5.3903161794158e-17,4.5824563945707e-13,0,3.7e-11,1,0.000181,2.814479715551e-13,-7874.4812222634,-nan
1268,0,0,1268,5.2296241285704e-11,9.195157060285e-11,1.9374793992673e-16,4.5599644201305e-13,0,3.7e-11,1,0.000181,2.7900031500839e-13,-7806.4204944639,-nan
1269,0,0,1269,5.1842504023942e-11,9.1623943566684e-11,5.930049354598e-17,4.5373726176214e-13,0,3.7e-11,1,0.000181,2.7656491405325e-13,-7738.6770330232,-nan
1270,0,0,1270,5.1391035649906e-11,9.0635574273047e-11,1.7889484214825e-16,4.5146837403533e-13,0,3.7e-11,1,0.000181,2.7414182006017e-13,-7671.2902211383,-nan
1271,0,0,1271,5.0941845540009e-11,9.0699056958889e-11,-1.1490366137287e-17,4.4919010989767e-13,0,3.7e-11,1,0.000181,2.7173108275008e-13,-7604.2151725697,-nan
1272,0,0,1272,5.0494942846365e-11,8.9727676260306e-11,1.7581990644346e-16,4.4690269364358e-13,0,3.7e-11,1,0.000181,2.6933275020241e-13,-7537.5096516294,-nan
1273,0,0,1273,5.0050336347789e-11,8.9547809070762e-11,3.2555961307474e-17,4.4460649857594e-13,0,3.7e-11,1,0.000181,2.6694686886323e-13,-7471.1256076374,-nan
1274,0,0,1274,4.9608034597316e-11,8.9658970891123e-11,-2.012028948537e-17,4.423017504731e-13,0,3.7e-11,1,0.000181,2.6457348355364e-13,-7405.0778443459,-nan
1275,0,0,1275,4.9168045872737e-11,8.8600109413268e-11,1.9165392749191e-16,4.399887245793e-13,0,3.7e-11,1,0.000181,2.6221263747831e-13,-7339.4070857,-nan
1276,0,0,1276,4.8730378012007e-11,8.7210281767151e-11,2.5155880394711e-16,4.3766786073014e-13,0,3.7e-11,1,0.000181,2.5986437223428e-13,-7274.091824848,-nan
1277,0,0,1277,4.8295038509485e-11,8.6666010072651e-11,9.8513176704563e-17,4.3533950252121e-13,0,3.7e-11,1,0.000181,2.5752872781987e-13,-7209.1013829569,-nan
1278,0,0,1278,4.7862034684692e-11,8.705123452535e-11,-6.9725625938575e-17,4.3300382479355e-13,0,3.7e-11,1,0.000181,2.5520574264379e-13,-7144.4345843277,-nan
1279,0,0,1279,4.7431373667077e-11,8.6372821980477e-11,1.2279267062206e-16,4.3066101761445e-13,0,3.7e-11,1,0.000181,2.5289545353446e-13,-7080.1463619977,-nan
1280,0,0,1280,4.7003062217436e-11,8.6394906962895e-11,-3.9973818176914e-18,4.2831144964173e-13,0,3.7e-11,1,0.000181,2.5059789574943e-13,-7016.1900461812,-nan
1281,0,0,1281,4.6577106840786e-11,8.5845769840353e-11,9.9393819180086e-17,4.2595537665017e-13,0,3.7e-11,1,0.000181,2.4831310298508e-13,-6952.6009790122,-nan
1282,0,0,1282,4.6153513698995e-11,8.493707837884e-11,1.6447315453381e-16,4.2359314179044e-13,0,3.7e-11,1,0.000181,2.4604110738635e-13,-6889.374359834,-nan
1283,0,0,1283,4.5732288618678e-11,8.4266310132906e-11,1.2140905251412e-16,4.2122508031685e-13,0,3.7e-11,1,0.000181,2.4378193955677e-13,-6826.4949106382,-nan
1284,0,0,1284,4.5313437181894e-11,8.4370738410782e-11,-1.8901518295657e-17,4.1885143678445e-13,0,3.7e-11,1,0.000181,2.4153562856855e-13,-6763.9489440408,-nan
1285,0,0,1285,4.4896964750425e-11,8.3342807091059e-11,1.8605556886986e-16,4.1647243146899e-13,0,3.7e-11,1,0.000181,2.3930220197286e-13,-6701.7888162373,-nan
1286,0,0,1286,4.4482876328938e-11,8.3288114978905e-11,9.899272299849e-18,4.1408842148696e-13,0,3.7e-11,1,0.000181,2.3708168581029e-13,-6639.9583664516,-nan
1287,0,0,1287,4.4071176726221e-11,8.3478399671665e-11,-3.4441529389522e-17,4.1169960271689e-13,0,3.7e-11,1,0.000181,2.3487410462139e-13,-6578.4779955025,-nan
1288,0,0,1288,4.3661870483531e-11,8.2049699564939e-11,2.5859471931746e-16,4.0930624268997e-13,0,3.7e-11,1,0.000181,2.3267948145744e-13,-6517.3987588338,-nan
1289,0,0,1289,4.3254961727833e-11,8.1635164350979e-11,7.5030873726795e-17,4.0690875569788e-13,0,3.7e-11,1,0.000181,2.3049783789129e-13,-6456.6501064783,-nan
1290,0,0,1290,4.2850454411449e-11,8.2422446422637e-11,-1.4249805497009e-16,4.0450731638425e-13,0,3.7e-11,1,0.000181,2.2832919402841e-13,-6396.227556913,-nan
1291,0,0,1291,4.244835231091e-11,8.0979946870956e-11,2.610924188542e-16,4.0210210053859e-13,0,3.7e-11,1,0.000181,2.2617356851797e-13,-6336.2244199681,-nan
1292,0,0,1292,4.2048658773209e-11,8.1098966540032e-11,-2.1542560102677e-17,3.9969353770121e-13,0,3.7e-11,1,0.000181,2.2403097856418e-13,-6276.5387278282,-nan
1293,0,0,1293,4.1651376976329e-11,8.0931990345982e-11,3.022269112295e-17,3.9728179688011e-13,0,3.7e-11,1,0.000181,2.2190143993767e-13,-6217.2208878716,-nan
1294,0,0,1294,4.1256509830645e-11,8.0207682743108e-11,1.3109967612031e-16,3.9486714568411e-13,0,3.7e-11,1,0.000181,2.19784966987e-13,-6158.2786680705,-nan
1295,0,0,1295,4.0864059916129e-11,7.9287786785165e-11,1.6650116838761e-16,3.9244991451611e-13,0,3.7e-11,1,0.000181,2.1768157265035e-13,-6099.7026768285,-nan
1296,0,0,1296,4.0474029529655e-11,7.8735932778032e-11,9.9885575291131e-17,3.9003038647342e-13,0,3.7e-11,1,0.000181,2.1559126846727e-13,-6041.4780238648,-nan
1297,0,0,1297,4.0086420777825e-11,7.9583984564262e-11,-1.5349737330776e-16,3.876087518298e-13,0,3.7e-11,1,0.000181,2.1351406459056e-13,-5983.5771355263,-nan
1298,0,0,1298,3.9701235592398e-11,7.7734914129426e-11,3.3468174870542e-16,3.851851854272e-13,0,3.7e-11,1,0.000181,2.1144996979829e-13,-5926.1110307512,-nan
1299,0,0,1299,3.9318475458843e-11,7.7375178060685e-11,6.5112228442123e-17,3.8276013355511e-13,0,3.7e-11,1,0.000181,2.0939899150587e-13,-5868.9667838755,-nan
1300,0,0,1300,3.8938141715862e-11,7.8019785864366e-11,-1.1667401246628e-16,3.8033374298119e-13,0,3.7e-11,1,0.000181,2.0736113577829e-13,-5812.157702646,-nan
1301,0,0,1301,3.8560235556609e-11,7.7474488028098e-11,9.8698908364508e-17,3.7790615925305e-13,0,3.7e-11,1,0.000181,2.0533640734242e-13,-5755.7432692662,-nan
1302,0,0,1302,3.8184757849031e-11,7.7408383618163e-11,1.1964898198252e-17,3.7547770757831e-13,0,3.7e-11,1,0.000181,2.033248095994e-13,-5699.6785025527,-nan
1303,0,0,1303,3.7811709214615e-11,7.6513639238699e-11,1.6194873268308e-16,3.7304863441523e-13,0,3.7e-11,1,0.000181,2.0132634463717e-13,-5643.9988421552,-nan
1304,0,0,1304,3.7441089974588e-11,7.5918676961586e-11,1.0768817215735e-16,3.7061924002694e-13,0,3.7e-11,1,0.000181,1.9934101324306e-13,-5588.6738381452,-nan
1305,0,0,1305,3.7072900222957e-11,7.5444297387686e-11,8.586270287591e-17,3.6818975163162e-13,0,3.7e-11,1,0.000181,1.9736881491645e-13,-5533.708347787,-nan
1306,0,0,1306,3.6707139827479e-11,7.4633362966314e-11,1.4677913026834e-16,3.657603954778e-13,0,3.7e-11,1,0.000181,1.9540974788155e-13,-5479.1147064032,-nan
1307,0,0,1307,3.6343808428101e-11,7.5348384313107e-11,-1.2941886376951e-16,3.633313993777e-13,0,3.7e-11,1,0.000181,1.9346380910025e-13,-5424.8425221055,-nan
1308,0,0,1308,3.598290552131e-11,7.4280545023739e-11,1.9327891137558e-16,3.6090290679157e-13,0,3.7e-11,1,0.000181,1.9153099428503e-13,-5370.9811471794,-nan
1309,0,0,1309,3.5624430262302e-11,7.3817016587809e-11,8.3898646903425e-17,3.584752590076e-13,0,3.7e-11,1,0.000181,1.8961129791199e-13,-5317.4659373301,-nan
1310,0,0,1310,3.5268381593988e-11,7.3395952916088e-11,7.6212524581414e-17,3.5604866831447e-13,0,3.7e-11,1,0.000181,1.8770471323387e-13,-5264.3119197417,-nan
1311,0,0,1311,3.4914758269412e-11,7.3823423275093e-11,-7.7372134979926e-17,3.5362332457522e-13,0,3.7e-11,1,0.000181,1.8581123229325e-13,-5211.4971225623,-nan
1312,0,0,1312,3.4563558867805e-11,7.3113948492542e-11,1.284149356417e-16,3.5119940160791e-13,0,3.7e-11,1,0.000181,1.8393084593569e-13,-5159.0749952408,-nan
1313,0,0,1313,3.421478165902e-11,7.1934954821152e-11,2.1339785452168e-16,3.4877720878498e-13,0,3.7e-11,1,0.000181,1.8206354382303e-13,-5107.0272408835,-nan
1314,0,0,1314,3.3868424669415e-11,7.2532215737307e-11,-1.0810422582408e-16,3.4635698960464e-13,0,3.7e-11,1,0.000181,1.8020931444673e-13,-5055.2928682046,-nan
1315,0,0,1315,3.3524485825262e-11,7.2013182113411e-11,9.3945085925224e-17,3.4393884415245e-13,0,3.7e-11,1,0.000181,1.7836814514118e-13,-5003.9497445573,-nan
1316,0,0,1316,3.3182962791704e-11,7.1884839218474e-11,2.3230063983563e-17,3.415230335585e-13,0,3.7e-11,1,0.000181,1.7654002209722e-13,-4952.9567919674,-nan
1317,0,0,1317,3.2843853014679e-11,7.0888380897532e-11,1.8035895609054e-16,3.3910977702468e-13,0,3.7e-11,1,0.000181,1.7472493037554e-13,-4902.3476508492,-nan
1318,0,0,1318,3.2507153703087e-11,7.1532535784459e-11,-1.1659203453382e-16,3.3669931159235e-13,0,3.7e-11,1,0.000181,1.7292285392025e-13,-4852.0541009571,-nan
1319,0,0,1319,3.2172861932865e-11,7.00968579356e-11,2.5985769064335e-16,3.342917702221e-13,0,3.7e-11,1,0.000181,1.7113377557241e-13,-4802.1762582617,-nan
1320,0,0,1320,3.1840974460223e-11,6.9445886371377e-11,1.1782585312432e-16,3.3188747264191e-13,0,3.7e-11,1,0.000181,1.693576770837e-13,-4752.6362184246,-nan
1321,0,0,1321,3.1511487894411e-11,7.0437304181325e-11,-1.7944662360059e-16,3.2948656581241e-13,0,3.7e-11,1,0.000181,1.6759453912997e-13,-4703.410294513,-nan
1322,0,0,1322,3.1184398769585e-11,7.0433570931847e-11,6.7571815559967e-19,3.2708912482559e-13,0,3.7e-11,1,0.000181,1.65844341325e-13,-4654.5692538818,-nan
1323,0,0,1323,3.0859703367483e-11,6.987379230735e-11,1.0131993103398e-16,3.2469540210244e-13,0,3.7e-11,1,0.000181,1.6410706223415e-13,-4606.1006735964,-nan
1324,0,0,1324,3.0537397722153e-11,6.9669208894213e-11,3.7029597777806e-17,3.2230564532927e-13,0,3.7e-11,1,0.000181,1.6238267938814e-13,-4557.9793333348,-nan
1325,0,0,1325,3.0217477672936e-11,6.8335809789325e-11,2.4134523798475e-16,3.1992004921744e-13,0,3.7e-11,1,0.000181,1.6067116929675e-13,-4510.2447202276,-nan
1326,0,0,1326,2.9899938817362e-11,6.8218588015227e-11,2.1217141111675e-17,3.1753885557355e-13,0,3.7e-11,1,0.000181,1.5897250746265e-13,-4462.8327987056,-nan
1327,0,0,1327,2.9584776643696e-11,6.8454869084044e-11,-4.2766873455768e-17,3.1516217366653e-13,0,3.7e-11,1,0.000181,1.5728666839517e-13,-4415.7662106005,-nan
1328,0,0,1328,2.9271986498278e-11,6.8319848818648e-11,2.4438668036584e-17,3.1279014541779e-13,0,3.7e-11,1,0.000181,1.5561362562414e-13,-4369.0638503273,-nan
1329,0,0,1329,2.8961563508721e-11,6.7206062269531e-11,2.0159536539021e-16,3.1042298955651e-13,0,3.7e-11,1,0.000181,1.5395335171368e-13,-4322.7414083098,-nan
1330,0,0,1330,2.8653502569973e-11,6.7282869546361e-11,-1.390211710624e-17,3.0806093874793e-13,0,3.7e-11,1,0.000181,1.5230581827606e-13,-4276.7394909042,-nan
1331,0,0,1331,2.8347798458816e-11,6.6771611090023e-11,9.2537780597246e-17,3.057041111576e-13,0,3.7e-11,1,0.000181,1.5067099598553e-13,-4231.1053900565,-nan
1332,0,0,1332,2.8044445749174e-11,6.5678894450213e-11,1.9778171180557e-16,3.0335270964203e-13,0,3.7e-11,1,0.000181,1.4904885459219e-13,-4185.8381169596,-nan
1333,0,0,1333,2.7743438823166e-11,6.6223690300988e-11,-9.8608048990448e-17,3.0100692600787e-13,0,3.7e-11,1,0.000181,1.4743936293583e-13,-4140.8768605676,-nan
1334,0,0,1334,2.7444771966829e-11,6.4963840270435e-11,2.2803285553019e-16,2.9866685633717e-13,0,3.7e-11,1,0.000181,1.4584248895974e-13,-4096.3137989756,-nan
1335,0,0,1335,2.7148439229465e-11,6.5056755764858e-11,-1.6817704490581e-17,2.9633273736369e-13,0,3.7e-11,1,0.000181,1.4425819972462e-13,-4052.0627081785,-nan
1336,0,0,1336,2.6854434553088e-11,6.4836247379843e-11,3.9912017687621e-17,2.9400467637692e-13,0,3.7e-11,1,0.000181,1.4268646142237e-13,-4008.1677157402,-nan
1337,0,0,1337,2.6562751714275e-11,6.4203886440586e-11,1.1445733000559e-16,2.9168283881342e-13,0,3.7e-11,1,0.000181,1.4112723938994e-13,-3964.63055261,-nan
1338,0,0,1338,2.6273384301925e-11,6.3694587503957e-11,9.2183107529906e-17,2.8936741235014e-13,0,3.7e-11,1,0.000181,1.3958049812315e-13,-3921.4358043283,-nan
1339,0,0,1339,2.5986325756067e-11,6.3470477306008e-11,4.0563945828798e-17,2.8705854585786e-13,0,3.7e-11,1,0.000181,1.3804620129048e-13,-3878.5781095527,-nan
1340,0,0,1340,2.5701569400065e-11,6.4232332475875e-11,-1.3789578574608e-16,2.8475635600217e-13,0,3.7e-11,1,0.000181,1.3652431174684e-13,-3836.037531415,-nan
1341,0,0,1341,2.5419108451279e-11,6.3585943939582e-11,1.1699632506906e-16,2.8246094878526e-13,0,3.7e-11,1,0.000181,1.350147915474e-13,-3793.877765481,-nan
1342,0,0,1342,2.513893590239e-11,6.2691296775531e-11,1.6193113669325e-16,2.8017254888972e-13,0,3.7e-11,1,0.000181,1.3351760196127e-13,-3752.0664144652,-nan
1343,0,0,1343,2.4861044576137e-11,6.2555801941029e-11,2.4524565044882e-17,2.7789132625249e-13,0,3.7e-11,1,0.000181,1.3203270348525e-13,-3710.5751793319,-nan
1344,0,0,1344,2.4585427190001e-11,6.2020358088345e-11,9.6915337335817e-17,2.756173861364e-13,0,3.7e-11,1,0.000181,1.3056005585753e-13,-3669.4342997143,-nan
1345,0,0,1345,2.4312076325114e-11,6.2565871082801e-11,-9.8737851996633e-17,2.7335086488655e-13,0,3.7e-11,1,0.000181,1.2909961807133e-13,-3628.60264334,-nan
1346,0,0,1346,2.4040984466053e-11,6.1934483575404e-11,1.1428113883898e-16,2.710918590611e-13,0,3.7e-11,1,0.000181,1.2765134838858e-13,-3588.1401111731,-nan
1347,0,0,1347,2.3772143903336e-11,6.0954716378756e-11,1.7733786259326e-16,2.6884056271753e-13,0,3.7e-11,1,0.000181,1.2621520435346e-13,-3548.0231595746,-nan
1348,0,0,1348,2.3505546766024e-11,6.0528269159849e-11,7.7186946622213e-17,2.6659713731121e-13,0,3.7e-11,1,0.000181,1.2479114280604e-13,-3508.2262429903,-nan
1349,0,0,1349,2.324118509708e-11,6.123182457087e-11,-1.2734352939483e-16,2.6436166894438e-13,0,3.7e-11,1,0.000181,1.2337911989573e-13,-3468.7325872529,-nan
1350,0,0,1350,2.2979050881572e-11,6.1757068508938e-11,-9.5069152790261e-17,2.6213421550786e-13,0,3.7e-11,1,0.000181,1.2197909109482e-13,-3429.5763554087,-nan
1351,0,0,1351,2.2719135956532e-11,6.0303805400835e-11,2.6304062256649e-16,2.5991492504012e-13,0,3.7e-11,1,0.000181,1.2059101121192e-13,-3390.8049824928,-nan
1352,0,0,1352,2.2461431935469e-11,5.9727937809687e-11,1.0423203399786e-16,2.5770402106285e-13,0,3.7e-11,1,0.000181,1.1921483440531e-13,-3352.3400296738,-nan
1353,0,0,1353,2.2205930350505e-11,6.0351120801007e-11,-1.1279612142883e-16,2.555015849644e-13,0,3.7e-11,1,0.000181,1.1785051419637e-13,-3314.1715391429,-nan
1354,0,0,1354,2.195262267524e-11,5.9604764913632e-11,1.3509041561488e-16,2.5330767526515e-13,0,3.7e-11,1,0.000181,1.1649800348283e-13,-3276.3676590698,-nan
1355,0,0,1355,2.1701500222764e-11,5.981496952888e-11,-3.804703535998e-17,2.5112245247526e-13,0,3.7e-11,1,0.000181,1.1515725455205e-13,-3238.8642247692,-nan
1356,0,0,1356,2.1452554222428e-11,5.9736397174219e-11,1.4221596193673e-17,2.4894600033605e-13,0,3.7e-11,1,0.000181,1.1382821909418e-13,-3201.6935843721,-nan
1357,0,0,1357,2.1205775782221e-11,5.9025709091261e-11,1.2863454301541e-16,2.4677844020732e-13,0,3.7e-11,1,0.000181,1.1251084821537e-13,-3164.8636895439,-nan
1358,0,0,1358,2.0961155873632e-11,5.8929953113119e-11,1.7331832043757e-17,2.4461990858898e-13,0,3.7e-11,1,0.000181,1.1120509245081e-13,-3128.3394881467,-nan
1359,0,0,1359,2.0718685383304e-11,5.857011692066e-11,6.5130350834952e-17,2.4247049032798e-13,0,3.7e-11,1,0.000181,1.0991090177777e-13,-3092.1433764583,-nan
1360,0,0,1360,2.0478355101216e-11,5.9148911877179e-11,-1.047618871299e-16,2.403302820882e-13,0,3.7e-11,1,0.000181,1.086282256286e-13,-3056.2414735204,-nan
1361,0,0,1361,2.0240155751393e-11,5.9004043813253e-11,2.6221119570727e-17,2.3819934982315e-13,0,3.7e-11,1,0.000181,1.073570129036e-13,-3020.6773211083,-nan
1362,0,0,1362,2.0004077927442e-11,5.8259935005868e-11,1.3468369413658e-16,2.3607782395063e-13,0,3.7e-11,1,0.000181,1.0609721198387e-13,-2985.4461518898,-nan
1363,0,0,1363,1.9770112091284e-11,5.7703826309549e-11,1.0065567403371e-16,2.3396583615753e-13,0,3.7e-11,1,0.000181,1.048487707441e-13,-2950.5252648533,-nan
1364,0,0,1364,1.9538248607475e-11,5.6607173108468e-11,1.9849422939564e-16,2.3186348380902e-13,0,3.7e-11,1,0.000181,1.0361163656529e-13,-2915.9329116235,-nan
1365,0,0,1365,1.9308477749878e-11,5.7470764887713e-11,-1.5631011204323e-16,2.2977085759704e-13,0,3.7e-11,1,0.000181,1.0238575634738e-13,-2881.6000509831,-nan
1366,0,0,1366,1.9080789773387e-11,5.6890617176036e-11,1.0500673581348e-16,2.2768797649128e-13,0,3.7e-11,1,0.000181,1.0117107652179e-13,-2847.6172273672,-nan
1367,0,0,1367,1.8855174803649e-11,5.6529510465128e-11,6.5360314674454e-17,2.2561496973763e-13,0,3.7e-11,1,0.000181,9.9967543063982e-14,-2813.9380263185,-nan
1368,0,0,1368,1.8631622868571e-11,5.5558574598863e-11,1.757393917938e-16,2.2355193507834e-13,0,3.7e-11,1,0.000181,9.8775101505827e-14,-2780.5833606942,-nan
1369,0,0,1369,1.8410123907127e-11,5.6172219740785e-11,-1.1106977068786e-16,2.2149896144413e-13,0,3.7e-11,1,0.000181,9.7593696947983e-14,-2747.492419793,-nan
1370,0,0,1370,1.8190667836525e-11,5.6161721997854e-11,1.9000914706405e-18,2.1945607060223e-13,0,3.7e-11,1,0.000181,9.6423274072156e-14,-2714.723393287,-nan
1371,0,0,1371,1.7973244475146e-11,5.5198411239141e-11,1.7435924732702e-16,2.1742336137875e-13,0,3.7e-11,1,0.000181,9.5263777153296e-14,-2682.2836438273,-nan
1372,0,0,1372,1.7757843529514e-11,5.5369476898845e-11,-3.0962884406431e-17,2.154009456318e-13,0,3.7e-11,1,0.000181,9.4115150071707e-14,-2650.1152238608,-nan
1373,0,0,1373,1.7544454663492e-11,5.469839513767e-11,1.2146579877261e-16,2.1338886602199e-13,0,3.7e-11,1,0.000181,9.2977336325083e-14,-2618.2700095524,-nan
1374,0,0,1374,1.7333067461766e-11,5.5497468104606e-11,-1.4463220701543e-16,2.1138720172617e-13,0,3.7e-11,1,0.000181,9.1850279040448e-14,-2586.6839510287,-nan
1375,0,0,1375,1.7123671485619e-11,5.5516245179472e-11,-3.398650550767e-18,2.0939597614749e-13,0,3.7e-11,1,0.000181,9.0733920986029e-14,-2555.416312564,-nan
1376,0,0,1376,1.691625620484e-11,5.4861294457389e-11,1.1854608069705e-16,2.0741528077832e-13,0,3.7e-11,1,0.000181,8.9628204583029e-14,-2524.4626415624,-nan
1377,0,0,1377,1.6710810992598e-11,5.4577391586308e-11,5.1386419665623e-17,2.0544521224244e-13,0,3.7e-11,1,0.000181,8.8533071917323e-14,-2493.7931140392,-nan
1378,0,0,1378,1.6507325169197e-11,5.4338333600016e-11,4.326949551888e-17,2.0348582340042e-13,0,3.7e-11,1,0.000181,8.7448464751059e-14,-2463.4149515926,-nan
1379,0,0,1379,1.630578800239e-11,5.4253784238733e-11,1.5303434392342e-17,2.0153716680692e-13,0,3.7e-11,1,0.000181,8.6374324534176e-14,-2433.323587792,-nan
1380,0,0,1380,1.6106188697883e-11,5.3069316802887e-11,2.14388605888e-16,1.9959930450752e-13,0,3.7e-11,1,0.000181,8.5310592415828e-14,-2403.5513142514,-nan
1381,0,0,1381,1.5908516385804e-11,5.4113871987021e-11,-1.8906448832821e-16,1.976723120791e-13,0,3.7e-11,1,0.000181,8.4257209255717e-14,-2374.006536505,-nan
1382,0,0,1382,1.5712760198758e-11,5.3047513056594e-11,1.9301096640727e-16,1.9575618704552e-13,0,3.7e-11,1,0.000181,8.3214115635335e-14,-2344.8049274145,-nan
1383,0,0,1383,1.5518909166679e-11,5.2948246339992e-11,1.7967275704957e-17,1.9385103207966e-13,0,3.7e-11,1,0.000181,8.2181251869111e-14,-2315.8616595627,-nan
1384,0,0,1384,1.5326952285311e-11,5.2672100780362e-11,4.9982346293013e-17,1.919568813672e-13,0,3.7e-11,1,0.000181,8.1158558015467e-14,-2287.2060079245,-nan
1385,0,0,1385,1.5136878500585e-11,5.1875212092234e-11,1.4423685255116e-16,1.9007378472633e-13,0,3.7e-11,1,0.000181,8.0145973887772e-14,-2258.8456155288,-nan
1386,0,0,1386,1.4948676699143e-11,5.1847746269418e-11,4.9713139295959e-18,1.8820180144256e-13,0,3.7e-11,1,0.000181,7.9143439065206e-14,-2230.7439535714,-nan
1387,0,0,1387,1.476233575273e-11,5.236295398508e-11,-9.3252596534729e-17,1.8634094641232e-13,0,3.7e-11,1,0.000181,7.8150892903521e-14,-2202.9054887351,-nan
1388,0,0,1388,1.4577844504502e-11,5.1395401983499e-11,1.7512691228609e-16,1.8449124822805e-13,0,3.7e-11,1,0.000181,7.7168274545713e-14,-2175.3832965124,-nan
1389,0,0,1389,1.4395191719397e-11,5.1553019930502e-11,-2.8528848407622e-17,1.826527851057e-13,0,3.7e-11,1,0.000181,7.6195522932582e-14,-2148.1052146915,-nan
1390,0,0,1390,1.421436615752e-11,5.2395507176189e-11,-1.5249019146924e-16,1.8082556187612e-13,0,3.7e-11,1,0.000181,7.5232576813201e-14,-2121.0814649427,-nan
1391,0,0,1391,1.4035356567826e-11,5.2233091911232e-11,2.9397162957155e-17,1.7900958969433e-13,0,3.7e-11,1,0.000181,7.4279374755285e-14,-2094.3560367613,-nan
1392,0,0,1392,1.3858151632833e-11,5.1699746180797e-11,9.6535577208723e-17,1.7720493499337e-13,0,3.7e-11,1,0.000181,7.3335855155451e-14,-2067.9101058346,-nan
1393,0,0,1393,1.368273997856e-11,5.0760484140991e-11,1.7000642920506e-16,1.7541165427223e-13,0,3.7e-11,1,0.000181,7.2401956249387e-14,-2041.7429193566,-nan
1394,0,0,1394,1.3509110200219e-11,5.1675711892195e-11,-1.6565622296804e-16,1.7362977834102e-13,0,3.7e-11,1,0.000181,7.1477616121904e-14,-2015.7916823006,-nan
1395,0,0,1395,1.3337250906374e-11,5.0538902650236e-11,2.0576247279466e-16,1.7185929384527e-13,0,3.7e-11,1,0.000181,7.0562772716898e-14,-1990.1602754957,-nan
1396,0,0,1396,1.3167150630528e-11,4.9840314120779e-11,1.264445238316e-16,1.7010027584568e-13,0,3.7e-11,1,0.000181,6.9657363847202e-14,-1964.7796824955,-nan
1397,0,0,1397,1.299879789471e-11,5.1012021636486e-11,-2.1207906034289e-16,1.6835273581879e-13,0,3.7e-11,1,0.000181,6.8761327204331e-14,-1939.6094846638,-nan
1398,0,0,1398,1.2832181246183e-11,5.0254588500345e-11,1.3709539764148e-16,1.6661664852702e-13,0,3.7e-11,1,0.000181,6.7874600368125e-14,-1914.7506593496,-nan
1399,0,0,1399,1.2667289172808e-11,5.0551859090722e-11,-5.3805976858218e-17,1.6489207337485e-13,0,3.7e-11,1,0.000181,6.6997120816287e-14,-1890.1208431107,-nan
1400,0,0,1400,1.2504110157338e-11,5.0373205361348e-11,3.2336325016702e-17,1.6317901547009e-13,0,3.7e-11,1,0.000181,6.6128825933814e-14,-1865.7596845106,-nan
1401,0,0,1401,1.2342632657787e-11,5.0112562622843e-11,4.7176335669339e-17,1.6147749955042e-13,0,3.7e-11,1,0.000181,6.5269653022315e-14,-1841.6548131929,-nan
1402,0,0,1402,1.2182845108255e-11,4.9576235558414e-11,9.7075198661766e-17,1.5978754953257e-13,0,3.7e-11,1,0.000181,6.4419539309237e-14,-1817.8097371388,-nan
1403,0,0,1403,1.202473592633e-11,4.9877069958533e-11,-5.4451026421514e-17,1.5810918192499e-13,0,3.7e-11,1,0.000181,6.3578421956965e-14,-1794.1926499429,-nan
1404,0,0,1404,1.1868293536867e-11,4.9744924129394e-11,2.3918395074088e-17,1.5644238946273e-13,0,3.7e-11,1,0.000181,6.2746238071827e-14,-1770.8361513513,-nan
1405,0,0,1405,1.1713506347888e-11,4.9694428926895e-11,9.1396316522852e-18,1.5478718897949e-13,0,3.7e-11,1,0.000181,6.1922924712987e-14,-1747.7246015009,-nan
1406,0,0,1406,1.1560362750926e-11,4.8722412947602e-11,1.7593489225203e-16,1.5314359696164e-13,0,3.7e-11,1,0.000181,6.1108418901228e-14,-1724.8833797495,-nan
1407,0,0,1407,1.1408851112193e-11,4.8819864370984e-11,-1.7638707632103e-17,1.5151163873288e-13,0,3.7e-11,1,0.000181,6.0302657627626e-14,-1702.2569384414,-nan
1408,0,0,1408,1.1258959816104e-11,4.8944943980966e-11,-2.2639409406751e-17,1.4989129608936e-13,0,3.7e-11,1,0.000181,5.950557786212e-14,-1679.8717009472,-nan
1409,0,0,1409,1.1110677247717e-11,4.8613887587735e-11,5.9921207174785e-17,1.4828256838717e-13,0,3.7e-11,1,0.000181,5.8717116561963e-14,-1657.7390076248,-nan
1410,0,0,1410,1.0963991780962e-11,4.8879645422934e-11,-4.8102168170942e-17,1.4668546675499e-13,0,3.7e-11,1,0.000181,5.7937210680075e-14,-1635.8286643482,-nan
1411,0,0,1411,1.0818891793447e-11,4.7933762836056e-11,1.7120474822476e-16,1.4509998751492e-13,0,3.7e-11,1,0.000181,5.7165797173276e-14,-1614.1878128077,-nan
1412,0,0,1412,1.0675365638899e-11,4.7596580592631e-11,6.102998605992e-17,1.435261545475e-13,0,3.7e-11,1,0.000181,5.6402813010414e-14,-1592.7655155759,-nan
1413,0,0,1413,1.0533401681808e-11,4.7345353126179e-11,4.5472171427889e-17,1.4196395709088e-13,0,3.7e-11,1,0.000181,5.5648195180384e-14,-1571.57416349,-nan
1414,0,0,1414,1.03929882956e-11,4.6987783802439e-11,6.4720047596865e-17,1.4041338620859e-13,0,3.7e-11,1,0.000181,5.4901880700035e-14,-1550.6172176693,-nan
1415,0,0,1415,1.0254113862344e-11,4.7590983545132e-11,-1.0917915342739e-16,1.3887443325541e-13,0,3.7e-11,1,0.000181,5.4163806621965e-14,-1529.8641024821,-nan
1416,0,0,1416,1.011676678968e-11,4.756275160159e-11,5.109981781176e-18,1.373470726643e-13,0,3.7e-11,1,0.000181,5.3433910042211e-14,-1509.3561194027,-nan
1417,0,0,1417,9.980935485093e-12,4.7932788093803e-11,-6.6976605090608e-17,1.3583130458699e-13,0,3.7e-11,1,0.000181,5.2712128107822e-14,-1489.0637076972,-nan
1418,0,0,1418,9.8466083673023e-12,4.7755428329829e-11,3.2102117279248e-17,1.3432711779061e-13,0,3.7e-11,1,0.000181,5.1998398024327e-14,-1469.0106965469,-nan
1419,0,0,1419,9.7137738477367e-12,4.6475573586559e-11,2.3165370853197e-16,1.3283451956563e-13,0,3.7e-11,1,0.000181,5.1292657063093e-14,-1449.2103582078,-nan
1420,0,0,1420,9.5824203269924e-12,4.6342301417993e-11,2.4122262510344e-17,1.3135352074429e-13,0,3.7e-11,1,0.000181,5.0594842568567e-14,-1429.6001747702,-nan
1421,0,0,1421,9.4525362425143e-12,4.6683893778355e-11,-6.1828217225487e-17,1.2988408447809e-13,0,3.7e-11,1,0.000181,4.9904891965414e-14,-1410.1965742482,-nan
1422,0,0,1422,9.3241100623648e-12,4.6781861026603e-11,-1.7732071932947e-17,1.2842618014949e-13,0,3.7e-11,1,0.000181,4.9222742765544e-14,-1391.0172533252,-nan
1423,0,0,1423,9.1971302642015e-12,4.6378599474459e-11,7.299034093821e-17,1.2697979816334e-13,0,3.7e-11,1,0.000181,4.8548332575026e-14,-1372.06745374,-nan
1424,0,0,1424,9.0715853323422e-12,4.643806745383e-11,-1.0763704266178e-17,1.255449318593e-13,0,3.7e-11,1,0.000181,4.7881599100895e-14,-1353.3194030361,-nan
1425,0,0,1425,8.9474637759174e-12,4.6331353309157e-11,1.9315260185807e-17,1.2412155642475e-13,0,3.7e-11,1,0.000181,4.7222480157849e-14,-1334.7883830026,-nan
1426,0,0,1426,8.8247541229744e-12,4.6349961588595e-11,-3.3680985782875e-18,1.2270965294306e-13,0,3.7e-11,1,0.000181,4.6570913674836e-14,-1316.4648021393,-nan
1427,0,0,1427,8.703444925153e-12,4.6596841867232e-11,-4.4685330433287e-17,1.2130919782142e-13,0,3.7e-11,1,0.000181,4.5926837701533e-14,-1298.3441685494,-nan
1428,0,0,1428,8.5835247525422e-12,4.5181545673947e-11,2.5616861098466e-16,1.1992017261072e-13,0,3.7e-11,1,0.000181,4.5290190414715e-14,-1280.4758687136,-nan
1429,0,0,1429,8.464982174771e-12,4.5736424787278e-11,-1.0043311951305e-16,1.1854257777125e-13,0,3.7e-11,1,0.000181,4.4660910124518e-14,-1262.7600241727,-nan
1430,0,0,1430,8.3478058172442e-12,4.60865012586e-11,-6.3363841309288e-17,1.1717635752682e-13,0,3.7e-11,1,0.000181,4.4038935280588e-14,-1245.253719653,-nan
1431,0,0,1431,8.2319843332587e-12,4.5835941245267e-11,4.5351362413364e-17,1.1582148398542e-13,0,3.7e-11,1,0.000181,4.3424204478127e-14,-1227.9659590702,-nan
1432,0,0,1432,8.1175063924956e-12,4.62712341105e-11,-7.8788008607299e-17,1.1447794076317e-13,0,3.7e-11,1,0.000181,4.2816656463834e-14,-1210.8602805915,-nan
1433,0,0,1433,8.0043606962786e-12,4.5396131079876e-11,1.5839364854308e-16,1.13145696217e-13,0,3.7e-11,1,0.000181,4.2216230141727e-14,-1193.9889497616,-nan
1434,0,0,1434,7.8925359525757e-12,4.4615664896946e-11,1.4126437911031e-16,1.1182474370286e-13,0,3.7e-11,1,0.000181,4.1622864578873e-14,-1177.3123065894,-nan
1435,0,0,1435,7.7820209011037e-12,4.5133698772725e-11,-9.376413151597e-17,1.10515051472e-13,0,3.7e-11,1,0.000181,4.1036499010999e-14,-1160.7961328395,-nan
1436,0,0,1436,7.6728043331471e-12,4.4678658239212e-11,8.2362336565827e-17,1.0921656795665e-13,0,3.7e-11,1,0.000181,4.0457072848004e-14,-1144.5001487242,-nan
1437,0,0,1437,7.5648750651172e-12,4.5470624215134e-11,-1.4334584164193e-16,1.0792926802987e-13,0,3.7e-11,1,0.000181,3.9884525679363e-14,-1128.3626821165,-nan
1438,0,0,1438,7.4582219563468e-12,4.4463225092449e-11,1.8233924120589e-16,1.0665310877039e-13,0,3.7e-11,1,0.000181,3.9318797279427e-14,-1112.4644038532,-nan
1439,0,0,1439,7.3528338736852e-12,4.3732573319177e-11,1.3224797096229e-16,1.0538808266165e-13,0,3.7e-11,1,0.000181,3.8759827612614e-14,-1096.7475403784,-nan
1440,0,0,1440,7.2486997219433e-12,4.437477637405e-11,-1.1623875293192e-16,1.0413415174191e-13,0,3.7e-11,1,0.000181,3.8207556838501e-14,-1081.1808104255,-nan
1441,0,0,1441,7.145808462273e-12,4.3871328007917e-11,9.1124154270106e-17,1.028912596703e-13,0,3.7e-11,1,0.000181,3.7661925316806e-14,-1065.8306334035,-nan
1442,0,0,1442,7.0441490833735e-12,4.4605470906962e-11,-1.3287986472727e-16,1.0165937889946e-13,0,3.7e-11,1,0.000181,3.7122873612277e-14,-1050.6309531341,-nan
1443,0,0,1443,6.9437106222874e-12,4.4090156000169e-11,9.3271998129531e-17,1.0043846108604e-13,0,3.7e-11,1,0.000181,3.6590342499465e-14,-1035.6473501645,-nan
1444,0,0,1444,6.8444821393886e-12,4.3887915655247e-11,3.6605502430825e-17,9.922848289889e-14,0,3.7e-11,1,0.000181,3.6064272967402e-14,-1020.8359603785,-nan
1445,0,0,1445,6.7464527320703e-12,4.3162352613097e-11,1.3132691062927e-16,9.80294073183e-14,0,3.7e-11,1,0.000181,3.5544606224181e-14,-1006.217761124,-nan
1446,0,0,1446,6.6496115332351e-12,4.310836383072e-11,9.7719696102204e-18,9.6841198835119e-14,0,3.7e-11,1,0.000181,3.5031283701423e-14,-991.75883520708,-nan
1447,0,0,1447,6.5539477312873e-12,4.4468778285565e-11,-2.4623501632687e-16,9.5663801947799e-14,0,3.7e-11,1,0.000181,3.4524247058656e-14,-977.43749177507,-nan
1448,0,0,1448,6.4594505752864e-12,4.4281713032845e-11,3.3858810742265e-17,9.4497156000891e-14,0,3.7e-11,1,0.000181,3.4023438187584e-14,-963.33217638159,-nan
1449,0,0,1449,6.3661093362245e-12,4.3839322941306e-11,8.0072606568453e-17,9.3341239061988e-14,0,3.7e-11,1,0.000181,3.3528799216265e-14,-949.40636386025,-nan
1450,0,0,1450,6.2739133195545e-12,4.3749772558384e-11,1.6208619308947e-17,9.2196016670001e-14,0,3.7e-11,1,0.000181,3.3040272513184e-14,-935.64202041532,-nan
1451,0,0,1451,6.1828518775041e-12,4.3192445205214e-11,1.0087625092387e-16,9.1061442050331e-14,0,3.7e-11,1,0.000181,3.2557800691231e-14,-922.0597349443,-nan
1452,0,0,1452,6.0929144010958e-12,4.2572577255347e-11,1.1219609892587e-16,8.9937476408354e-14,0,3.7e-11,1,0.000181,3.2081326611577e-14,-908.64697097395,-nan
1453,0,0,1453,6.0040903288057e-12,4.3178157451868e-11,-1.0961001557032e-16,8.882407229011e-14,0,3.7e-11,1,0.000181,3.1610793387462e-14,-895.36734094473,-nan
1454,0,0,1454,5.916369162253e-12,4.3550231426014e-11,-6.7345389320441e-17,8.7721166552676e-14,0,3.7e-11,1,0.000181,3.1146144387879e-14,-882.25870843137,-nan
1455,0,0,1455,5.8297404477997e-12,4.3144019331309e-11,7.3524389141594e-17,8.6628714453322e-14,0,3.7e-11,1,0.000181,3.0687323241163e-14,-869.33423627008,-nan
1456,0,0,1456,5.7441937651883e-12,4.2204367048393e-11,1.7007706320774e-16,8.5546682611379e-14,0,3.7e-11,1,0.000181,3.0234273838493e-14,-856.58575104562,-nan
1457,0,0,1457,5.6597187357308e-12,4.2291494924653e-11,-1.5770145602959e-17,8.4475029457488e-14,0,3.7e-11,1,0.000181,2.9786940337287e-14,-843.96953488867,-nan
1458,0,0,1458,5.5763050425273e-12,4.2500977464403e-11,-3.7916339694718e-17,8.3413693203473e-14,0,3.7e-11,1,0.000181,2.9345267164517e-14,-831.50849120595,-nan
1459,0,0,1459,5.4939424253716e-12,4.3376802353215e-11,-1.5852430487505e-16,8.2362617155749e-14,0,3.7e-11,1,0.000181,2.8909199019923e-14,-819.18638556752,-nan
1460,0,0,1460,5.4126206755583e-12,4.1995898550801e-11,2.499435882369e-16,8.1321749813245e-14,0,3.7e-11,1,0.000181,2.8478680879136e-14,-807.08069552347,-nan
1461,0,0,1461,5.3323296134228e-12,4.2586680832186e-11,-1.0693159293072e-16,8.029106213556e-14,0,3.7e-11,1,0.000181,2.8053657996715e-14,-795.07561955983,-nan
1462,0,0,1462,5.2530591263931e-12,4.2374980752165e-11,3.8317714483878e-17,7.9270487029677e-14,0,3.7e-11,1,0.000181,2.7634075909087e-14,-783.24462518694,-nan
1463,0,0,1463,5.1747991485816e-12,4.1896816616624e-11,8.6547708532866e-17,7.8259977811487e-14,0,3.7e-11,1,0.000181,2.7219880437403e-14,-771.57172237927,-nan
1464,0,0,1464,5.0975396618308e-12,4.1904405272805e-11,-1.3735467686817e-18,7.725948675085e-14,0,3.7e-11,1,0.000181,2.68110176903e-14,-760.03508503455,-nan
1465,0,0,1465,5.0212707051205e-12,4.1639104190106e-11,4.8019495968394e-17,7.6268956710262e-14,0,3.7e-11,1,0.000181,2.640743406658e-14,-748.65372961955,-nan
1466,0,0,1466,4.9459823718633e-12,4.2411193596003e-11,-1.3974818246733e-16,7.5288333257195e-14,0,3.7e-11,1,0.000181,2.6009076257801e-14,-737.39076389763,-nan
1467,0,0,1467,4.8716648195139e-12,4.2766308023471e-11,-6.4275711371623e-17,7.4317552349438e-14,0,3.7e-11,1,0.000181,2.5615891250775e-14,-726.28402534891,-nan
1468,0,0,1468,4.7983082522935e-12,4.1379640285564e-11,2.5098686056105e-16,7.3356567220372e-14,0,3.7e-11,1,0.000181,2.5227826329993e-14,-715.36785686155,-nan
1469,0,0,1469,4.7259029135471e-12,4.2172639800164e-11,-1.4353291214253e-16,7.2405338746377e-14,0,3.7e-11,1,0.000181,2.4844829079949e-14,-704.53481644666,-nan
1470,0,0,1470,4.6544391166039e-12,4.1062817991089e-11,2.0087774744245e-16,7.1463796943187e-14,0,3.7e-11,1,0.000181,2.44668473874e-14,-693.89379521391,-nan
1471,0,0,1471,4.5839072188614e-12,4.1440268875399e-11,-6.8318610060074e-17,7.0531897742578e-14,0,3.7e-11,1,0.000181,2.4093829443522e-14,-683.35172916155,-nan
1472,0,0,1472,4.5142976460432e-12,4.2184642671075e-11,-1.3473165701736e-16,6.960957281814e-14,0,3.7e-11,1,0.000181,2.3725723745998e-14,-672.93746837685,-nan
1473,0,0,1473,4.4456008846772e-12,4.1681855471528e-11,9.1004483117968e-17,6.8696761365997e-14,0,3.7e-11,1,0.000181,2.3362479101023e-14,-662.69321619186,-nan
1474,0,0,1474,4.3778074643222e-12,4.0916609168144e-11,1.3850958091243e-16,6.7793420355019e-14,0,3.7e-11,1,0.000181,2.300404462522e-14,-652.59094491007,-nan
1475,0,0,1475,4.31090796727e-12,4.0850914146231e-11,1.1890798966411e-17,6.6899497052156e-14,0,3.7e-11,1,0.000181,2.2650369747488e-14,-642.60324799307,-nan
1476,0,0,1476,4.2448930429972e-12,4.1938049382354e-11,-1.9677147773831e-16,6.6014924272897e-14,0,3.7e-11,1,0.000181,2.2301404210759e-14,-632.71647843198,-nan
1477,0,0,1477,4.1797534093083e-12,4.1861809635011e-11,1.3799394269136e-17,6.5139633688859e-14,0,3.7e-11,1,0.000181,2.195709807369e-14,-622.99185034558,-nan
1478,0,0,1478,4.1154798305547e-12,4.0964163996121e-11,1.6247386063898e-16,6.4273578753646e-14,0,3.7e-11,1,0.000181,2.1617401712267e-14,-613.41874225345,-nan
1479,0,0,1479,4.052063120722e-12,4.1126253881232e-11,-2.9338269205035e-17,6.3416709832654e-14,0,3.7e-11,1,0.000181,2.1282265821338e-14,-603.94494083462,-nan
1480,0,0,1480,3.9894941593943e-12,4.064376619472e-11,8.7330271258764e-17,6.2568961327711e-14,0,3.7e-11,1,0.000181,2.0951641416069e-14,-594.61514673929,-nan
1481,0,0,1481,3.9277638818985e-12,4.0431957652035e-11,3.8337346225855e-17,6.1730277495769e-14,0,3.7e-11,1,0.000181,2.0625479833328e-14,-585.40326975713,-nan
1482,0,0,1482,3.8668632854883e-12,4.0965763054499e-11,-9.661877784584e-17,6.0900596410259e-14,0,3.7e-11,1,0.000181,2.0303732732993e-14,-576.29512951701,-nan
1483,0,0,1483,3.8067834334889e-12,4.1120466549801e-11,-2.8001332649809e-17,6.007985199935e-14,0,3.7e-11,1,0.000181,1.9986352099188e-14,-567.31978931512,-nan
1484,0,0,1484,3.7475154461694e-12,4.1022775917359e-11,1.7682004472125e-17,5.9267987319484e-14,0,3.7e-11,1,0.000181,1.9673290241446e-14,-558.47249869022,-nan
1485,0,0,1485,3.6890504992262e-12,4.0483739977079e-11,9.7565505190667e-17,5.8464946943216e-14,0,3.7e-11,1,0.000181,1.9364499795804e-14,-549.7570467807,-nan
1486,0,0,1486,3.6313798243148e-12,4.019551980913e-11,5.2167850398797e-17,5.7670674911411e-14,0,3.7e-11,1,0.000181,1.9059933725827e-14,-541.15341723598,-nan
1487,0,0,1487,3.5744947166835e-12,4.0860869118013e-11,-1.2042822490795e-16,5.6885107631322e-14,0,3.7e-11,1,0.000181,1.875954532356e-14,-532.64131691401,-nan
1488,0,0,1488,3.5183865378218e-12,4.0157741220014e-11,1.2726614953783e-16,5.6108178861646e-14,0,3.7e-11,1,0.000181,1.8463288210415e-14,-524.28221392579,-nan
1489,0,0,1489,3.4630467009756e-12,3.999544742104e-11,2.937517761445e-17,5.5339836846181e-14,0,3.7e-11,1,0.000181,1.8171116337989e-14,-516.02322308383,-nan
1490,0,0,1490,3.4084666842798e-12,4.1023259267555e-11,-1.8603394421934e-16,5.4580016695825e-14,0,3.7e-11,1,0.000181,1.788298398882e-14,-507.84552401857,-nan
1491,0,0,1491,3.3546380356589e-12,4.1077854401096e-11,-9.8817191709151e-18,5.3828648620951e-14,0,3.7e-11,1,0.000181,1.7598845777069e-14,-499.80632283295,-nan
1492,0,0,1492,3.3015523554316e-12,3.9803804834767e-11,2.3060297150552e-16,5.3085680227242e-14,0,3.7e-11,1,0.000181,1.7318656649145e-14,-491.91397144341,-nan
1493,0,0,1493,3.2492012972864e-12,4.1059011486416e-11,-2.2719240394834e-16,5.235105814521e-14,0,3.7e-11,1,0.000181,1.7042371884264e-14,-484.06295598139,-nan
1494,0,0,1494,3.1975765901291e-12,4.0502613125862e-11,1.0070810326012e-16,5.1624707157274e-14,0,3.7e-11,1,0.000181,1.6769947094941e-14,-476.36936197601,-nan
1495,0,0,1495,3.1466700155296e-12,4.0374747620704e-11,2.3143656433702e-17,5.0906574599497e-14,0,3.7e-11,1,0.000181,1.6501338227431e-14,-468.77141797974,-nan
1496,0,0,1496,3.0964734162925e-12,4.0287349322939e-11,1.5819091895404e-17,5.0196599237157e-14,0,3.7e-11,1,0.000181,1.6236501562094e-14,-461.27839421607,-nan
1497,0,0,1497,3.0469786965729e-12,3.955235214592e-11,1.3303448904037e-16,4.9494719719552e-14,0,3.7e-11,1,0.000181,1.5975393713714e-14,-453.90767818942,-nan
1498,0,0,1498,2.998177819152e-12,3.9834257048699e-11,-5.102478740293e-17,4.8800877420908e-14,0,3.7e-11,1,0.000181,1.5717971631749e-14,-446.61308326508,-nan
1499,0,0,1499,2.9500628152705e-12,4.0431399364394e-11,-1.0808275914082e-16,4.8115003881501e-14,0,3.7e-11,1,0.000181,1.5464192600528e-14,-439.41238345312,-nan
1500,0,0,1500,2.9026257805668e-12,4.0367898803209e-11,1.149360157453e-17,4.7437034703692e-14,0,3.7e-11,1,0.000181,1.521401423939e-14,-432.33077361258,-nan
1501,0,0,1501,2.855858866755e-12,3.9614803963148e-11,1.3631016605108e-16,4.6766913811804e-14,0,3.7e-11,1,0.000181,1.4967394502761e-14,-425.36786430308,-nan
1502,0,0,1502,2.8097542825975e-12,3.9678504738241e-11,-1.1529840291922e-17,4.6104584157491e-14,0,3.7e-11,1,0.000181,1.4724291680188e-14,-418.48177889203,-nan
1503,0,0,1503,2.76430430211e-12,3.9202047057813e-11,8.6238840157479e-17,4.5449980487524e-14,0,3.7e-11,1,0.000181,1.4484664396302e-14,-411.70803816523,-nan
1504,0,0,1504,2.7195012605271e-12,3.9828485980545e-11,-1.1338544501441e-16,4.4803041582954e-14,0,3.7e-11,1,0.000181,1.4248471610741e-14,-405.0010907219,-nan
1505,0,0,1505,2.6753375596657e-12,3.955771835275e-11,4.9008940630816e-17,4.4163700861346e-14,0,3.7e-11,1,0.000181,1.4015672618011e-14,-398.41385883886,-nan
1506,0,0,1506,2.6318056598219e-12,3.9945045951288e-11,-7.010629533532e-17,4.3531899843775e-14,0,3.7e-11,1,0.000181,1.3786227047302e-14,-391.90318149989,-nan
1507,0,0,1507,2.5888980857205e-12,4.0398149513479e-11,-8.2011744756589e-17,4.2907574101425e-14,0,3.7e-11,1,0.000181,1.3560094862248e-14,-385.48395112119,-nan
1508,0,0,1508,2.5466074235582e-12,3.9945342095152e-11,8.195814271711e-17,4.2290662162309e-14,0,3.7e-11,1,0.000181,1.3337236360637e-14,-379.18132247857,-nan
1509,0,0,1509,2.5049263145778e-12,3.8969584133873e-11,1.7661219099161e-16,4.168110898045e-14,0,3.7e-11,1,0.000181,1.3117612174072e-14,-372.98384647596,-nan
1510,0,0,1510,2.4638474578568e-12,3.8589832755303e-11,6.8734999521125e-17,4.107885672094e-14,0,3.7e-11,1,0.000181,1.290118326759e-14,-366.86019085084,-nan
1511,0,0,1511,2.423363618262e-12,3.9169819367454e-11,-1.0497757679931e-16,4.0483839594854e-14,0,3.7e-11,1,0.000181,1.2687910939221e-14,-360.79944467022,-nan
1512,0,0,1512,2.3834676289824e-12,4.0031433338703e-11,-1.559521287961e-16,3.9895989279513e-14,0,3.7e-11,1,0.000181,1.2477756819511e-14,-354.81886509603,-nan
1513,0,0,1513,2.344152385708e-12,3.979524419111e-11,4.2750235714338e-17,3.9315243274433e-14,0,3.7e-11,1,0.000181,1.2270682870992e-14,-348.95467321329,-nan
1514,0,0,1514,2.3054108394504e-12,3.9759419186416e-11,6.4843258495425e-18,3.8741546257601e-14,0,3.7e-11,1,0.000181,1.2066651387615e-14,-343.17073086123,-nan
1515,0,0,1515,2.2672360024898e-12,4.0208330373624e-11,-8.1252924884573e-17,3.8174836960643e-14,0,3.7e-11,1,0.000181,1.1865624994127e-14,-337.45830889833,-nan
1516,0,0,1516,2.2296209497217e-12,3.9739444892351e-11,8.486827211044e-17,3.7615052768073e-14,0,3.7e-11,1,0.000181,1.1667566645417e-14,-331.85427955744,-nan
1517,0,0,1517,2.1925588128713e-12,3.958555501189e-11,2.7854068363435e-17,3.7062136850396e-14,0,3.7e-11,1,0.000181,1.1472439625812e-14,-326.3242985537,-nan
1518,0,0,1518,2.1560427849784e-12,3.9523634436858e-11,1.1207624080745e-17,3.6516027892926e-14,0,3.7e-11,1,0.000181,1.1280207548334e-14,-320.87337720551,-nan
1519,0,0,1519,2.1200661208409e-12,3.9667765257284e-11,-2.6087678497214e-17,3.5976664137469e-14,0,3.7e-11,1,0.000181,1.1090834353915e-14,-315.49742501558,-nan
1520,0,0,1520,2.0846221370668e-12,3.9980204412571e-11,-5.6551487106947e-17,3.5443983774099e-14,0,3.7e-11,1,0.000181,1.0904284310572e-14,-310.19646409857,-nan
1521,0,0,1521,2.0497042109287e-12,3.9758698739558e-11,4.0092526815474e-17,3.4917926138084e-14,0,3.7e-11,1,0.000181,1.0720522012546e-14,-304.98848536014,-nan
1522,0,0,1522,2.0153057771124e-12,3.9395041447447e-11,6.5821969871989e-17,3.4398433816294e-14,0,3.7e-11,1,0.000181,1.0539512379397e-14,-299.86191945803,-nan
1523,0,0,1523,1.9814203297911e-12,3.9745944105989e-11,-6.3513381196082e-17,3.3885447321338e-14,0,3.7e-11,1,0.000181,1.0361220655068e-14,-294.79264057159,-nan
1524,0,0,1524,1.9480414247459e-12,3.8847650374658e-11,1.6259116537091e-16,3.3378905045201e-14,0,3.7e-11,1,0.000181,1.0185612406906e-14,-289.83276094193,-nan
1525,0,0,1525,1.9151626733634e-12,3.8898461146212e-11,-9.196749651232e-18,3.2878751382506e-14,0,3.7e-11,1,0.000181,1.0012653524653e-14,-284.92191307988,-nan
1526,0,0,1526,1.8827777497911e-12,3.9184726696471e-11,-5.181406459693e-17,3.238492357224e-14,0,3.7e-11,1,0.000181,9.8423102193981e-15,-280.07844023579,-nan
1527,0,0,1527,1.850880389818e-12,3.9683108132525e-11,-9.0207039925687e-17,3.1897359973162e-14,0,3.7e-11,1,0.000181,9.6745490224952e-15,-275.30203781484,-nan
1528,0,0,1528,1.8194643878679e-12,3.8811520478041e-11,1.5775736546161e-16,3.141600195008e-14,0,3.7e-11,1,0.000181,9.5093367844503e-15,-270.63453825017,-nan
1529,0,0,1529,1.7885235923113e-12,3.8888635384322e-11,-1.395779803682e-17,3.0940795556559e-14,0,3.7e-11,1,0.000181,9.3466406737732e-15,-266.01235617542,-nan
1530,0,0,1530,1.7580519129958e-12,3.9087274638282e-11,-3.5953704966814e-17,3.0471679315551e-14,0,3.7e-11,1,0.000181,9.1864281757991e-15,-261.45693837334,-nan
1531,0,0,1531,1.7280433187033e-12,3.8339847851088e-11,1.3528424848203e-16,3.000859429247e-14,0,3.7e-11,1,0.000181,9.0286670914774e-15,-256.9962380532,-nan
1532,0,0,1532,1.6984918329688e-12,3.8042208543911e-11,5.3872714599063e-17,2.9551485734521e-14,0,3.7e-11,1,0.000181,8.8733255361322e-15,-252.59163703484,-nan
1533,0,0,1533,1.6693915386609e-12,3.8159048822099e-11,-2.1148090352018e-17,2.9100294307921e-14,0,3.7e-11,1,0.000181,8.720371938191e-15,-248.24320603615,-nan
1534,0,0,1534,1.6407365785139e-12,3.8243660803899e-11,-1.5314768705848e-17,2.8654960146946e-14,0,3.7e-11,1,0.000181,8.5697750378866e-15,-243.96214363274,-nan
1535,0,0,1535,1.6125211533383e-12,3.8682781337469e-11,-7.9480816576067e-17,2.8215425175593e-14,0,3.7e-11,1,0.000181,8.4215038859291e-15,-239.73713153894,-nan
1536,0,0,1536,1.584739522823e-12,3.9464866927726e-11,-1.4155749183666e-16,2.7781630515358e-14,0,3.7e-11,1,0.000181,8.2755278421521e-15,-235.56762459446,-nan
1537,0,0,1537,1.55738600372e-12,3.8686507409956e-11,1.4088307271646e-16,2.7353519103041e-14,0,3.7e-11,1,0.000181,8.1318165741314e-15,-231.50421769132,-nan
1538,0,0,1538,1.5304549642542e-12,3.8381010889933e-11,5.5294870124125e-17,2.6931039465737e-14,0,3.7e-11,1,0.000181,7.9903400557775e-15,-227.49111561642,-nan
1539,0,0,1539,1.5039408301785e-12,3.8799576564812e-11,-7.5760387153032e-17,2.6514134075694e-14,0,3.7e-11,1,0.000181,7.8510685659041e-15,-223.52069685236,-nan
1540,0,0,1540,1.4778380867413e-12,3.9367335846277e-11,-1.0276442994531e-16,2.610274343726e-14,0,3.7e-11,1,0.000181,7.7139726867713e-15,-219.60767492207,-nan
1541,0,0,1541,1.4521412755543e-12,3.9128794681296e-11,4.3175950861628e-17,2.5696811186956e-14,0,3.7e-11,1,0.000181,7.5790233026048e-15,-215.77705893937,-nan
1542,0,0,1542,1.4268449906122e-12,3.8324476734797e-11,1.455815483163e-16,2.5296284942088e-14,0,3.7e-11,1,0.000181,7.4461915980932e-15,-212.02154103676,-nan
1543,0,0,1543,1.4019438787982e-12,3.7665638780211e-11,1.1924966977997e-16,2.490111181405e-14,0,3.7e-11,1,0.000181,7.3154490568615e-15,-208.32109872763,-nan
1544,0,0,1544,1.3774326428214e-12,3.7683014218833e-11,-3.1449543905189e-18,2.451123597677e-14,0,3.7e-11,1,0.000181,7.1867674599243e-15,-204.6605968714,-nan
1545,0,0,1545,1.3533060428699e-12,3.7883802399664e-11,-3.634266073041e-17,2.4126599951492e-14,0,3.7e-11,1,0.000181,7.0601188841171e-15,-201.05257199277,-nan
1546,0,0,1546,1.3295588953291e-12,3.8670605227302e-11,-1.4241131180256e-16,2.3747147540832e-14,0,3.7e-11,1,0.000181,6.9354757005076e-15,-197.48536893877,-nan
1547,0,0,1547,1.306186071789e-12,3.814538107999e-11,9.5065570663493e-17,2.3372823540017e-14,0,3.7e-11,1,0.000181,6.8128105727875e-15,-194.00952035442,-nan
1548,0,0,1548,1.2831824939182e-12,3.7505292789379e-11,1.1585598060059e-16,2.3003577870888e-14,0,3.7e-11,1,0.000181,6.6920964556451e-15,-190.59191218804,-nan
1549,0,0,1549,1.2605431362101e-12,3.7507978352939e-11,-4.8608700426733e-19,2.2639357708022e-14,0,3.7e-11,1,0.000181,6.5733065931194e-15,-187.21131732541,-nan
1550,0,0,1550,1.2382630295451e-12,3.8879470555337e-11,-2.4824008863407e-16,2.2280106665086e-14,0,3.7e-11,1,0.000181,6.4564145169372e-15,-183.84737126692,-nan
1551,0,0,1551,1.2163372604313e-12,3.7515381137847e-11,2.469001845657e-16,2.1925769113736e-14,0,3.7e-11,1,0.000181,6.3413940448325e-15,-180.61026973949,-nan
1552,0,0,1552,1.1947609626294e-12,3.8463223444237e-11,-1.7155945745657e-16,2.1576297801912e-14,0,3.7e-11,1,0.000181,6.2282192788495e-15,-177.36286683381,-nan
1553,0,0,1553,1.1735293262993e-12,3.8190042107566e-11,4.9445821937483e-17,2.123163633014e-14,0,3.7e-11,1,0.000181,6.1168646036304e-15,-174.19992962189,-nan
1554,0,0,1554,1.1526375923747e-12,3.8627817638812e-11,-7.9237371155571e-17,2.0891733924553e-14,0,3.7e-11,1,0.000181,6.0073046846869e-15,-171.06853178768,-nan
1555,0,0,1555,1.13208105459e-12,3.8815183157261e-11,-3.3913158839172e-17,2.0556537784729e-14,0,3.7e-11,1,0.000181,5.8995144666586e-15,-167.99395347746,-nan
1556,0,0,1556,1.1118550579481e-12,3.8958262915167e-11,-2.5897436180965e-17,2.0225996641892e-14,0,3.7e-11,1,0.000181,5.7934691715563e-15,-164.96992867858,-nan
1557,0,0,1557,1.0919549981313e-12,3.8772958639999e-11,3.3540073805361e-17,1.9900059816781e-14,0,3.7e-11,1,0.000181,5.6891442969918e-15,-162.0034482033,-nan
1558,0,0,1558,1.0723763209643e-12,3.8822123800362e-11,-8.8988940257889e-18,1.9578677166991e-14,0,3.7e-11,1,0.000181,5.5865156143961e-15,-159.07861976354,-nan
1559,0,0,1559,1.0531145224951e-12,3.7683200385032e-11,2.0614513817481e-16,1.9261798469172e-14,0,3.7e-11,1,0.000181,5.4855591672242e-15,-156.23321834037,-nan
1560,0,0,1560,1.0341651465552e-12,3.7188703747033e-11,8.9503891477699e-17,1.8949375939919e-14,0,3.7e-11,1,0.000181,5.3862512691486e-15,-153.41705109407,-nan
1561,0,0,1561,1.0155237884457e-12,3.7601881431898e-11,-7.4785160960512e-17,1.8641358109571e-14,0,3.7e-11,1,0.000181,5.2885685022418e-15,-150.62234551388,-nan
1562,0,0,1562,9.9718609608221e-13,3.8533083261704e-11,-1.6854753119481e-16,1.8337692363446e-14,0,3.7e-11,1,0.000181,5.1924877151482e-15,-147.8589828299,-nan
1563,0,0,1563,9.7914776777744e-13,3.8424649250526e-11,1.9626556023207e-17,1.803832830477e-14,0,3.7e-11,1,0.000181,5.097986021246e-15,-145.16841963015,-nan
1564,0,0,1564,9.6140454832669e-13,3.8015992486852e-11,7.3966874225037e-17,1.7743219450748e-14,0,3.7e-11,1,0.000181,5.0050407967997e-15,-142.53003638742,-nan
1565,0,0,1565,9.4395223026238e-13,3.8410726243747e-11,-7.1446809998042e-17,1.7452318064317e-14,0,3.7e-11,1,0.000181,4.9136296791036e-15,-139.91337745442,-nan
1566,0,0,1566,9.2678665537204e-13,3.7567810892182e-11,1.5256767863318e-16,1.7165574890337e-14,0,3.7e-11,1,0.000181,4.8237305646165e-15,-137.37298515762,-nan
1567,0,0,1567,9.0990371166375e-13,3.7901406608254e-11,-6.0380824608928e-17,1.6882943708293e-14,0,3.7e-11,1,0.000181,4.7353216070895e-15,-134.84299791961,-nan
1568,0,0,1568,8.9329933623873e-13,3.7415772110744e-11,8.7899844049243e-17,1.6604375425018e-14,0,3.7e-11,1,0.000181,4.6483812156855e-15,-132.37674801951,-nan
1569,0,0,1569,8.769695131324e-13,3.850779497625e-11,-1.9765613865654e-16,1.6329823106332e-14,0,3.7e-11,1,0.000181,4.5628880530919e-15,-129.9088550458,-nan
1570,0,0,1570,8.6091027509988e-13,3.75119326472e-11,1.8025108155805e-16,1.6059238032514e-14,0,3.7e-11,1,0.000181,4.4788210336275e-15,-127.53779532488,-nan
1571,0,0,1571,8.4511769851871e-13,3.7861796432552e-11,-6.332534514861e-17,1.5792576581179e-14,0,3.7e-11,1,0.000181,4.396159321343e-15,-125.1701826735,-nan
1572,0,0,1572,8.2958790755098e-13,3.7932882979934e-11,-1.2866665076105e-17,1.5529790967723e-14,0,3.7e-11,1,0.000181,4.3148823281162e-15,-122.84934384525,-nan
1573,0,0,1573,8.1431707192226e-13,3.7234192415129e-11,1.2646299222965e-16,1.5270835628722e-14,0,3.7e-11,1,0.000181,4.234969711742e-15,-120.58797716815,-nan
1574,0,0,1574,7.9930140567169e-13,3.7551491351604e-11,-5.7431107501976e-17,1.5015666250573e-14,0,3.7e-11,1,0.000181,4.1564013740185e-15,-118.33725335778,-nan
1575,0,0,1575,7.8453716997177e-13,3.8596931906851e-11,-1.8922474049986e-16,1.4764235699917e-14,0,3.7e-11,1,0.000181,4.0791574588283e-15,-116.10439380269,-nan
1576,0,0,1576,7.700206718193e-13,3.7923785400919e-11,1.2183951757383e-16,1.4516498152473e-14,0,3.7e-11,1,0.000181,4.003218350217e-15,-113.95497486363,-nan
1577,0,0,1577,7.5574826026223e-13,3.8484523063534e-11,-1.0149351693328e-16,1.4272411557068e-14,0,3.7e-11,1,0.000181,3.9285646704678e-15,-111.80865485855,-nan
1578,0,0,1578,7.4171632897499e-13,3.6964719819145e-11,2.7508438723441e-16,1.4031931287242e-14,0,3.7e-11,1,0.000181,3.8551772781737e-15,-109.75447434489,-nan
1579,0,0,1579,7.2792131285849e-13,3.7034552991454e-11,-1.2639804188027e-17,1.3795016116496e-14,0,3.7e-11,1,0.000181,3.7830372663076e-15,-107.69270699821,-nan
1580,0,0,1580,7.1435969226352e-13,3.7340760223816e-11,-5.5423509057492e-17,1.3561620594966e-14,0,3.7e-11,1,0.000181,3.7121259602901e-15,-105.65940192071,-nan
1581,0,0,1581,7.0102799176406e-13,3.7866385509132e-11,-9.5138176642276e-17,1.3331700499462e-14,0,3.7e-11,1,0.000181,3.6424249160564e-15,-103.65449843018,-nan
1582,0,0,1582,6.8792277896042e-13,3.823115960658e-11,-6.6024111637992e-17,1.3105212803638e-14,0,3.7e-11,1,0.000181,3.5739159181213e-15,-101.68776154571,-nan
1583,0,0,1583,6.7504066324194e-13,3.7913896327881e-11,5.742465344457e-17,1.2882115718484e-14,0,3.7e-11,1,0.000181,3.5065809776443e-15,-99.772771092518,-nan
1584,0,0,1584,6.6237829495367e-13,3.8166892906944e-11,-4.5792380810414e-17,1.2662368288271e-14,0,3.7e-11,1,0.000181,3.4404023304941e-15,-97.875181026954,-nan
1585,0,0,1585,6.4993236634909e-13,3.7592683833101e-11,1.0393184236549e-16,1.2445928604578e-14,0,3.7e-11,1,0.000181,3.375362435313e-15,-96.03226677248,-nan
1586,0,0,1586,6.3769961019828e-13,3.7976609522734e-11,-6.9490549823604e-17,1.2232756150807e-14,0,3.7e-11,1,0.000181,3.3114439715823e-15,-94.195288020706,-nan
1587,0,0,1587,6.2567680113015e-13,3.7832997339904e-11,2.5993805092363e-17,1.2022809068138e-14,0,3.7e-11,1,0.000181,3.248629837688e-15,-92.403916471797,-nan
1588,0,0,1588,6.138607535355e-13,3.6894621520638e-11,1.6984602328718e-16,1.1816047594647e-14,0,3.7e-11,1,0.000181,3.1869031489878e-15,-90.664898766651,-nan
1589,0,0,1589,6.0224832128451e-13,3.7845140967792e-11,-1.7204401993499e-16,1.1612432250987e-14,0,3.7e-11,1,0.000181,3.12624723588e-15,-88.905233801604,-nan
1590,0,0,1590,5.9083639981472e-13,3.6721802606181e-11,2.0332424345172e-16,1.1411921469789e-14,0,3.7e-11,1,0.000181,3.0666456418739e-15,-87.231559436017,-nan
1591,0,0,1591,5.7962192203454e-13,3.6615107898914e-11,1.931174201539e-17,1.1214477780187e-14,0,3.7e-11,1,0.000181,3.0080821216628e-15,-85.559890623389,-nan
1592,0,0,1592,5.6860186087584e-13,3.7059029497853e-11,-8.034980940797e-17,1.1020061158696e-14,0,3.7e-11,1,0.000181,2.9505406391989e-15,-83.902370693852,-nan
1593,0,0,1593,5.5777322885314e-13,3.668966388335e-11,6.6855176224991e-17,1.0828632022697e-14,0,3.7e-11,1,0.000181,2.8940053657719e-15,-82.295415811596,-nan
1594,0,0,1594,5.4713307621708e-13,3.7208918040405e-11,-9.398500242699e-17,1.0640152636061e-14,0,3.7e-11,1,0.000181,2.8384606780903e-15,-80.692588032219,-nan
1595,0,0,1595,5.3667849214475e-13,3.7677716175355e-11,-8.4852462425873e-17,1.0454584072331e-14,0,3.7e-11,1,0.000181,2.7838911563663e-15,-79.118833136779,-nan
1596,0,0,1596,5.2640660339267e-13,3.7238968306949e-11,7.9413364181484e-17,1.0271888752077e-14,0,3.7e-11,1,0.000181,2.7302815824048e-15,-77.596886684951,-nan
1597,0,0,1597,5.1631457298492e-13,3.7272695158012e-11,-6.1045600425296e-18,1.0092030407751e-14,0,3.7e-11,1,0.000181,2.6776169376958e-15,-76.089027200436,-nan
1598,0,0,1598,5.0639960112449e-13,3.692174145683e-11,6.352261991407e-17,9.9149718604287e-15,0,3.7e-11,1,0.000181,2.6258824015122e-15,-74.618002974587,-nan
1599,0,0,1599,4.9665892480514e-13,3.8151710868447e-11,-2.2262446350269e-16,9.7406763193575e-15,0,3.7e-11,1,0.000181,2.5750633490116e-15,-73.130277010295,-nan
1600,0,0,1600,4.8708981839669e-13,3.7026917314324e-11,2.0358763329604e-16,9.5691064084467e-15,0,3.7e-11,1,0.000181,2.5251453493433e-15,-71.731812208869,-nan
1601,0,0,1601,4.7768959037257e-13,3.7724579412986e-11,-1.2627683985775e-16,9.4002280241199e-15,0,3.7e-11,1,0.000181,2.4761141637601e-15,-70.309308869467,-nan
1602,0,0,1602,4.6845558586302e-13,3.7048171534873e-11,1.2242982593844e-16,9.2340045095522e-15,0,3.7e-11,1,0.000181,2.4279557437367e-15,-68.948763149949,-nan
1603,0,0,1603,4.593851844922e-13,3.7454744935038e-11,-7.3589785429845e-17,9.0704013708199e-15,0,3.7e-11,1,0.000181,2.3806562290926e-15,-67.583376983568,-nan
1604,0,0,1604,4.504758013154e-13,3.6731248962972e-11,1.3095277094391e-16,8.9093831767952e-15,0,3.7e-11,1,0.000181,2.3342019461219e-15,-66.272576564597,-nan
1605,0,0,1605,4.417248854778e-13,3.7762368834777e-11,-1.8663269679666e-16,8.750915837599e-15,0,3.7e-11,1,0.000181,2.2885794057288e-15,-64.938016532583,-nan
1606,0,0,1606,4.3312992154931e-13,3.7318626131119e-11,8.0317429362182e-17,8.5949639284985e-15,0,3.7e-11,1,0.000181,2.2437753015701e-15,-63.66660448254,-nan
1607,0,0,1607,4.2468842700659e-13,3.745750204648e-11,-2.5136540680272e-17,8.4414945427152e-15,0,3.7e-11,1,0.000181,2.1997765082041e-15,-62.402362122768,-nan
1608,0,0,1608,4.1639795325502e-13,3.8233831534133e-11,-1.4051563726533e-16,8.2904737515671e-15,0,3.7e-11,1,0.000181,2.1565700792465e-15,-61.143441801903,-nan
1609,0,0,1609,4.0825608536e-13,3.768539627522e-11,9.9266781863309e-17,8.1418678950186e-15,0,3.7e-11,1,0.000181,2.1141432455334e-15,-59.94251584802,-nan
1610,0,0,1610,4.0026044000946e-13,3.6902214173754e-11,1.4175596036538e-16,7.9956453505386e-15,0,3.7e-11,1,0.000181,2.0724834132921e-15,-58.769768440199,-nan
1611,0,0,1611,3.9240866609551e-13,3.6975305832642e-11,-1.3229590258744e-17,7.851773913959e-15,0,3.7e-11,1,0.000181,2.0315781623193e-15,-57.595361466298,-nan
1612,0,0,1612,3.846984455052e-13,3.7050648948346e-11,-1.3637103942516e-17,7.7102205903026e-15,0,3.7e-11,1,0.000181,1.9914152441666e-15,-56.442030468203,-nan
1613,0,0,1613,3.7712749217297e-13,3.7027045725564e-11,4.2721833235814e-18,7.5709533322347e-15,0,3.7e-11,1,0.000181,1.9519825803349e-15,-55.312169164797,-nan
1614,0,0,1614,3.6969355168423e-13,3.7944649840539e-11,-1.660863448105e-16,7.4339404887366e-15,0,3.7e-11,1,0.000181,1.9132682604765e-15,-54.177328664043,-nan
1615,0,0,1615,3.6239440121524e-13,3.6934568955966e-11,1.8282464010769e-16,7.2991504689929e-15,0,3.7e-11,1,0.000181,1.8752605406055e-15,-53.114714683322,-nan
1616,0,0,1616,3.5522784757866e-13,3.7213416521081e-11,-5.0471409285761e-17,7.1665536365797e-15,0,3.7e-11,1,0.000181,1.8379478413171e-15,-52.037064235978,-nan
1617,0,0,1617,3.4819172880351e-13,3.7247934032547e-11,-6.2476695753499e-18,7.0361187751507e-15,0,3.7e-11,1,0.000181,1.8013187460153e-15,-50.985493914233,-nan
1618,0,0,1618,3.4128391330964e-13,3.776535445475e-11,-9.3653096418862e-17,6.9078154938684e-15,0,3.7e-11,1,0.000181,1.7653619991499e-15,-49.940030484296,-nan
1619,0,0,1619,3.3450229954467e-13,3.7246116795099e-11,9.3982016396922e-17,6.7816137649665e-15,0,3.7e-11,1,0.000181,1.7300665044623e-15,-48.941429357139,-nan
1620,0,0,1620,3.27844815012e-13,3.791367691783e-11,-1.2082838221437e-16,6.6574845326689e-15,0,3.7e-11,1,0.000181,1.6954213232406e-15,-47.929287664608,-nan
1621,0,0,1621,3.2130941708885e-13,3.7918127156042e-11,-8.0549311624091e-19,6.5353979231583e-15,0,3.7e-11,1,0.000181,1.661415672584e-15,-46.95329790557,-nan
1622,0,0,1622,3.1489409172403e-13,3.7593787393388e-11,5.8705497040358e-17,6.4153253648193e-15,0,3.7e-11,1,0.000181,1.6280389236772e-15,-46.004123668183,-nan
1623,0,0,1623,3.0859685317471e-13,3.7648647436085e-11,-9.9296677282526e-18,6.2972385493169e-15,0,3.7e-11,1,0.000181,1.5952806000736e-15,-45.062333580526,-nan
1624,0,0,1624,3.0241574425948e-13,3.7832260938013e-11,-3.3234043848848e-17,6.1811089152347e-15,0,3.7e-11,1,0.000181,1.5631303759895e-15,-44.134404215275,-nan
1625,0,0,1625,2.9634883591936e-13,3.7837305137353e-11,-9.1300008068696e-19,6.0669083401147e-15,0,3.7e-11,1,0.000181,1.5315780746072e-15,-43.228353544796,-nan
1626,0,0,1626,2.9039422656396e-13,3.7301806806514e-11,9.6925197881968e-17,5.9546093554043e-15,0,3.7e-11,1,0.000181,1.5006136663885e-15,-42.353680682691,-nan
1627,0,0,1627,2.845500414929e-13,3.6413763836967e-11,1.6073577748805e-16,5.8441850710569e-15,0,3.7e-11,1,0.000181,1.4702272673992e-15,-41.505024673497,-nan
1628,0,0,1628,2.7881443299822e-13,3.7020780971809e-11,-1.0987010140652e-16,5.7356084946815e-15,0,3.7e-11,1,0.000181,1.4404091376424e-15,-40.632174353042,-nan
1629,0,0,1629,2.7318558109421e-13,3.7599258117308e-11,-1.0470436333527e-16,5.6288519040137e-15,0,3.7e-11,1,0.000181,1.4111496794036e-15,-39.776036340895,-nan
1630,0,0,1630,2.6766169227976e-13,3.7130777874153e-11,8.4794924011122e-17,5.5238888144472e-15,0,3.7e-11,1,0.000181,1.382439435606e-15,-38.963867624987,-nan
1631,0,0,1631,2.622409986126e-13,3.7456031116471e-11,-5.887083685961e-17,5.4206936671586e-15,0,3.7e-11,1,0.000181,1.3542690881758e-15,-38.145655813128,-nan
1632,0,0,1632,2.569217583157e-13,3.7680237569602e-11,-4.0581368016662e-17,5.3192402968958e-15,0,3.7e-11,1,0.000181,1.326629456419e-15,-37.345324072809,-nan
1633,0,0,1633,2.517022550575e-13,3.6964851295319e-11,1.2948491564525e-16,5.2195032581985e-15,0,3.7e-11,1,0.000181,1.2995114954092e-15,-36.585279524123,-nan
1634,0,0,1634,2.4658079728745e-13,3.7170800984638e-11,-3.7276893766708e-17,5.1214577700602e-15,0,3.7e-11,1,0.000181,1.2729062943852e-15,-35.814974213711,-nan
1635,0,0,1635,2.4155571874267e-13,3.6833680400852e-11,6.1018825665236e-17,5.0250785447774e-15,0,3.7e-11,1,0.000181,1.2468050751612e-15,-35.073737881158,-nan
1636,0,0,1636,2.3662537776574e-13,3.7460713111213e-11,-1.1349292057532e-16,4.9303409769287e-15,0,3.7e-11,1,0.000181,1.2211991905469e-15,-34.320589621115,-nan
1637,0,0,1637,2.3178815735008e-13,3.6792677174453e-11,1.2091450455345e-16,4.8372204156588e-15,0,3.7e-11,1,0.000181,1.1960801227791e-15,-33.616348033672,-nan
1638,0,0,1638,2.2704246399186e-13,3.6428536115759e-11,6.5909531623587e-17,4.7456933582183e-15,0,3.7e-11,1,0.000181,1.1714394819651e-15,-32.917559945484,-nan
1639,0,0,1639,2.2238672821835e-13,3.7908891010856e-11,-2.6794423601251e-16,4.6557357735071e-15,0,3.7e-11,1,0.000181,1.1472690045367e-15,-32.182353135044,-nan
1640,0,0,1640,2.1781940485098e-13,3.7562513413228e-11,6.2694345170632e-17,4.5673233673791e-15,0,3.7e-11,1,0.000181,1.123560551716e-15,-31.509719265818,-nan
1641,0,0,1641,2.1333897117937e-13,3.7308308462538e-11,4.6011096074874e-17,4.4804336716049e-15,0,3.7e-11,1,0.000181,1.1003061079927e-15,-30.847568664723,-nan
1642,0,0,1642,2.0894392725565e-13,3.7244944971234e-11,1.1468791926078e-17,4.3950439237233e-15,0,3.7e-11,1,0.000181,1.0774977796128e-15,-30.193010633993,-nan
1643,0,0,1643,2.0463279599255e-13,3.7920956493204e-11,-1.2235808547668e-16,4.3111312630995e-15,0,3.7e-11,1,0.000181,1.0551277930788e-15,-29.5309993829,-nan
1644,0,0,1644,2.0040412299456e-13,3.7991888865533e-11,-1.2838759391485e-17,4.2286729979843e-15,0,3.7e-11,1,0.000181,1.033188493662e-15,-28.897654339242,-nan
1645,0,0,1645,1.9625647560184e-13,3.6866400086607e-11,2.0371346898556e-16,4.1476473927284e-15,0,3.7e-11,1,0.000181,1.0116723439255e-15,-28.308743793663,-nan
1646,0,0,1646,1.9218844252876e-13,3.7374903579603e-11,-9.2039132232186e-17,4.0680330730752e-15,0,3.7e-11,1,0.000181,9.9057192226007e-16,-27.687559352076,-nan
1647,0,0,1647,1.8819863462862e-13,3.7351438029175e-11,4.2472646275014e-18,3.9898079001355e-15,0,3.7e-11,1,0.000181,9.6987992143126e-16,-27.092433081282,-nan
1648,0,0,1648,1.8428568398131e-13,3.7318971892258e-11,5.8763707819086e-18,3.9129506473146e-15,0,3.7e-11,1,0.000181,9.4958914713802e-16,-26.50902644002,-nan
1649,0,0,1649,1.8044824357712e-13,3.6891345025761e-11,7.7400462835898e-17,3.8374404041941e-15,0,3.7e-11,1,0.000181,9.2969251658369e-16,-25.947575052628,-nan
1650,0,0,1650,1.7668498707078e-13,3.7199346389246e-11,-5.5748246790625e-17,3.7632565063338e-15,0,3.7e-11,1,0.000181,9.1018305705849e-16,-25.377319004678,-nan
1651,0,0,1651,1.7299460892028e-13,3.7761207492468e-11,-1.0169685968326e-16,3.6903781505005e-15,0,3.7e-11,1,0.000181,8.9105390453415e-16,-24.811084121867,-nan
1652,0,0,1652,1.6937582384288e-13,3.6828866157917e-11,1.6875378155373e-16,3.6187850773989e-15,0,3.7e-11,1,0.000181,8.7229830227022e-16,-24.295923408735,-nan
1653,0,0,1653,1.6582736608534e-13,3.7361390047265e-11,-9.638682397197e-17,3.5484577575411e-15,0,3.7e-11,1,0.000181,8.5390959943253e-16,-23.751673060592,-nan
1654,0,0,1654,1.6234799008326e-13,3.8022355253344e-11,-1.1963470230038e-16,3.479376002077e-15,0,3.7e-11,1,0.000181,8.3588124972341e-16,-23.214266654085,-nan
1655,0,0,1655,1.5893646982925e-13,3.7621010845261e-11,7.2643337862925e-17,3.4115202540115e-15,0,3.7e-11,1,0.000181,8.1820681002404e-16,-22.715703578656,-nan
1656,0,0,1656,1.5559159812726e-13,3.7237162935915e-11,6.9476471591692e-17,3.3448717019921e-15,0,3.7e-11,1,0.000181,8.0087993904865e-16,-22.22661962608,-nan
1657,0,0,1657,1.523121867296e-13,3.754951819825e-11,-5.6536302482643e-17,3.2794113976581e-15,0,3.7e-11,1,0.000181,7.8389439601079e-16,-21.728493942918,-nan
1658,0,0,1658,1.4909706639105e-13,3.7958562756346e-11,-7.4037065015299e-17,3.2151203385486e-15,0,3.7e-11,1,0.000181,7.6724403930156e-16,-21.237355014507,-nan
1659,0,0,1659,1.4594508637381e-13,3.7600483825883e-11,6.4812286413839e-17,3.1519800172468e-15,0,3.7e-11,1,0.000181,7.5092282517981e-16,-20.776377303468,-nan
1660,0,0,1660,1.4285511389007e-13,3.7022544771828e-11,1.0460696878393e-16,3.0899724837414e-15,0,3.7e-11,1,0.000181,7.3492480647433e-16,-20.330600759499,-nan
1661,0,0,1661,1.3982603414014e-13,3.7905694842267e-11,-1.5985016274944e-16,3.0290797499283e-15,0,3.7e-11,1,0.000181,7.1924413129811e-16,-19.854427859293,-nan
1662,0,0,1662,1.3685675038624e-13,3.6572473035269e-11,2.413131470666e-16,2.9692837538968e-15,0,3.7e-11,1,0.000181,7.0387504177448e-16,-19.447085675206,-nan
1663,0,0,1663,1.339461829287e-13,3.6882258113087e-11,-5.6071099085058e-17,2.9105674575395e-15,0,3.7e-11,1,0.000181,6.8881187277525e-16,-19.004105451729,-nan
1664,0,0,1664,1.3109326974361e-13,3.7369803620077e-11,-8.8245736765076e-17,2.852913185088e-15,0,3.7e-11,1,0.000181,6.7404905067087e-16,-18.564929862383,-nan
1665,0,0,1665,1.2829696598736e-13,3.6989921299577e-11,6.8758700010485e-17,2.796303756253e-15,0,3.7e-11,1,0.000181,6.5958109209249e-16,-18.157651221762,-nan
1666,0,0,1666,1.2555624337512e-13,3.6505780572534e-11,8.7629471594641e-17,2.7407226122369e-15,0,3.7e-11,1,0.000181,6.4540260270591e-16,-17.761489785202,-nan
1667,0,0,1667,1.2287009023606e-13,3.739482984309e-11,-1.6091791797061e-16,2.6861531390597e-15,0,3.7e-11,1,0.000181,6.3150827599757e-16,-17.336363451465,-nan
1668,0,0,1668,1.2023751165366e-13,3.7828934838763e-11,-7.8573004216837e-17,2.6325785824028e-15,0,3.7e-11,1,0.000181,6.1789289207233e-16,-16.931532693422,-nan
1669,0,0,1669,1.176575288099e-13,3.8054720755825e-11,-4.086725098819e-17,2.5799828437598e-15,0,3.7e-11,1,0.000181,6.0455131646314e-16,-16.54018580754,-nan
1670,0,0,1670,1.1512917868572e-13,3.7775092895807e-11,5.0612642663343e-17,2.5283501241777e-15,0,3.7e-11,1,0.000181,5.9147849895261e-16,-16.170208581691,-nan
1671,0,0,1671,1.1265151383537e-13,3.7711530986791e-11,1.1504705531808e-17,2.4776648503513e-15,0,3.7e-11,1,0.000181,5.7866947240633e-16,-15.801960090602,-nan
1672,0,0,1672,1.1022360225814e-13,3.6415907904222e-11,2.3450777794514e-16,2.4279115772289e-15,0,3.7e-11,1,0.000181,5.6611935161804e-16,-15.474439738313,-nan
1673,0,0,1673,1.0784452700547e-13,3.6288004213202e-11,2.3150568074594e-17,2.3790752526765e-15,0,3.7e-11,1,0.000181,5.5382333216651e-16,-15.122651671327,-nan
1674,0,0,1674,1.0551338650054e-13,3.704654163315e-11,-1.3729527301057e-16,2.3311405049315e-15,0,3.7e-11,1,0.000181,5.417766892842e-16,-14.754063381355,-nan
1675,0,0,1675,1.0322929425263e-13,3.6496363759214e-11,9.9582195182395e-17,2.2840922479048e-15,0,3.7e-11,1,0.000181,5.2997477673759e-16,-14.427871048561,-nan
1676,0,0,1676,1.0099137821855e-13,3.7131434869545e-11,-1.1494787096997e-16,2.2379160340756e-15,0,3.7e-11,1,0.000181,5.1841302571911e-16,-14.076540018989,-nan
1677,0,0,1677,9.8798781019246e-14,3.7807405033112e-11,-1.2235059960559e-16,2.1925971993083e-15,0,3.7e-11,1,0.000181,5.070869437508e-16,-13.730870644804,-nan
1678,0,0,1678,9.6650659563882e-14,3.7941915283229e-11,-2.4346355271167e-17,2.1481214553642e-15,0,3.7e-11,1,0.000181,4.9599211359944e-16,-13.406476466719,-nan
1679,0,0,1679,9.4546184612074e-14,3.7052946832132e-11,1.609032896485e-16,2.1044749518077e-15,0,3.7e-11,1,0.000181,4.8512419220327e-16,-13.116261196873,-nan
1680,0,0,1680,9.248454050709e-14,3.6287492803416e-11,1.3854717919757e-16,2.0616441049841e-15,0,3.7e-11,1,0.000181,4.7447890961018e-16,-12.829103226769,-nan
1681,0,0,1681,9.0464925323456e-14,3.7373626411399e-11,-1.9659018304486e-16,2.0196151836341e-15,0,3.7e-11,1,0.000181,4.6405206792735e-16,-12.498178130953,-nan
1682,0,0,1682,8.8486550971416e-14,3.7724550747594e-11,-6.3517304851304e-17,1.9783743520405e-15,0,3.7e-11,1,0.000181,4.538395402823e-16,-12.193281661356,-nan
1683,0,0,1683,8.654864251909e-14,3.7420732921337e-11,5.4991026552468e-17,1.9379084523255e-15,0,3.7e-11,1,0.000181,4.4383726979524e-16,-11.912123317953,-nan
1684,0,0,1684,8.46504379041e-14,3.6777425586816e-11,1.1643862754834e-16,1.8982046149908e-15,0,3.7e-11,1,0.000181,4.3404126856278e-16,-11.646068967132,-nan
1685,0,0,1685,8.279118789515e-14,3.7115947501734e-11,-6.127246660024e-17,1.8592500089501e-15,0,3.7e-11,1,0.000181,4.2444761665285e-16,-11.35929541546,-nan
1686,0,0,1686,8.0970156169028e-14,3.7964986162713e-11,-1.5367599763718e-16,1.8210317261213e-15,0,3.7e-11,1,0.000181,4.150524611108e-16,-11.064430890485,-nan
1687,0,0,1687,7.9186618991977e-14,3.7406445856252e-11,1.0109579546947e-16,1.7835371770508e-15,0,3.7e-11,1,0.000181,4.0585201497667e-16,-10.813207748543,-nan
1688,0,0,1688,7.7439864685486e-14,3.6422366363468e-11,1.7811838819384e-16,1.7467543064918e-15,0,3.7e-11,1,0.000181,3.9684255631355e-16,-10.578978105674,-nan
1689,0,0,1689,7.5729193645693e-14,3.6882861325553e-11,-8.3349588137395e-17,1.7106710397925e-15,0,3.7e-11,1,0.000181,3.8802042724689e-16,-10.31109388469,-nan
1690,0,0,1690,7.405391845896e-14,3.6530017144914e-11,6.3864796695772e-17,1.6752751867326e-15,0,3.7e-11,1,0.000181,3.7938203301489e-16,-10.070477132407,-nan
1691,0,0,1691,7.2413363441824e-14,3.6558901039108e-11,-5.2279848491673e-18,1.640555017136e-15,0,3.7e-11,1,0.000181,3.709238410297e-16,-9.8247278413836,-nan
1692,0,0,1692,7.080686462163e-14,3.7876902719249e-11,-2.3855830410557e-16,1.6064988201949e-15,0,3.7e-11,1,0.000181,3.6264237994952e-16,-9.5492228205832,-nan
1693,0,0,1693,6.9233769663728e-14,3.8036823899885e-11,-2.8945733695081e-17,1.5730949579017e-15,0,3.7e-11,1,0.000181,3.5453423876146e-16,-9.310005157212,-nan
1694,0,0,1694,6.7693437331784e-14,3.7460834544095e-11,1.0425407339809e-16,1.5403323319441e-15,0,3.7e-11,1,0.000181,3.4659606587517e-16,-9.0955691024791,-nan
1695,0,0,1695,6.6185237350129e-14,3.7396230985752e-11,1.1693244059968e-17,1.5081999816545e-15,0,3.7e-11,1,0.000181,3.3882456822703e-16,-8.8721098315228,-nan
1696,0,0,1696,6.4708550453584e-14,3.7526805581045e-11,-2.3634001747957e-17,1.4766868965446e-15,0,3.7e-11,1,0.000181,3.3121651039504e-16,-8.6480810278356,-nan
1697,0,0,1697,6.3262768173897e-14,3.6719260467853e-11,1.4616566548775e-16,1.4457822796877e-15,0,3.7e-11,1,0.000181,3.237687137242e-16,-8.4540215065276,-nan
1698,0,0,1698,6.1847292540472e-14,3.6349455524773e-11,6.6934694697381e-17,1.4154756334245e-15,0,3.7e-11,1,0.000181,3.1647805546231e-16,-8.2526565761518,-nan
1699,0,0,1699,6.0461536114672e-14,3.7035637817732e-11,-1.2419899502554e-16,1.3857564258005e-15,0,3.7e-11,1,0.000181,3.0934146790621e-16,-8.027189139863,-nan
1700,0,0,1700,5.9104921915164e-14,3.7327651799103e-11,-5.2854530628031e-17,1.3566141995081e-15,0,3.7e-11,1,0.000181,3.0235593755837e-16,-7.8167264356467,-nan
1701,0,0,1701,5.7776883039428e-14,3.656993787964e-11,1.3714621942277e-16,1.3280388757359e-15,0,3.7e-11,1,0.000181,2.9551850429364e-16,-7.6389016400198,-nan
1702,0,0,1702,5.647686247637e-14,3.7878752079976e-11,-2.3689537026085e-16,1.300020563058e-15,0,3.7e-11,1,0.000181,2.888262605363e-16,-7.4094084440636,-nan
1703,0,0,1703,5.5204313229973e-14,3.7272350663179e-11,1.0975865644027e-16,1.2725492463965e-15,0,3.7e-11,1,0.000181,2.8227635044715e-16,-7.2357798656022,-nan
1704,0,0,1704,5.3958697774459e-14,3.6275823511612e-11,1.8037141443357e-16,1.2456154555139e-15,0,3.7e-11,1,0.000181,2.7586596912067e-16,-7.0767169954991,-nan
1705,0,0,1705,5.2739488028885e-14,3.6215819637289e-11,1.0860701252619e-17,1.2192097455744e-15,0,3.7e-11,1,0.000181,2.6959236179215e-16,-6.8962856016926,-nan
1706,0,0,1706,5.1546165441439e-14,3.7318495234839e-11,-1.9958428315673e-16,1.1933225874454e-15,0,3.7e-11,1,0.000181,2.6345282305474e-16,-6.6882959241352,-nan
1707,0,0,1707,5.037822080555e-14,3.6453411676741e-11,1.5658012401577e-16,1.1679446358895e-15,0,3.7e-11,1,0.000181,2.5744469608626e-16,-6.5372783771928,-nan
1708,0,0,1708,4.9235153819992e-14,3.6626166075293e-11,-3.1268546137867e-17,1.1430669855583e-15,0,3.7e-11,1,0.000181,2.5156537188587e-16,-6.3619259012041,-nan
1709,0,0,1709,4.8116473209686e-14,3.7353686705023e-11,-1.3168123398108e-16,1.1186806103055e-15,0,3.7e-11,1,0.000181,2.4581228852032e-16,-6.1752211312643,-nan
1710,0,0,1710,4.7021696591968e-14,3.7974472729971e-11,-1.1236227051569e-16,1.0947766177182e-15,0,3.7e-11,1,0.000181,2.4018293037987e-16,-5.9949704386805,-nan
1711,0,0,1711,4.5950350210038e-14,3.7401297470188e-11,1.0374472202084e-16,1.0713463819304e-15,0,3.7e-11,1,0.000181,2.3467482744367e-16,-5.8504875866707,-nan
1712,0,0,1712,4.4901968692364e-14,3.6917388458092e-11,8.7587531189378e-17,1.0483815176737e-15,0,3.7e-11,1,0.000181,2.292855545547e-16,-5.7070212604822,-nan
1713,0,0,1713,4.3876095060821e-14,3.7411476043756e-11,-8.9429853005253e-17,1.0258736315431e-15,0,3.7e-11,1,0.000181,2.2401273070397e-16,-5.5404834846798,-nan
1714,0,0,1714,4.2872280697428e-14,3.7789035563586e-11,-6.8338273089253e-17,1.0038143633922e-15,0,3.7e-11,1,0.000181,2.1885401832409e-16,-5.3803890190263,-nan
1715,0,0,1715,4.1890085102953e-14,3.7619385275377e-11,3.0706702165955e-17,9.8219559447562e-16,0,3.7e-11,1,0.000181,2.1380712259206e-16,-5.2383121350022,-nan
1716,0,0,1716,4.0929075713873e-14,3.7658479105283e-11,-7.0759832130454e-18,9.6100938907929e-16,0,3.7e-11,1,0.000181,2.0886979074119e-16,-5.0937570547734,-nan
1717,0,0,1717,3.9988827807996e-14,3.6495893173277e-11,2.1042805369305e-16,9.4024790587704e-16,0,3.7e-11,1,0.000181,2.0403981138207e-16,-4.9847799228958,-nan
1718,0,0,1718,3.9068924311776e-14,3.6255497777471e-11,4.3511566640825e-17,9.1990349622022e-16,0,3.7e-11,1,0.000181,1.993150138326e-16,-4.8539165617521,-nan
1719,0,0,1719,3.8168955842821e-14,3.66016749122e-11,-6.2658061385831e-17,8.9996846895534e-16,0,3.7e-11,1,0.000181,1.9469326745686e-16,-4.7101765990313,-nan
1720,0,0,1720,3.7288520569789e-14,3.6178834111461e-11,7.6534184933757e-17,8.8043527303216e-16,0,3.7e-11,1,0.000181,1.9017248101285e-16,-4.5901376132021,-nan
1721,0,0,1721,3.6427223982724e-14,3.6146184754868e-11,5.9095335432878e-18,8.6129658706436e-16,0,3.7e-11,1,0.000181,1.8575060200899e-16,-4.4624107125718,-nan
1722,0,0,1722,3.5584678856109e-14,3.6751223631512e-11,-1.0951203667253e-16,8.425451266155e-16,0,3.7e-11,1,0.000181,1.8142561606928e-16,-4.3202489739891,-nan
1723,0,0,1723,3.4760505156448e-14,3.7029842499095e-11,-5.0430015032514e-17,8.2417369966059e-16,0,3.7e-11,1,0.000181,1.771955463071e-16,-4.1896526301496,-nan
1724,0,0,1724,3.3954329840831e-14,3.6680965710464e-11,6.3146698742107e-17,8.0617531561769e-16,0,3.7e-11,1,0.000181,1.7305845270748e-16,-4.0787031577179,-nan
1725,0,0,1725,3.3165786723612e-14,3.6816416320685e-11,-2.4516560449846e-17,7.8854311721849e-16,0,3.7e-11,1,0.000181,1.6901243151785e-16,-3.9572966058785,-nan
1726,0,0,1726,3.2394516449392e-14,3.7277676651674e-11,-8.3488119909127e-17,7.7127027421968e-16,0,3.7e-11,1,0.000181,1.6505561464712e-16,-3.8296635770404,-nan
1727,0,0,1727,3.164016637128e-14,3.7066300391783e-11,3.8259103040342e-17,7.5435007811201e-16,0,3.7e-11,1,0.000181,1.6118616907312e-16,-3.7227364492112,-nan
1728,0,0,1728,3.0902390373639e-14,3.6840163737442e-11,4.0930734435738e-17,7.3777599764102e-16,0,3.7e-11,1,0.000181,1.5740229625811e-16,-3.6186831024582,-nan
1729,0,0,1729,3.0180848823287e-14,3.7873763881829e-11,-1.8708162613402e-16,7.215415503527e-16,0,3.7e-11,1,0.000181,1.5370223157259e-16,-3.4830069524676,-nan
1730,0,0,1730,2.9475208527826e-14,3.784213657283e-11,5.7245429288411e-18,7.0564029546054e-16,0,3.7e-11,1,0.000181,1.5008424372701e-16,-3.3784951184327,-nan
1731,0,0,1731,2.8785142479126e-14,3.6538135707876e-11,2.3602415655645e-16,6.9006604870019e-16,0,3.7e-11,1,0.000181,1.4654663421152e-16,-3.3106973146185,-nan
1732,0,0,1732,2.8110329742625e-14,3.6378244568509e-11,2.8940296225496e-17,6.74812736501e-16,0,3.7e-11,1,0.000181,1.4308773674361e-16,-3.2142552599261,-nan
1733,0,0,1733,2.7450455521239e-14,3.7145460508743e-11,-1.3886608518236e-16,6.5987422138545e-16,0,3.7e-11,1,0.000181,1.3970591672354e-16,-3.0949868850466,-nan
1734,0,0,1734,2.6805211056014e-14,3.7574963271037e-11,-7.7739999975187e-17,6.4524446522534e-16,0,3.7e-11,1,0.000181,1.3639957069751e-16,-2.9870304171952,-nan
1735,0,0,1735,2.617429342509e-14,3.6981331304233e-11,1.074473859915e-16,6.3091763092451e-16,0,3.7e-11,1,0.000181,1.331671258285e-16,-2.9088655306889,-nan
1736,0,0,1736,2.5557405417964e-14,3.74970546875e-11,-9.3345932371293e-17,6.1688800712551e-16,0,3.7e-11,1,0.000181,1.3000703937466e-16,-2.8028129788751,-nan
1737,0,0,1737,2.495425554473e-14,3.7744875127704e-11,-4.4855499676845e-17,6.0314987323459e-16,0,3.7e-11,1,0.000181,1.2691779817522e-16,-2.7060524334202,-nan
1738,0,0,1738,2.4364557864791e-14,3.6256832452866e-11,2.6933572414563e-16,5.8969767993864e-16,0,3.7e-11,1,0.000181,1.2389791814381e-16,-2.6582157967481,-nan
1739,0,0,1739,2.3788031837358e-14,3.645384069958e-11,-3.5658492655214e-17,5.7652602743243e-16,0,3.7e-11,1,0.000181,1.209459437691e-16,-2.5668040422181,-nan
1740,0,0,1740,2.3224402382011e-14,3.6235709025822e-11,3.9481832950179e-17,5.6362945534717e-16,0,3.7e-11,1,0.000181,1.1806044762276e-16,-2.4885380093083,-nan
1741,0,0,1741,2.2673399742064e-14,3.7711128447503e-11,-2.6705091532416e-16,5.5100263994746e-16,0,3.7e-11,1,0.000181,1.1524002987455e-16,-2.3663857687123,-nan
1742,0,0,1742,2.2134759430251e-14,3.7218881623153e-11,8.9096675207317e-17,5.3864031181309e-16,0,3.7e-11,1,0.000181,1.1248331781454e-16,-2.2992596470748,-nan
1743,0,0,1743,2.1608222007944e-14,3.7861700291348e-11,-1.1635017894325e-16,5.2653742230727e-16,0,3.7e-11,1,0.000181,1.0978896538236e-16,-2.2032632903105,-nan
1744,0,0,1744,2.1093533092843e-14,3.7752296341214e-11,1.9802114974242e-17,5.1468891510089e-16,0,3.7e-11,1,0.000181,1.0715565270343e-16,-2.1293665006843,-nan
1745,0,0,1745,2.0590443225064e-14,3.7775137200197e-11,-4.134195475936e-18,5.0308986777825e-16,0,3.7e-11,1,0.000181,1.04582085632e-16,-2.0536275036328,-nan
1746,0,0,1746,2.009870780295e-14,3.7873701945312e-11,-1.784021886582e-17,4.9173542211417e-16,0,3.7e-11,1,0.000181,1.0206699530108e-16,-1.9775373676047,-nan
1747,0,0,1747,1.9618087003764e-14,3.7795780991554e-11,1.4103692630257e-17,4.8062079918644e-16,0,3.7e-11,1,0.000181,9.9609137679038e-17,-1.9078767573977,-nan
1748,0,0,1748,1.9148345680728e-14,3.7006056848278e-11,1.4294006993291e-16,4.6974132303612e-16,0,3.7e-11,1,0.000181,9.7207293132839e-17,-1.8590786010437,-nan
1749,0,0,1749,1.86892532729e-14,3.718682924655e-11,-3.2719804087245e-17,4.5909240782801e-16,0,3.7e-11,1,0.000181,9.4860265997915e-17,-1.7856409107472,-nan
1750,0,0,1750,1.8240583782197e-14,3.7128916632807e-11,1.0482183087506e-17,4.4866949070234e-16,0,3.7e-11,1,0.000181,9.2566884154483e-17,-1.7202105228698,-nan
1751,0,0,1751,1.7802115648603e-14,3.6225845947483e-11,1.6345579404361e-16,4.3846813359432e-16,0,3.7e-11,1,0.000181,9.0325998610311e-17,-1.6791455177107,-nan
1752,0,0,1752,1.7373631649243e-14,3.6143117318922e-11,1.4973881769594e-17,4.2848399936007e-16,0,3.7e-11,1,0.000181,8.8136483089829e-17,-1.6173999424396,-nan
1753,0,0,1753,1.6954918890957e-14,3.7354723366376e-11,-2.1930069458931e-16,4.1871275828548e-16,0,3.7e-11,1,0.000181,8.599723362952e-17,-1.5221313963929,-nan
1754,0,0,1754,1.6545768737396e-14,3.6988756679923e-11,6.6239970248117e-17,4.0915015356133e-16,0,3.7e-11,1,0.000181,8.3907168179507e-17,-1.4709278450545,-nan
1755,0,0,1755,1.6145976636882e-14,3.6961380819106e-11,4.9550308079021e-18,3.9979210051422e-16,0,3.7e-11,1,0.000181,8.1865226211279e-17,-1.411970540335,-nan
1756,0,0,1756,1.5755342095953e-14,3.7146961859963e-11,-3.3590168395181e-17,3.9063454092863e-16,0,3.7e-11,1,0.000181,7.9870368331463e-17,-1.3486250558907,-nan
1757,0,0,1757,1.5373668611754e-14,3.6836384433354e-11,5.6214514216283e-17,3.8167348419949e-16,0,3.7e-11,1,0.000181,7.7921575901593e-17,-1.3000273300458,-nan
1758,0,0,1758,1.5000763580603e-14,3.717123746495e-11,-6.0608398718961e-17,3.7290503115112e-16,0,3.7e-11,1,0.000181,7.6017850663777e-17,-1.235294848357,-nan
1759,0,0,1759,1.4636438244378e-14,3.6267474490952e-11,1.6358109829372e-16,3.6432533622482e-16,0,3.7e-11,1,0.000181,7.4158214372217e-17,-1.2053196000471,-nan
1760,0,0,1760,1.4280507584628e-14,3.6766322742762e-11,-9.0291533577662e-17,3.559306597496e-16,0,3.7e-11,1,0.000181,7.2341708430493e-17,-1.138689438284,-nan
1761,0,0,1761,1.3932790310416e-14,3.6444312782169e-11,5.828380286746e-17,3.4771727421196e-16,0,3.7e-11,1,0.000181,7.0567393534543e-17,-1.0954710611981,-nan
1762,0,0,1762,1.359310874135e-14,3.6205801727879e-11,4.3170500826463e-17,3.3968156906656e-16,0,3.7e-11,1,0.000181,6.8834349321279e-17,-1.0511958531587,-nan
1763,0,0,1763,1.3261288753631e-14,3.6260615283114e-11,-9.9212534975673e-18,3.3181998771911e-16,0,3.7e-11,1,0.000181,6.7141674022751e-17,-1.0001668489453,-nan
1764,0,0,1764,1.2937159727903e-14,3.6670730742117e-11,-7.4230898079484e-17,3.2412902572789e-16,0,3.7e-11,1,0.000181,6.5488484125814e-17,-0.9406835095684,-nan
1765,0,0,1765,1.2620554482801e-14,3.7005024710303e-11,-6.0507208241686e-17,3.1660524510204e-16,0,3.7e-11,1,0.000181,6.3873914037198e-17,-0.88437285504493,-nan
1766,0,0,1766,1.2311309190862e-14,3.6501520566564e-11,9.113425001671e-17,3.0924529193868e-16,0,3.7e-11,1,0.000181,6.2297115753947e-17,-0.851804385294,-nan
1767,0,0,1767,1.2009263304633e-14,3.7205865264282e-11,-1.2748639028699e-16,3.0204588622859e-16,0,3.7e-11,1,0.000181,6.0757258539129e-17,-0.78766637177816,-nan
1768,0,0,1768,1.1714259530804e-14,3.6448327577625e-11,1.37114321285e-16,2.9500377382909e-16,0,3.7e-11,1,0.000181,5.9253528602766e-17,-0.76409022536273,-nan
1769,0,0,1769,1.1426143728687e-14,3.7405769547011e-11,-1.7329699645898e-16,2.8811580211728e-16,0,3.7e-11,1,0.000181,5.7785128787918e-17,-0.69519179344154,-nan
1770,0,0,1770,1.1144764902116e-14,3.7208164858689e-11,3.5766448586331e-17,2.8137882657137e-16,0,3.7e-11,1,0.000181,5.6351278261839e-17,-0.65851680792788,-nan
1771,0,0,1771,1.0869975091065e-14,3.7138242710738e-11,1.265590877896e-17,2.7478981105039e-16,0,3.7e-11,1,0.000181,5.4951212212163e-17,-0.61937481863843,-nan
1772,0,0,1772,1.0601629326706e-14,3.6613141533825e-11,9.5043313021333e-17,2.6834576435971e-16,0,3.7e-11,1,0.000181,5.3584181548027e-17,-0.5934971941292,-nan
1773,0,0,1773,1.0339585580119e-14,3.735820012696e-11,-1.3485560535741e-16,2.6204374658684e-16,0,3.7e-11,1,0.000181,5.2249452606092e-17,-0.5342319482065,-nan
1774,0,0,1774,1.008370472828e-14,3.6308276793027e-11,1.9003612344189e-16,2.5588085183837e-16,0,3.7e-11,1,0.000181,5.0946306861377e-17,-0.52439997442772,-nan
1775,0,0,1775,9.8338504553671e-15,3.6952933276901e-11,-1.1668282358115e-16,2.4985427291329e-16,0,3.7e-11,1,0.000181,4.9674040642854e-17,-0.46966843844228,-nan
1776,0,0,1776,9.5898892507285e-15,3.6495004121825e-11,8.2885177068704e-17,2.4396120463853e-16,0,3.7e-11,1,0.000181,4.843196485374e-17,-0.44561647075977,-nan
1777,0,0,1777,9.3516903190614e-15,3.6363029160109e-11,2.3887468070658e-17,2.3819893166711e-16,0,3.7e-11,1,0.000181,4.721940469641e-17,-0.41361535629113,-nan
1778,0,0,1778,9.1191255464142e-15,3.6348007323241e-11,2.7189524730731e-18,2.3256477264717e-16,0,3.7e-11,1,0.000181,4.6035699401892e-17,-0.3792946425127,-nan
1779,0,0,1779,8.8920694552287e-15,3.6636386976955e-11,-5.2196717322175e-17,2.2705609118558e-16,0,3.7e-11,1,0.000181,4.4880201963861e-17,-0.33759644802149,-nan
1780,0,0,1780,8.670399157475e-15,3.7014889273484e-11,-6.8508915671854e-17,2.216702977537e-16,0,3.7e-11,1,0.000181,4.3752278877071e-17,-0.29426671628704,-nan
1781,0,0,1781,8.4539942993248e-15,3.6696361528758e-11,5.7653521795428e-17,2.1640485815012e-16,0,3.7e-11,1,0.000181,4.2651309880193e-17,-0.27056187287138,-nan
1782,0,0,1782,8.2427370005041e-15,3.6243255783823e-11,8.2012139833273e-17,2.1125729882078e-16,0,3.7e-11,1,0.000181,4.1576687702954e-17,-0.25126290930747,-nan
1783,0,0,1783,8.0365118228105e-15,3.6734460353893e-11,-8.8908027182625e-17,2.0622517769351e-16,0,3.7e-11,1,0.000181,4.0527817817552e-17,-0.20719344464028,-nan
1784,0,0,1784,7.8352057428054e-15,3.6727294989924e-11,1.2969308782723e-18,2.0130608000515e-16,0,3.7e-11,1,0.000181,3.9504118194279e-17,-0.17732796022534,-nan
1785,0,0,1785,7.6387080884369e-15,3.7019254140646e-11,-5.2844606280627e-17,1.9649765436852e-16,0,3.7e-11,1,0.000181,3.8505019061279e-17,-0.14009602642675,-nan
1786,0,0,1786,7.4469105055203e-15,3.7808409849455e-11,-1.4283718329444e-16,1.9179758291661e-16,0,3.7e-11,1,0.000181,3.7529962668409e-17,-0.09012816526339,-nan
1787,0,0,1787,7.2597069165201e-15,3.775323807411e-11,9.9860913374904e-18,1.872035890002e-16,0,3.7e-11,1,0.000181,3.6578403055117e-17,-0.063665943721996,-nan
1788,0,0,1788,7.0769934552361e-15,3.67394158179e-11,1.8350182837403e-16,1.8271346128396e-16,0,3.7e-11,1,0.000181,3.5649805822303e-17,-0.063783663162055,-nan
1789,0,0,1789,6.898668426418e-15,3.6411819449488e-11,5.9294942682601e-17,1.7832502881811e-16,0,3.7e-11,1,0.000181,3.4743647908093e-17,-0.046010020316674,-nan
1790,0,0,1790,6.7246322922692e-15,3.6361209999028e-11,9.1603105331056e-18,1.7403613414886e-16,0,3.7e-11,1,0.000181,3.3859417367477e-17,-0.02139066484172,-nan
1791,0,0,1791,6.5547876350534e-15,3.7323565743497e-11,-1.7418638974877e-16,1.698446572158e-16,0,3.7e-11,1,0.000181,3.2996613155749e-17,0.02998025451987,-nan
1792,0,0,1792,6.3890391176079e-15,3.6903195241197e-11,7.6087060916309e-17,1.6574851744547e-16,0,3.7e-11,1,0.000181,3.2154744915702e-17,0.043368556226479,1.7927214379074e-14
1793,0,0,1793,6.2272934145261e-15,3.6489887556682e-11,7.4808690897201e-17,1.6174570308177e-16,0,3.7e-11,1,0.000181,3.1333332768519e-17,0.056350042292565,7.4021208583042e-14
1794,0,0,1794,6.0694591886486e-15,3.6500909486944e-11,-1.9949693775113e-18,1.5783422587748e-16,0,3.7e-11,1,0.000181,3.0531907108303e-17,0.080215832236572,5.0107682502135e-13
1795,0,0,1795,5.9154470641291e-15,3.6756521145745e-11,-4.6265710242964e-17,1.5401212451954e-16,0,3.7e-11,1,0.000181,2.9750008400204e-17,0.1101214369495,2.7869986743868e-12
1796,0,0,1796,5.7651695892374e-15,3.7804309705507e-11,-1.8964972931693e-16,1.5027747489167e-16,0,3.7e-11,1,0.000181,2.8987186982074e-17,0.16087956808413,2.171102318802e-11
1797,0,0,1797,5.6185411950715e-15,3.6570953484346e-11,2.2323747603026e-16,1.4662839416591e-16,0,3.7e-11,1,0.000181,2.8243002869618e-17,0.14944025468046,1.4561461156955e-11
1798,0,0,1798,5.4754781286005e-15,3.6105554993663e-11,8.4237126813568e-17,1.4306306647102e-16,0,3.7e-11,1,0.000181,2.7517025564967e-17,0.15822417877445,1.9839789039843e-11
1799,0,0,1799,5.3358984509858e-15,3.7087743758314e-11,-1.7777616640182e-16,1.3957967761469e-16,0,3.7e-11,1,0.000181,2.6808833868642e-17,0.20561194105855,8.1975630106094e-11
1800,0,0,1800,5.1997220106968e-15,3.6621641516431e-11,8.4364505780819e-17,1.3617644028903e-16,0,3.7e-11,1,0.000181,2.6118015694846e-17,0.2133485297562,1.0012811910739e-10
1801,0,0,1801,5.0668703766656e-15,3.6154275793896e-11,8.4593195778953e-17,1.328516340312e-16,0,3.7e-11,1,0.000181,2.5444167890038e-17,0.2205545082917,1.198619040739e-10
1802,0,0,1802,4.9372668167236e-15,3.6856174399963e-11,-1.2704364769811e-16,1.2960355994196e-16,0,3.7e-11,1,0.000181,2.4786896054743e-17,0.25887722109446,2.8541592068427e-10
1803,0,0,1803,4.8108362766438e-15,3.706692292338e-11,-3.8145482738489e-17,1.2643054007985e-16,0,3.7e-11,1,0.000181,2.414581436854e-17,0.28345181013707,4.6641083313238e-10
1804,0,0,1804,4.6875053309224e-15,3.7466501422676e-11,-7.2323708372585e-17,1.2333094572134e-16,0,3.7e-11,1,0.000181,2.3520545418191e-17,0.31266707877884,7.9338406114936e-10
1805,0,0,1805,4.5672021491091e-15,3.6965968279948e-11,9.0596498833803e-17,1.2030318181334e-16,0,3.7e-11,1,0.000181,2.2910720028856e-17,0.31710289824719,8.5627963720108e-10
1806,0,0,1806,4.4498564565513e-15,3.7057398826094e-11,-1.6548928852486e-17,1.1734569255781e-16,0,3.7e-11,1,0.000181,2.2315977098345e-17,0.33709612228934,1.1923823657324e-09
1807,0,0,1807,4.3353995129371e-15,3.6820166879783e-11,4.2938982282253e-17,1.1445694361421e-16,0,3.7e-11,1,0.000181,2.1735963434372e-17,0.34777522656468,1.4117814315451e-09
1808,0,0,1808,4.2237640747826e-15,3.6577058455049e-11,4.4002624876913e-17,1.1163543815452e-16,0,3.7e-11,1,0.000181,2.1170333594745e-17,0.35787419823522,1.6485085812422e-09
1809,0,0,1809,4.1148843662162e-15,3.6945334777312e-11,-6.6658014329623e-17,1.0887970856633e-16,0,3.7e-11,1,0.000181,2.061874973047e-17,0.38408559481518,2.4173153658428e-09
1810,0,0,1810,4.0086960528246e-15,3.7200524958213e-11,-4.6189422743155e-17,1.0618831339164e-16,0,3.7e-11,1,0.000181,2.0080881431706e-17,0.40683872847724,3.3013306749897e-09
1811,0,0,1811,3.9051362049232e-15,3.7372637702112e-11,-3.1152406645648e-17,1.0355984790135e-16,0,3.7e-11,1,0.000181,1.9556405576531e-17,0.42695404198284,4.2873703711463e-09
1812,0,0,1812,3.804143263168e-15,3.6312617557999e-11,1.9186364608454e-16,1.0099294175526e-16,0,3.7e-11,1,0.000181,1.9045006182479e-17,0.41338517467967,3.5994186589924e-09
1813,0,0,1813,3.7056570051131e-15,3.6851295399029e-11,-9.7500689226546e-17,9.8486258054871e-17,0,3.7e-11,1,0.000181,1.8546374260802e-17,0.44265006153669,5.2131751952737e-09
1814,0,0,1814,3.6096185359236e-15,3.7247036703544e-11,-7.162917611725e-17,9.6038469189532e-17,0,3.7e-11,1,0.000181,1.8060207673413e-17,0.46768629347737,7.0226362462654e-09
1815,0,0,1815,3.515970247413e-15,3.6274660970282e-11,1.7600000772058e-16,9.3648288510609e-17,0,3.7e-11,1,0.000181,1.7586210992468e-17,0.45538948606958,6.0790300454863e-09
1816,0,0,1816,3.4246557815226e-15,3.6488745381256e-11,-3.8749278386314e-17,9.1314465890304e-17,0,3.7e-11,1,0.000181,1.7124095362548e-17,0.4748106812729,7.6217951581902e-09
1817,0,0,1817,3.3356200221846e-15,3.7551243352881e-11,-1.9231213286424e-16,8.9035759338034e-17,0,3.7e-11,1,0.000181,1.6673578365393e-17,0.51682171490024,1.2063028505182e-08
1818,0,0,1818,3.2488090664726e-15,3.7254691072342e-11,5.3675962777614e-17,8.6810955712045e-17,0,3.7e-11,1,0.000181,1.6234383887153e-17,0.52176945163824,1.2701792236547e-08
1819,0,0,1819,3.1641701827602e-15,3.6797820056468e-11,8.2693653873236e-17,8.4638883712328e-17,0,3.7e-11,1,0.000181,1.5806241988116e-17,0.52205991450805,1.2740131776837e-08
1820,0,0,1820,3.0816517916755e-15,3.6168940976266e-11,1.1382711351643e-16,8.2518391084753e-17,0,3.7e-11,1,0.000181,1.5388888774866e-17,0.5173848775614,1.2134384493554e-08
1821,0,0,1821,3.0012034465844e-15,3.6408843363308e-11,-4.3422332054593e-17,8.0448345091051e-17,0,3.7e-11,1,0.000181,1.4982066274842e-17,0.5358813203187,1.4676758232211e-08
1822,0,0,1822,2.9227758161757e-15,3.6516836609198e-11,-1.9546777506004e-17,7.8427630408757e-17,0,3.7e-11,1,0.000181,1.4585522313246e-17,0.55051091684174,1.6981521876716e-08
1823,0,0,1823,2.8463206564699e-15,3.6592157073022e-11,-1.3633003952163e-17,7.6455159705813e-17,0,3.7e-11,1,0.000181,1.4199010392277e-17,0.56396293470914,1.9353333815282e-08
1824,0,0,1824,2.7717907877282e-15,3.6464910637562e-11,2.3031604818232e-17,7.4529868741669e-17,0,3.7e-11,1,0.000181,1.3822289572639e-17,0.5716526859296,2.0826096897868e-08
1825,0,0,1825,2.69914007386e-15,3.6908621543742e-11,-8.031167401855e-17,7.2650713868194e-17,0,3.7e-11,1,0.000181,1.3455124357297e-17,0.59449312013697,2.5748376893619e-08
1826,0,0,1826,2.6283234067396e-15,3.7766239239018e-11,-1.5522880284493e-16,7.0816667120349e-17,0,3.7e-11,1,0.000181,1.309728457743e-17,0.62824636337503,3.4724011267497e-08
1827,0,0,1827,2.5592966845403e-15,3.7800567303031e-11,-6.2133795864483e-18,6.9026722199393e-17,0,3.7e-11,1,0.000181,1.2748545280565e-17,0.63948125986388,3.8222342720991e-08
1828,0,0,1828,2.4920167837875e-15,3.6526839353974e-11,2.3054475877946e-16,6.7279900752799e-17,0,3.7e-11,1,0.000181,1.2408686620834e-17,0.61510245472327,3.0967219310972e-08
1829,0,0,1829,2.4264415402639e-15,3.6445652282182e-11,1.4694859994324e-17,6.557524352353e-17,0,3.7e-11,1,0.000181,1.2077493751331e-17,0.62269994367791,3.3095889951187e-08
1830,0,0,1830,2.3625297440272e-15,3.6443642261729e-11,3.6381370193814e-19,6.3911796236693e-17,0,3.7e-11,1,0.000181,1.175475671854e-17,0.63218896600653,3.592057927182e-08
1831,0,0,1831,2.3002411181342e-15,3.6186952309674e-11,4.6460881322046e-17,6.2288625893082e-17,0,3.7e-11,1,0.000181,1.1440270358777e-17,0.63455237418497,3.6653836270612e-08
1832,0,0,1832,2.2395363000198e-15,3.7255834767474e-11,-1.9346772486198e-16,6.0704818114355e-17,0,3.7e-11,1,0.000181,1.1133834196637e-17,0.67250556859685,5.0204557187672e-08
1833,0,0,1833,2.180376828642e-15,3.6576976860188e-11,1.2287328121886e-16,5.9159471377847e-17,0,3.7e-11,1,0.000181,1.0835252345394e-17,0.6629917848368,4.6476523281986e-08
1834,0,0,1834,2.1227251179982e-15,3.7713291479651e-11,-2.0567294612287e-16,5.7651710643739e-17,0,3.7e-11,1,0.000181,1.0544333409338e-17,0.70231157829157,6.3494746923941e-08
1835,0,0,1835,2.0665444502625e-15,3.6435255874027e-11,2.3132444461801e-16,5.6180667735691e-17,0,3.7e-11,1,0.000181,1.0260890387992e-17,0.67615900596332,5.169939755708e-08
1836,0,0,1836,2.0117989474834e-15,3.6712677282965e-11,-5.021327501786e-17,5.4745502779077e-17,0,3.7e-11,1,0.000181,9.9847405822039e-18,0.69183151272708,5.8529868647331e-08
1837,0,0,1837,1.9584535689394e-15,3.7241011597283e-11,-9.5628510891483e-17,5.3345378544065e-17,0,3.7e-11,1,0.000181,9.7157055020616e-18,0.71407638198728,6.9471959810119e-08
1838,0,0,1838,1.9064740917046e-15,3.6502016205938e-11,1.3375816583338e-16,5.197947723476e-17,0,3.7e-11,1,0.000181,9.4536107766096e-18,0.70186513984921,6.3276475824867e-08
1839,0,0,1839,1.8558270890379e-15,3.6944703763101e-11,-8.0126447846456e-17,5.0647002666703e-17,0,3.7e-11,1,0.000181,9.1982860653319e-18,0.72139230880743,7.3414688864635e-08
1840,0,0,1840,1.8064799236527e-15,3.7808506516546e-11,-1.5634829837348e-16,4.9347165385244e-17,0,3.7e-11,1,0.000181,8.9495649713737e-18,0.75210687708557,9.2012445855497e-08
1841,0,0,1841,1.7584007286474e-15,3.6708922439778e-11,1.9902471789498e-16,4.807919500526e-17,0,3.7e-11,1,0.000181,8.7072849564692e-18,0.72956760235215,7.8034463432617e-08
1842,0,0,1842,1.711558384935e-15,3.7436346621926e-11,-1.3166377696892e-16,4.6842343712385e-17,0,3.7e-11,1,0.000181,8.4712872575476e-18,0.75622224184465,9.4772126641311e-08
1843,0,0,1843,1.6659225168633e-15,3.7257163625514e-11,3.2432122350626e-17,4.5635868071745e-17,0,3.7e-11,1,0.000181,8.2414168049867e-18,0.75819383296322,9.6117937943382e-08
1844,0,0,1844,1.6214634698813e-15,3.6762237706594e-11,8.9581591324496e-17,4.4459046981938e-17,0,3.7e-11,1,0.000181,8.0175221424871e-18,0.7514561079606,9.158211695297e-08
1845,0,0,1845,1.578152296103e-15,3.7050854994982e-11,-5.2239729198255e-17,4.331117377834e-17,0,3.7e-11,1,0.000181,7.7994553485363e-18,0.76572382529323,1.0140215139884e-07
1846,0,0,1846,1.5359607432228e-15,3.730710032234e-11,-4.6380404251798e-17,4.2191552880209e-17,0,3.7e-11,1,0.000181,7.5870719594365e-18,0.77894944230562,1.1125578896332e-07
1847,0,0,1847,1.494861237187e-15,3.7629033379412e-11,-5.8269883329977e-17,4.1099506035827e-17,0,3.7e-11,1,0.000181,7.3802308938678e-18,0.79378733828379,1.2322585320399e-07
1848,0,0,1848,1.45482686526e-15,3.6510664436632e-11,2.024247786431e-16,4.0034371926925e-17,0,3.7e-11,1,0.000181,7.17879437896e-18,0.76953910672993,1.0416855714442e-07
1849,0,0,1849,1.4158313586657e-15,3.724691033305e-11,-1.3326050725161e-16,3.89955065943e-17,0,3.7e-11,1,0.000181,6.9826278778449e-18,0.79526047657403,1.2446938484413e-07
1850,0,0,1850,1.3778490862174e-15,3.7812861402353e-11,-1.0243714354394e-16,3.7982272448378e-17,0,3.7e-11,1,0.000181,6.7916000186649e-18,0.81622798680134,1.4330740527958e-07
1851,0,0,1851,1.3408550337143e-15,3.6671454141795e-11,2.0659471416109e-16,3.6994052503059e-17,0,3.7e-11,1,0.000181,6.6055825250103e-18,0.79090311571607,1.2082049800354e-07
1852,0,0,1852,1.3048247851428e-15,3.7148961885279e-11,-8.642890157062e-17,3.6030248571527e-17,0,3.7e-11,1,0.000181,6.4244501477595e-18,0.80918878842658,1.3674065813806e-07
1853,0,0,1853,1.2697345165508e-15,3.7761647351714e-11,-1.1089606942469e-16,3.5090268592023e-17,0,3.7e-11,1,0.000181,6.2480805982989e-18,0.83098755474235,1.5791283876476e-07
1854,0,0,1854,1.2355609785442e-15,3.764733198683e-11,2.069108104397e-17,3.417353800658e-17,0,3.7e-11,1,0.000181,6.0763544830945e-18,0.83300076318831,1.5999575058426e-07
1855,0,0,1855,1.2022814785564e-15,3.7420249156074e-11,4.1101992366906e-17,3.327949998777e-17,0,3.7e-11,1,0.000181,5.9091552395939e-18,0.83183270400074,1.5878454002027e-07
1856,0,0,1856,1.1698738679281e-15,3.6948893601651e-11,8.5315355350549e-17,3.2407610628337e-17,0,3.7e-11,1,0.000181,5.7463690734325e-18,0.82393248827397,1.5078722226764e-07
1857,0,0,1857,1.1383165283105e-15,3.6523637028393e-11,7.697143975977e-17,3.1557339617565e-17,0,3.7e-11,1,0.000181,5.5878848969209e-18,0.81715122798694,1.4418742626966e-07
1858,0,0,1858,1.1075883594724e-15,3.7231012238659e-11,-1.2803491305826e-16,3.0728168838158e-17,0,3.7e-11,1,0.000181,5.4335942687902e-18,0.84085782525384,1.6834035737423e-07
1859,0,0,1859,1.0776687671187e-15,3.6348231604664e-11,1.5978329475307e-16,2.9919592353646e-17,0,3.7e-11,1,0.000181,5.283391335172e-18,0.82146650042191,1.4835932312297e-07
1860,0,0,1860,1.0485376448587e-15,3.6543145584412e-11,-3.5279430334376e-17,2.9131122259997e-17,0,3.7e-11,1,0.000181,5.1371727717907e-18,0.83108432222188,1.5801244812647e-07
1861,0,0,1861,1.0201753658874e-15,3.6602363121011e-11,-1.071837412427e-17,2.836227897134e-17,0,3.7e-11,1,0.000181,4.9948377273449e-18,0.83691986845088,1.6411480800078e-07
1862,0,0,1862,9.9256276871297e-16,3.608196374601e-11,9.419228687509e-17,2.7612597174398e-17,0,3.7e-11,1,0.000181,4.856287768058e-18,0.82697814981556,1.5383045646536e-07
1863,0,0,1863,9.6568114383746e-16,3.613371518993e-11,-9.3670113494685e-18,2.6881624875508e-17,0,3.7e-11,1,0.000181,4.7214268233736e-18,0.83239081761084,1.5936233573067e-07
1864,0,0,1864,9.3951222431152e-16,3.6500063360098e-11,-6.6309018800446e-17,2.6168919525943e-17,0,3.7e-11,1,0.000181,4.5901611327766e-18,0.84619967804482,1.7421371172415e-07
1865,0,0,1865,9.1403817366808e-16,3.6191370941718e-11,5.5873327726667e-17,2.5474050643438e-17,0,3.7e-11,1,0.000181,4.4623991937189e-18,0.84166044001537,1.6921237286822e-07
1866,0,0,1866,8.8924157329728e-16,3.6861683410301e-11,-1.2132655681354e-16,2.4796600370801e-17,0,3.7e-11,1,0.000181,4.3380517106273e-18,0.86347963625015,1.9436858231828e-07
1867,0,0,1867,8.6510541380311e-16,3.6647734565722e-11,3.8724740868907e-17,2.4136159494164e-17,0,3.7e-11,1,0.000181,4.2170315449754e-18,0.86130126065291,1.9172785090012e-07
1868,0,0,1868,8.4161308179567e-16,3.6216946442996e-11,7.7972650213421e-17,2.3492332007447e-17,0,3.7e-11,1,0.000181,4.099253666399e-18,0.85316622732366,1.8212339523867e-07
1869,0,0,1869,8.1874835148051e-16,3.7738843077992e-11,-2.7546329093435e-16,2.2864730315162e-17,0,3.7e-11,1,0.000181,3.9846351048338e-18,0.89771274386084,2.3992077264829e-07
1870,0,0,1870,7.9649537746574e-16,3.6760484639158e-11,1.77082877429e-16,2.2252974014765e-17,0,3.7e-11,1,0.000181,3.8730949036594e-18,0.87459345113063,2.0830718190123e-07
1871,0,0,1871,7.7483867932083e-16,3.677107055009e-11,-1.9160498786921e-18,2.1656698144908e-17,0,3.7e-11,1,0.000181,3.7645540738265e-18,0.8781133478043,2.1288779320782e-07
1872,0,0,1872,7.5376313676457e-16,3.6452883900285e-11,5.7591783614628e-17,2.1075542556261e-17,0,3.7e-11,1,0.000181,3.6589355489524e-18,0.87266072109706,2.0582641073285e-07
1873,0,0,1873,7.332539807789e-16,3.7039755260206e-11,-1.0622371614568e-16,2.050915598567e-17,0,3.7e-11,1,0.000181,3.5561641413638e-18,0.89158454850207,2.3118390871733e-07
1874,0,0,1874,7.1329678605793e-16,3.6521743000393e-11,9.3760219026085e-17,1.9957194720977e-17,0,3.7e-11,1,0.000181,3.4561664990695e-18,0.8805642372724,2.1612549188939e-07
1875,0,0,1875,6.9387746118993e-16,3.7533093797315e-11,-1.8305449424273e-16,1.9419324867996e-17,0,3.7e-11,1,0.000181,3.358871063647e-18,0.91079774766672,2.5947868249588e-07
1876,0,0,1876,6.7498224340943e-16,3.6846611730878e-11,1.2425325402501e-16,1.8895217780498e-17,0,3.7e-11,1,0.000181,3.2642080290217e-18,0.89506562339547,2.3611438213182e-07
1877,0,0,1877,6.5659768784704e-16,3.6528163271056e-11,5.7639171227811e-17,1.8384555562389e-17,0,3.7e-11,1,0.000181,3.1721093011261e-18,0.88920410097268,2.2786091017318e-07
1878,0,0,1878,6.3871066270136e-16,3.6429610098817e-11,1.7838124175187e-17,1.7887025145684e-17,0,3.7e-11,1,0.000181,3.0825084584176e-18,0.88921140289452,2.2787104344232e-07
1879,0,0,1879,6.2130834365266e-16,3.7760276636701e-11,-2.4085064335696e-16,1.7402319048702e-17,0,3.7e-11,1,0.000181,2.9953407132423e-18,0.92777388794837,2.8677072986744e-07
1880,0,0,1880,6.0437820789209e-16,3.6988844217253e-11,1.3962926792024e-16,1.6930135760568e-17,0,3.7e-11,1,0.000181,2.9105428740253e-18,0.90945238098113,2.5740977844431e-07
1881,0,0,1881,5.8790802397729e-16,3.6319912930245e-11,1.2107656294841e-16,1.6470183914798e-17,0,3.7e-11,1,0.000181,2.8280533082731e-18,0.89383249460908,2.343581121734e-07
1882,0,0,1882,5.7188584853566e-16,3.6930890271729e-11,-1.1058689880869e-16,1.602217544163e-17,0,3.7e-11,1,0.000181,2.7478119063719e-18,0.9127378364413,2.6248600494031e-07
1883,0,0,1883,5.563000227894e-16,3.7813708620451e-11,-1.5979012111859e-16,1.5585825746262e-17,0,3.7e-11,1,0.000181,2.6697600461664e-18,0.93892507652863,3.0593881104739e-07
1884,0,0,1884,5.4113916542322e-16,3.6979852506088e-11,1.5092795669959e-16,1.5160857366179e-17,0,3.7e-11,1,0.000181,2.5938405583034e-18,0.91865225297578,2.7182978143128e-07
1885,0,0,1885,5.2639216530663e-16,3.7044626718483e-11,-1.1724132443353e-17,1.4747000116587e-17,0,3.7e-11,1,0.000181,2.5199976923253e-18,0.92260493814226,2.7822418921311e-07
1886,0,0,1886,5.1204817916705e-16,3.7312675008185e-11,-4.8516740436187e-17,1.4343986139579e-17,0,3.7e-11,1,0.000181,2.4481770834996e-18,0.9319913390047,2.9390152683501e-07
1887,0,0,1887,4.9809662628853e-16,3.6611333223291e-11,1.2694286306586e-16,1.3951552878526e-17,0,3.7e-11,1,0.000181,2.3783257203683e-18,0.91511940975469,2.66216463425e-07
1888,0,0,1888,4.8452718265682e-16,3.6753737744903e-11,-2.5775218411746e-17,1.3569443631709e-17,0,3.7e-11,1,0.000181,2.3103919130044e-18,0.92099437795589,2.7560408497839e-07
1889,0,0,1889,4.7132977803007e-16,3.7291061033956e-11,-9.7255515318564e-17,1.3197404626746e-17,0,3.7e-11,1,0.000181,2.2443252619608e-18,0.93748727327399,3.0341026374607e-07
1890,0,0,1890,4.5849459113368e-16,3.7785173817108e-11,-8.9434413750551e-17,1.2835186896391e-17,0,3.7e-11,1,0.000181,2.1800766278982e-18,0.95275823051558,3.3115582570592e-07
1891,0,0,1891,4.460120440565e-16,3.7098184918023e-11,1.2434499073436e-16,1.2482547077179e-17,0,3.7e-11,1,0.000181,2.1175981018776e-18,0.93605486428336,3.0090817232468e-07
1892,0,0,1892,4.3387279666812e-16,3.669622050807e-11,7.2755558201578e-17,1.2139247388386e-17,0,3.7e-11,1,0.000181,2.0568429763052e-18,0.92700360090973,2.8548370958384e-07
1893,0,0,1893,4.220677434673e-16,3.729180248011e-11,-1.078003369393e-16,1.1805053200824e-17,0,3.7e-11,1,0.000181,1.9977657165167e-18,0.94486314848927,3.1656433460983e-07
1894,0,0,1894,4.1058800941515e-16,3.6880113551222e-11,7.4515696128798e-17,1.1479734052143e-17,0,3.7e-11,1,0.000181,1.9403219329863e-18,0.93545058135821,2.9985768649497e-07
1895,0,0,1895,3.9942494336771e-16,3.6125727870969e-11,1.3654380812574e-16,1.1163066047445e-17,0,3.7e-11,1,0.000181,1.884468354151e-18,0.91672865481226,2.6876154468415e-07
1896,0,0,1896,3.8857011370838e-16,3.6378820033689e-11,-4.5809681452318e-17,1.0854829659327e-17,0,3.7e-11,1,0.000181,1.830162799834e-18,0.92518983311771,2.8247180031909e-07
1897,0,0,1897,3.780153047506e-16,3.7337055195407e-11,-1.7344056427092e-16,1.0554808957778e-17,0,3.7e-11,1,0.000181,1.777364155259e-18,0.95266413104644,3.3097874211439e-07
1898,0,0,1898,3.6775251113826e-16,3.6869145505407e-11,8.4691653889918e-17,1.0262793612338e-17,0,3.7e-11,1,0.000181,1.7260323456404e-18,0.9415503696193,3.10600021655e-07
1899,0,0,1899,3.5777393119971e-16,3.7241075093659e-11,-6.7319255473479e-17,9.9785799385575e-18,0,3.7e-11,1,0.000181,1.6761283113386e-18,0.95309252810997,3.3178555735438e-07
1900,0,0,1900,3.4807196314295e-16,3.7344472008225e-11,-1.8714841536614e-17,9.7019680567523e-18,0,3.7e-11,1,0.000181,1.6276139835701e-18,0.95733574292158,3.3986391139451e-07
1901,0,0,1901,3.3863919920488e-16,3.6211193897242e-11,2.0512333808792e-16,9.4327639380751e-18,0,3.7e-11,1,0.000181,1.5804522606592e-18,0.92811511067583,2.8734236567004e-07
1902,0,0,1902,3.294684200212e-16,3.6416622803485e-11,-3.7182632029978e-17,9.1707791836816e-18,0,3.7e-11,1,0.000181,1.5346069848214e-18,0.93503662944746,2.9913979947401e-07
1903,0,0,1903,3.2055259123483e-16,3.6795135221079e-11,-6.8510747584368e-17,8.9158287863663e-18,0,3.7e-11,1,0.000181,1.4900429194676e-18,0.94659801161422,3.1972482897038e-07
1904,0,0,1904,3.118848580656e-16,3.7713703214828e-11,-1.6626080686862e-16,8.667733169226e-18,0,3.7e-11,1,0.000181,1.4467257270172e-18,0.97271844464958,3.705063745097e-07
1905,0,0,1905,3.0345853988705e-16,3.645832290478e-11,2.2722383611874e-16,8.4263181785566e-18,0,3.7e-11,1,0.000181,1.4046219472117e-18,0.9400474698937,3.0792459084897e-07
1906,0,0,1906,2.9526712407742e-16,3.6330409910503e-11,2.3152251964159e-17,8.1914158096333e-18,0,3.7e-11,1,0.000181,1.3636989759162e-18,0.93781350899263,3.0398248793122e-07
1907,0,0,1907,2.8730426323272e-16,3.6702412373261e-11,-6.7332445759129e-17,7.9628608446944e-18,0,3.7e-11,1,0.000181,1.3239250444004e-18,0.94905664869754,3.2424788457483e-07
1908,0,0,1908,2.7956377069867e-16,3.7231161915347e-11,-9.5703667117544e-17,7.7404925340503e-18,0,3.7e-11,1,0.000181,1.2852691990882e-18,0.96450299178424,3.5387298640333e-07
1909,0,0,1909,2.720396156787e-16,3.6977525739271e-11,4.5908147869751e-17,7.5241550199725e-18,0,3.7e-11,1,0.000181,1.2477012817667e-18,0.95877147127509,3.4263332115053e-07
1910,0,0,1910,2.6472591850958e-16,3.6728519007456e-11,4.5070218458453e-17,7.313697169122e-18,0,3.7e-11,1,0.000181,1.2111919102444e-18,0.95313364519037,3.318630788601e-07
1911,0,0,1911,2.5761694726446e-16,3.7695943092734e-11,-1.7510375943526e-16,7.1089712451214e-18,0,3.7e-11,1,0.000181,1.1757124594501e-18,0.9803417578797,3.8650581101515e-07
1912,0,0,1912,2.5070711434817e-16,3.6752010448336e-11,1.70851808636e-16,6.9098329162877e-18,0,3.7e-11,1,0.000181,1.1412350429624e-18,0.95586184512477,3.3703988847181e-07
1913,0,0,1913,2.4399097149499e-16,3.6420410151262e-11,6.0019653770265e-17,6.7161428531767e-18,0,3.7e-11,1,0.000181,1.1077324949614e-18,0.94790253335576,3.221182530807e-07
1914,0,0,1914,2.374632075627e-16,3.7533316030018e-11,-2.0143596405472e-16,6.5277639322913e-18,0,3.7e-11,1,0.000181,1.0751783525932e-18,0.97895580018971,3.8355589802388e-07
1915,0,0,1915,2.3111864575492e-16,3.7595575020017e-11,-1.1268877189946e-17,6.3445618077751e-18,0,3.7e-11,1,0.000181,1.0435468387389e-18,0.98158584931584,3.891695017312e-07
1916,0,0,1916,2.2495223931368e-16,3.7437267344719e-11,2.8653689229071e-17,6.1664064412483e-18,0,3.7e-11,1,0.000181,1.0128128451794e-18,0.97822803495302,3.8201426759301e-07
1917,0,0,1917,2.1895906870096e-16,3.6564521944408e-11,1.5796691745628e-16,5.9931706127188e-18,0,3.7e-11,1,0.000181,9.8295191614755e-19,0.95553522521081,3.3641667423192e-07
1918,0,0,1918,2.1313433911734e-16,3.7762059008481e-11,-2.1675420859729e-16,5.8247295836158e-18,0,3.7e-11,1,0.000181,9.5394023225973e-19,0.98877084387304,4.0484758871843e-07
1919,0,0,1919,2.0747337888357e-16,3.751594954301e-11,4.4545813250212e-17,5.6609602337699e-18,0,3.7e-11,1,0.000181,9.2575459481819e-19,0.98296453462764,3.9213883243407e-07
1920,0,0,1920,2.0197163568781e-16,3.6972800615927e-11,9.830995580204e-17,5.5017431957642e-18,0,3.7e-11,1,0.000181,8.9837241047692e-19,0.96910635744288,3.6311639978102e-07
1921,0,0,1921,1.9662467457266e-16,3.6804835565587e-11,3.0401674111488e-17,5.3469611151437e-18,0,3.7e-11,1,0.000181,8.7177167626284e-19,0.96536517288318,3.5558945396385e-07
1922,0,0,1922,1.9142817623601e-16,3.6552994420146e-11,4.5583247324906e-17,5.1964983366574e-18,0,3.7e-11,1,0.000181,8.4593096494488e-19,0.95933459964318,3.4372456350491e-07
1923,0,0,1923,1.8637793492699e-16,3.6664684504461e-11,-2.0215905260998e-17,5.0502413090146e-18,0,3.7e-11,1,0.000181,8.2082941074346e-19,0.96310735558913,3.5110881553056e-07
1924,0,0,1924,1.8146985674095e-16,3.7586926951251e-11,-1.66925882869e-16,4.9080781860449e-18,0,3.7e-11,1,0.000181,7.9644669537297e-19,0.98876570426093,4.0483619258779e-07
1925,0,0,1925,1.7669995781428e-16,3.7276166045502e-11,5.6247723940457e-17,4.7698989266696e-18,0,3.7e-11,1,0.000181,7.7276303441021e-19,0.98107900499054,3.8808251015473e-07
1926,0,0,1926,1.720643618081e-16,3.6422804789249e-11,1.5445838738183e-16,4.6355960061782e-18,0,3.7e-11,1,0.000181,7.4975916398165e-19,0.95870737719068,3.4250929750323e-07
1927,0,0,1927,1.6755929849311e-16,3.6472685391737e-11,-9.0283890503951e-18,4.5050633149921e-18,0,3.7e-11,1,0.000181,7.274163277626e-19,0.96072820030034,3.4643730157119e-07
1928,0,0,1928,1.6318110278753e-16,3.7326715840029e-11,-1.5457951114086e-16,4.3781957055751e-18,0,3.7e-11,1,0.000181,7.0571626428161e-19,0.98446385907986,3.9538892952054e-07
1929,0,0,1929,1.5892621305454e-16,3.7271843771882e-11,9.9318443347019e-18,4.254889732988e-18,0,3.7e-11,1,0.000181,6.8464119452338e-19,0.98361617286189,3.9354870660162e-07
1930,0,0,1930,1.5479116893466e-16,3.7648462462358e-11,-6.8167982976069e-17,4.1350441198796e-18,0,3.7e-11,1,0.000181,6.6417380982372e-19,0.99441250362133,4.1751566557038e-07
1931,0,0,1931,1.5077260990106e-16,3.6207892488969e-11,2.6074316518338e-16,4.0185590336065e-18,0,3.7e-11,1,0.000181,6.4429726005018e-19,0.95607823362734,3.3745329141944e-07
1932,0,0,1932,1.4686727332153e-16,3.7005704173123e-11,-1.4440391483199e-16,3.9053365795258e-18,0,3.7e-11,1,0.000181,6.2499514206206e-19,0.97822385874478,3.8200543570232e-07
1933,0,0,1933,1.4307199390091e-16,3.7684872044753e-11,-1.2292938476498e-16,3.7952794206202e-18,0,3.7e-11,1,0.000181,6.0625148844376e-19,0.99714646053448,4.2376984493518e-07
1934,0,0,1934,1.3938370144626e-16,3.7596370653524e-11,1.6018751812422e-17,3.6882924546552e-18,0,3.7e-11,1,0.000181,5.8805075650536e-19,0.99530526905206,4.1954961684474e-07
1935,0,0,1935,1.3579941879677e-16,3.7482082071519e-11,2.0686233342865e-17,3.5842826494846e-18,0,3.7e-11,1,0.000181,5.7037781754464e-19,0.99275159566198,4.1375307836333e-07
1936,0,0,1936,1.3231626028288e-16,3.7224311335088e-11,4.6656503294099e-17,3.4831585138915e-18,0,3.7e-11,1,0.000181,5.5321794636471e-19,0.98630492629058,3.994098337263e-07
1937,0,0,1937,1.2893142991758e-16,3.6244274322399e-11,1.773866992967e-16,3.3848303653012e-18,0,3.7e-11,1,0.000181,5.3655681104158e-19,0.96032286433278,3.4564649387751e-07
1938,0,0,1938,1.2564221952235e-16,3.6470348793132e-11,-4.0919479202639e-17,3.2892103952262e-18,0,3.7e-11,1,0.000181,5.2038046293629e-19,0.96692413200456,3.5871033045227e-07
1939,0,0,1939,1.2244600737852e-16,3.7665834041518e-11,-2.1638282995794e-16,3.1962121438334e-18,0,3.7e-11,1,0.000181,5.046753269459e-19,0.99971180441038,4.297075656471e-07
1940,0,0,1940,1.1934025610995e-16,3.6771882800308e-11,1.6180517465913e-16,3.1057512685718e-18,0,3.7e-11,1,0.000181,4.8942819198828e-19,0.97601471266921,3.7735678671529e-07
1941,0,0,1941,1.1632250995894e-16,3.6383938755701e-11,7.0217872073737e-17,3.017746151012e-18,0,3.7e-11,1,0.000181,4.7462620171538e-19,0.96598035013036,3.5681832038029e-07
1942,0,0,1942,1.1339039334373e-16,3.6966165212287e-11,-1.0538298864207e-16,2.9321166152079e-18,0,3.7e-11,1,0.000181,4.6025684544981e-19,0.98215402569513,3.903909774577e-07
1943,0,0,1943,1.1054160898737e-16,3.707532126667e-11,-1.9757245843291e-17,2.84878435636e-18,0,3.7e-11,1,0.000181,4.4630794933993e-19,0.9855295714917,3.9771240922409e-07
1944,0,0,1944,1.0777393538385e-16,3.6247595223518e-11,1.4981841381055e-16,2.7676736035158e-18,0,3.7e-11,1,0.000181,4.3276766772826e-19,0.96357186801148,3.5202685841144e-07
1945,0,0,1945,1.0508522457276e-16,3.6848033580371e-11,-1.0867934259034e-16,2.6887108110939e-18,0,3.7e-11,1,0.000181,4.1962447472875e-19,0.98020141159838,3.8620625480505e-07
1946,0,0,1946,1.0247340038071e-16,3.6791674658478e-11,1.0200964862633e-17,2.6118241920479e-18,0,3.7e-11,1,0.000181,4.068671560079e-19,0.97906819662592,3.8379443975162e-07
1947,0,0,1947,9.9936455848444e-17,3.7460831668525e-11,-1.2111741881853e-16,2.536944532266e-18,0,3.7e-11,1,0.000181,3.9448480076533e-19,0.99753233927946,4.2465869632576e-07
1948,0,0,1948,9.7472451053209e-17,3.7647889744267e-11,-3.3857511709361e-17,2.4640047952356e-18,0,3.7e-11,1,0.000181,3.8246679390926e-19,1.0029558896012,4.3731324962801e-07
1949,0,0,1949,9.5079510528822e-17,3.736076855665e-11,5.1968934958674e-17,2.3929405243867e-18,0,3.7e-11,1,0.000181,3.7080280842233e-19,0.9955531727975,4.2011583668561e-07
1950,0,0,1950,9.2755820767273e-17,3.6354292577524e-11,1.8217215222192e-16,2.3236897615494e-18,0,3.7e-11,1,0.000181,3.5948279791371e-19,0.96869809403681,3.6228874903399e-07
1951,0,0,1951,9.0499627808665e-17,3.661098711264e-11,-4.6461710856093e-17,2.2561929586078e-18,0,3.7e-11,1,0.000181,3.4849698935301e-19,0.97597268024178,3.7726878824239e-07
1952,0,0,1952,8.8309235112395e-17,3.7652432070172e-11,-1.8850153731316e-16,2.1903926962695e-18,0,3.7e-11,1,0.000181,3.3783587598194e-19,1.0044469119888,4.4084554151445e-07
1953,0,0,1953,8.6183000817332e-17,3.700853620706e-11,1.1654515122322e-16,2.1262342950627e-18,0,3.7e-11,1,0.000181,3.274902103998e-19,0.98736181165605,4.0173310031777e-07
1954,0,0,1954,8.4119334690438e-17,3.7604003133282e-11,-1.0777951364607e-16,2.0636661268945e-18,0,3.7e-11,1,0.000181,3.174509978185e-19,1.0037636602111,4.3922401446152e-07
1955,0,0,1955,8.2116695761981e-17,3.6342096535755e-11,2.2840509415237e-16,2.0026389284577e-18,0,3.7e-11,1,0.000181,3.077094894836e-19,0.9699571117231,3.6484604271337e-07
1956,0,0,1956,8.0173589255552e-17,3.6316785423424e-11,4.5813113317562e-18,1.9431065064288e-18,0,3.7e-11,1,0.000181,2.9825717625725e-19,0.96956317341859,3.6404430544916e-07
1957,0,0,1957,7.8288564262932e-17,3.7246726028077e-11,-1.68319249442e-16,1.8850249926192e-18,0,3.7e-11,1,0.000181,2.8908578235947e-19,0.99497817632058,4.1880347915364e-07
1958,0,0,1958,7.6460210943907e-17,3.7553495463303e-11,-5.5525267776041e-17,1.8283533190255e-18,0,3.7e-11,1,0.000181,2.8018725926407e-19,1.0035422529362,4.3869960422576e-07
1959,0,0,1959,7.468715740791e-17,3.7723661311408e-11,-3.080001850693e-17,1.7730535359968e-18,0,3.7e-11,1,0.000181,2.7155377974567e-19,1.0084060833145,4.5033802159103e-07
1960,0,0,1960,7.2968066880172e-17,3.6762249970656e-11,1.7401545267617e-16,1.7190905277385e-18,0,3.7e-11,1,0.000181,2.6317773207425e-19,0.98267868863797,3.9152168142653e-07
1961,0,0,1961,7.130163485907e-17,3.6706032947509e-11,1.0175281189449e-17,1.6664320211012e-18,0,3.7e-11,1,0.000181,2.5505171435387e-19,0.98140814224879,3.8878810428492e-07
1962,0,0,1962,6.9686586657731e-17,3.6499460802765e-11,3.7389558198654e-17,1.615048201339e-18,0,3.7e-11,1,0.000181,2.4716852900222e-19,0.97606627126218,3.7746475188251e-07
1963,0,0,1963,6.8121674657963e-17,3.6535001110636e-11,-6.432795724534e-18,1.5649119997686e-18,0,3.7e-11,1,0.000181,2.3952117736764e-19,0.97726049370869,3.7997254459845e-07
1964,0,0,1964,6.6605675736147e-17,3.6170505589579e-11,6.5973689311239e-17,1.5159989218161e-18,0,3.7e-11,1,0.000181,2.3210285448051e-19,0.9676356332653,3.6014208594998e-07
1965,0,0,1965,6.5137388775117e-17,3.6619107471293e-11,-8.1196940590231e-17,1.46828696103e-18,0,3.7e-11,1,0.000181,2.2490694393578e-19,0.97997925392399,3.8573246670642e-07
1966,0,0,1966,6.3715632510943e-17,3.7466208732106e-11,-1.5332532820719e-16,1.4217562641737e-18,0,3.7e-11,1,0.000181,2.1792701290364e-19,1.0030861800807,4.3762098980217e-07
1967,0,0,1967,6.233924330259e-17,3.7134870433461e-11,5.9972232054787e-17,1.3763892083534e-18,0,3.7e-11,1,0.000181,2.1115680726525e-19,0.99433661417857,4.1734314116269e-07
1968,0,0,1968,6.1007072981371e-17,3.7611633687672e-11,-8.6294149012203e-17,1.3321703212188e-18,0,3.7e-11,1,0.000181,2.0459024687067e-19,1.0074210279957,4.4796083451645e-07
1969,0,0,1969,5.9717987235274e-17,3.654108298147e-11,1.9376967782261e-16,1.2890857460964e-18,0,3.7e-11,1,0.000181,1.9822142091602e-19,0.97867971217123,3.8297046274133e-07
1970,0,0,1970,5.8470863854058e-17,3.640919111353e-11,2.3872428097043e-17,1.247123381216e-18,0,3.7e-11,1,0.000181,1.9204458343721e-19,0.97530128829251,3.758654384582e-07
1971,0,0,1971,5.7264591618058e-17,3.6433079039057e-11,-4.3237145202705e-18,1.2062722360005e-18,0,3.7e-11,1,0.000181,1.8605414891724e-19,0.97612702918489,3.7759201303513e-07
1972,0,0,1972,5.6098069152142e-17,3.7541113564899e-11,-2.0055424917741e-16,1.1665224659165e-18,0,3.7e-11,1,0.000181,1.8024468800467e-19,1.0062480940861,4.4514360362491e-07
1973,0,0,1973,5.4970203964836e-17,3.623051253442e-11,2.3721878651654e-16,1.1278651873053e-18,0,3.7e-11,1,0.000181,1.7461092334039e-19,0.97099485811038,3.6696494216117e-07
1974,0,0,1974,5.3879911415264e-17,3.651073066964e-11,-5.0719482474846e-17,1.090292549572e-18,0,3.7e-11,1,0.000181,1.6914772549023e-19,0.97873112435264,3.8307942528871e-07
1975,0,0,1975,5.2826114574539e-17,3.6759171588057e-11,-4.4967806233418e-17,1.0537968407255e-18,0,3.7e-11,1,0.000181,1.6385010898084e-19,0.98560309733668,3.9787312081218e-07
1976,0,0,1976,5.1807743810664e-17,3.6197438434467e-11,1.0167370079977e-16,1.0183707638745e-18,0,3.7e-11,1,0.000181,1.5871322843647e-19,0.97057318393726,3.6610274929105e-07
1977,0,0,1977,5.0823736615719e-17,3.7337423939284e-11,-2.0633737637183e-16,9.8400719494485e-19,0,3.7e-11,1,0.000181,1.537323748141e-19,1.0015305355226,4.3395813644456e-07
1978,0,0,1978,4.9873037872121e-17,3.6175841701957e-11,2.1024638495611e-16,9.5069874359826e-19,0,3.7e-11,1,0.000181,1.4890297173463e-19,0.97027837989876,3.6550094807898e-07
1979,0,0,1979,4.8954599836517e-17,3.6358744238329e-11,-3.3105359083451e-17,9.1843803560373e-19,0,3.7e-11,1,0.000181,1.4422057190789e-19,0.97535883340318,3.7598555276837e-07
1980,0,0,1980,4.8067382932075e-17,3.7537881888468e-11,-2.1342391467516e-16,8.8721690444267e-19,0,3.7e-11,1,0.000181,1.3968085364914e-19,1.0073598982949,4.4781365096484e-07
1981,0,0,1981,4.7210356366492e-17,3.6411713614037e-11,2.0383645767201e-16,8.5702656558306e-19,0,3.7e-11,1,0.000181,1.3527961748478e-19,0.97705088961838,3.7953140896727e-07
1982,0,0,1982,4.6382498667003e-17,3.6827502898438e-11,-7.525786047658e-17,8.278576994887e-19,0,3.7e-11,1,0.000181,1.3101278284538e-19,0.98841205404664,4.0405266717555e-07
1983,0,0,1983,4.558279897769e-17,3.7653587081313e-11,-1.4952123710027e-16,7.9969968931272e-19,0,3.7e-11,1,0.000181,1.268763848436e-19,1.0108580652143,4.5629996907685e-07
1984,0,0,1984,4.4810258082998e-17,3.629247079911e-11,2.4636204707869e-16,7.7254089469182e-19,0,3.7e-11,1,0.000181,1.2286657113517e-19,0.97418649493145,3.7354468916422e-07
1985,0,0,1985,4.4063889452769e-17,3.6976910096004e-11,-1.2388351273776e-16,7.4636863022957e-19,0,3.7e-11,1,0.000181,1.1897959886084e-19,0.99279630251216,4.1385399297412e-07
1986,0,0,1986,4.3342720941748e-17,3.7726910943887e-11,-1.3575015346684e-16,7.2116851102121e-19,0,3.7e-11,1,0.000181,1.1521183166732e-19,1.0131742810067,4.6199075899081e-07
1987,0,0,1987,4.2645796076705e-17,3.6334384664532e-11,2.5204725656328e-16,6.969248650427e-19,0,3.7e-11,1,0.000181,1.115597368053e-19,0.97564250085165,3.7657811129125e-07
1988,0,0,1988,4.1972175416821e-17,3.7510259984801e-11,-2.1283343296864e-16,6.7362065988406e-19,0,3.7e-11,1,0.000181,1.0801988230271e-19,1.0075235003482,4.4820764830715e-07
1989,0,0,1989,4.132093844135e-17,3.6722419335006e-11,1.4259915761293e-16,6.5123697547051e-19,0,3.7e-11,1,0.000181,1.0458893421133e-19,0.9863277529035,3.9945989563106e-07
1990,0,0,1990,4.0691184857213e-17,3.6379374903836e-11,6.2091042041756e-17,6.2975358413691e-19,0,3.7e-11,1,0.000181,1.0126365392492e-19,0.97715031696836,3.7974061303667e-07
1991,0,0,1991,4.0082036330291e-17,3.6857493252556e-11,-8.6539421118409e-17,6.0914852692232e-19,0,3.7e-11,1,0.000181,9.8040895567272e-20,0.99016339291958,4.0794495791023e-07
1992,0,0,1992,3.9492638114339e-17,3.7031601808199e-11,-3.1513648571368e-17,5.893982159524e-19,0,3.7e-11,1,0.000181,9.4917603448295e-20,0.9949570388487,4.187552992914e-07
1993,0,0,1993,3.8922160471784e-17,3.7767933746464e-11,-1.3327608082583e-16,5.7047764255461e-19,0,3.7e-11,1,0.000181,9.1890809586544e-20,1.0149430861039,4.6637545266609e-07
1994,0,0,1994,3.8369800112048e-17,3.7584513649252e-11,3.3199037595276e-17,5.5236035973565e-19,0,3.7e-11,1,0.000181,8.8957631296557e-20,1.0100682649548,4.5437260138998e-07
1995,0,0,1995,3.7834781375935e-17,3.643434537736e-11,2.0818045721258e-16,5.3501873611338e-19,0,3.7e-11,1,0.000181,8.6115268839381e-20,0.97906252529881,3.8378240045729e-07
1996,0,0,1996,3.731635743562e-17,3.7317030922871e-11,-1.5976608373755e-16,5.184239403155e-19,0,3.7e-11,1,0.000181,8.3361003134727e-20,1.002996302763,4.374086847914e-07
1997,0,0,1997,3.6813811518894e-17,3.7864368714514e-11,-9.9068140287395e-17,5.0254591672586e-19,0,3.7e-11,1,0.000181,8.0692193533236e-20,1.0178642565041,4.7369100147451e-07
1998,0,0,1998,3.6326457557133e-17,3.725246523584e-11,1.1075452963989e-16,4.873539617608e-19,0,3.7e-11,1,0.000181,7.810627564736e-20,1.0013990966298,4.3364980497321e-07
1999,0,0,1999,3.5853640722178e-17,3.7630765386926e-11,-6.8472327346505e-17,4.7281683495508e-19,0,3.7e-11,1,0.000181,7.5600759239399e-20,1.0116940263269,4.5834724051262e-07
2000,0,0,2000,3.539473796069e-17,3.7284229815758e-11,6.2722938381472e-17,4.5890276148774e-19,0,3.7e-11,1,0.000181,7.317322616528e-20,1.0023967237108,4.3599452812936e-07
2001,0,0,2001,3.4949158075781e-17,3.6873129193361e-11,7.440921265375e-17,4.4557988490945e-19,0,3.7e-11,1,0.000181,7.082132837268e-20,0.99135243033039,4.106049344594e-07
2002,0,0,2002,3.4516341715487e-17,3.7736965810947e-11,-1.5635442778296e-16,4.3281636029357e-19,0,3.7e-11,1,0.000181,6.8542785952132e-20,1.0147639943357,4.6592996407351e-07
2003,0,0,2003,3.4095761135174e-17,3.6468552674405e-11,2.2958277771407e-16,4.2058058031259e-19,0,3.7e-11,1,0.000181,6.6335385239804e-20,0.98054535955385,3.8694071677121e-07
2004,0,0,2004,3.3686919494639e-17,3.6687164603587e-11,-3.9568759181976e-17,4.08841640535e-19,0,3.7e-11,1,0.000181,6.4196976970642e-20,0.9865148385478,3.9987039303596e-07
2005,0,0,2005,3.3289350315696e-17,3.6514540910698e-11,3.1244888412903e-17,3.9756917894371e-19,0,3.7e-11,1,0.000181,6.2125474480613e-20,0.98190869859947,3.8986318600934e-07
2006,0,0,2006,3.2902616499367e-17,3.7713291993995e-11,-2.1697394607677e-16,3.8673381632892e-19,0,3.7e-11,1,0.000181,6.0118851956828e-20,1.0143651238486,4.6493902539777e-07
2007,0,0,2007,3.2526309254982e-17,3.7541150504951e-11,3.1157609517032e-17,3.7630724438476e-19,0,3.7e-11,1,0.000181,5.8175142734311e-20,1.0097688415919,4.5364364923754e-07
2008,0,0,2008,3.2160046669614e-17,3.7669733651421e-11,-2.3273549511155e-17,3.6626258536849e-19,0,3.7e-11,1,0.000181,5.6292437638273e-20,1.0132987523126,4.6229820745281e-07
2009,0,0,2009,3.1803472343897e-17,3.6466498877051e-11,2.1778549416105e-16,3.565743257161e-19,0,3.7e-11,1,0.000181,5.4468883370708e-20,0.98083213743501,3.8755396876954e-07
2010,0,0,2010,3.1456253845615e-17,3.7346423292711e-11,-1.5926631923451e-16,3.4721849828261e-19,0,3.7e-11,1,0.000181,5.2702680940208e-20,1.0046657252703,4.4136587068163e-07
2011,0,0,2011,3.111808127932e-17,3.6910582684588e-11,7.8887150070241e-17,3.381725662947e-19,0,3.7e-11,1,0.000181,5.09920841339e-20,0.99293674550264,4.1417113869566e-07
2012,0,0,2012,3.0788665461193e-17,3.6316166568459e-11,1.0758931701941e-16,3.2941581812709e-19,0,3.7e-11,1,0.000181,4.9335398030418e-20,0.97692063363146,3.792574808812e-07
2013,0,0,2013,3.0467736298017e-17,3.7148724217991e-11,-1.5069293456537e-16,3.2092916317617e-19,0,3.7e-11,1,0.000181,4.7730977552893e-20,0.99947011305934,4.2914527139587e-07
2014,0,0,2014,3.015504121363e-17,3.7401501223525e-11,-4.5752638001508e-17,3.1269508438643e-19,0,3.7e-11,1,0.000181,4.617722606092e-20,1.0063486158346,4.4538447602384e-07
2015,0,0,2015,2.9850343357743e-17,3.6283855101963e-11,2.0229394800262e-16,3.046978558878e-19,0,3.7e-11,1,0.000181,4.4672593980513e-20,0.97618746156452,3.7771862701811e-07
2016,0,0,2016,2.9553419964039e-17,3.7417326927765e-11,-2.0515840047029e-16,2.9692339370413e-19,0,3.7e-11,1,0.000181,4.3215577471079e-20,1.0068661720116,4.46626338164e-07
2017,0,0,2017,2.9264060981948e-17,3.7412351637553e-11,9.0052752850484e-19,2.8935898209061e-19,0,3.7e-11,1,0.000181,4.1804717128463e-20,1.0067749119628,4.4640715735411e-07
2018,0,0,2018,2.898206741585e-17,3.6549623924678e-11,1.5615371603039e-16,2.8199356609792e-19,0,3.7e-11,1,0.000181,4.0438596723133e-20,0.98350005419603,3.9329717194505e-07
2019,0,0,2019,2.8707249928741e-17,3.7286734526779e-11,-1.3341701898032e-16,2.748174871087e-19,0,3.7e-11,1,0.000181,3.9115841972608e-20,1.0034629982706,4.385120111298e-07
2020,0,0,2020,2.8439427668824e-17,3.7008914464635e-11,5.0285431248031e-17,2.6782225991733e-19,0,3.7e-11,1,0.000181,3.7835119347249e-20,0.9959943393206,4.2112501564127e-07
2021,0,0,2021,2.817842695967e-17,3.7744922917967e-11,-1.3321753005306e-16,2.6100070915438e-19,0,3.7e-11,1,0.000181,3.6595134908543e-20,1.0159254324611,4.6882520867541e-07
2022,0,0,2022,2.7924080257312e-17,3.6855521024224e-11,1.6098174276733e-16,2.5434670235779e-19,0,3.7e-11,1,0.000181,3.5394633179051e-20,0.99192552264108,4.1189203097204e-07
2023,0,0,2023,2.7676225067985e-17,3.6622477938657e-11,4.2180798487599e-17,2.4785518932645e-19,0,3.7e-11,1,0.000181,3.4232396043198e-20,0.98566407075243,3.9800643566451e-07
2024,0,0,2024,2.7434703217885e-17,3.7534563352652e-11,-1.6508745993305e-16,2.4152185010086e-19,0,3.7e-11,1,0.000181,3.3107241678105e-20,1.0103510920729,4.5506202648544e-07
2025,0,0,2025,2.719936016684e-17,3.7368730689196e-11,3.0015712085616e-17,2.3534305104485e-19,0,3.7e-11,1,0.000181,3.2018023513683e-20,1.0059042697592,4.4432052710655e-07
2026,0,0,2026,2.6970044309617e-17,3.7701263278928e-11,-6.0188398741618e-17,2.2931585722288e-19,0,3.7e-11,1,0.000181,3.096362922123e-20,1.0149258786287,4.6633263420582e-07
2027,0,0,2027,2.6746606564544e-17,3.6289695530947e-11,2.5549376238463e-16,2.2343774507269e-19,0,3.7e-11,1,0.000181,2.994297972979e-20,0.97680876280974,3.7902234545842e-07
2028,0,0,2028,2.6528900019367e-17,3.7188900595141e-11,-1.6275611661913e-16,2.1770654517723e-19,0,3.7e-11,1,0.000181,2.8955028269548e-20,1.0011441104526,4.3305216365689e-07
2029,0,0,2029,2.6316779940148e-17,3.6453671910195e-11,1.3307639197514e-16,2.1212007921847e-19,0,3.7e-11,1,0.000181,2.7998759441553e-20,0.9813047388092,3.8856631864184e-07
2030,0,0,2030,2.6110103604769e-17,3.6389792005041e-11,1.1562262833025e-17,2.0667633537979e-19,0,3.7e-11,1,0.000181,2.7073188313089e-20,0.97960911591871,3.8494413860032e-07
2031,0,0,2031,2.5908730509497e-17,3.6660405439326e-11,-4.8981031605755e-17,2.0137309527137e-19,0,3.7e-11,1,0.000181,2.6177359538009e-20,0.98695306167069,4.008332748689e-07
2032,0,0,2032,2.5712522648714e-17,3.75974317987e-11,-1.6960177104652e-16,1.9620786078361e-19,0,3.7e-11,1,0.000181,2.5310346501392e-20,1.0123073962843,4.5985414389643e-07
2033,0,0,2033,2.5521344881156e-17,3.712740448493e-11,8.5074943792233e-17,1.9117776755811e-19,0,3.7e-11,1,0.000181,2.4471250487869e-20,0.99963250214891,4.295230029835e-07
2034,0,0,2034,2.5335065335131e-17,3.7350097267668e-11,-4.0307393675602e-17,1.8627954602464e-19,0,3.7e-11,1,0.000181,2.3659199873007e-20,1.0056790413787,4.4378202883559e-07
2035,0,0,2035,2.5153556077402e-17,3.6496416031899e-11,1.5451630367428e-16,1.8150925772858e-19,0,3.7e-11,1,0.000181,2.2873349337137e-20,0.98263367861674,3.9142457550028e-07
2036,0,0,2036,2.4976693748184e-17,3.6609435459531e-11,-2.0456516401339e-17,1.7686232921876e-19,0,3.7e-11,1,0.000181,2.211287910103e-20,0.98571466692951,3.9811708893241e-07
2037,0,0,2037,2.4804360398712e-17,3.7282690201401e-11,-1.2185910827857e-16,1.7233334947191e-19,0,3.7e-11,1,0.000181,2.1376994182858e-20,1.0039364739518,4.396336844111e-07
2038,0,0,2038,2.4636444271997e-17,3.7577474270791e-11,-5.3355916559576e-17,1.679161267149e-19,0,3.7e-11,1,0.000181,2.0664923675854e-20,1.0119286842976,4.5892326280763e-07
2039,0,0,2039,2.447284055194e-17,3.759076545858e-11,-2.4057049897201e-18,1.6360372005658e-19,0,3.7e-11,1,0.000181,1.9975920046141e-20,1.0123123349934,4.5986629349632e-07
2040,0,0,2040,2.4313452170591e-17,3.7780349026691e-11,-3.4314625828149e-17,1.5938838134874e-19,0,3.7e-11,1,0.000181,1.9309258450189e-20,1.01746001518,4.7267311029463e-07
2041,0,0,2041,2.4158190591417e-17,3.6447692217118e-11,2.4121088253279e-16,1.5526157917489e-19,0,3.7e-11,1,0.000181,1.8664236071369e-20,0.98146544732072,3.8891105994155e-07
2042,0,0,2042,2.4006976494342e-17,3.7324037250058e-11,-1.586184509622e-16,1.5121409707427e-19,0,3.7e-11,1,0.000181,1.8040171475106e-20,1.0051730275894,4.4257414158679e-07
2043,0,0,2043,2.3859740567728e-17,3.7462957627126e-11,-2.5144588249424e-17,1.4723592661383e-19,0,3.7e-11,1,0.000181,1.7436403982128e-20,1.0089496177306,4.5165410426414e-07
2044,0,0,2044,2.3716423924605e-17,3.726476037441e-11,3.5873702741661e-17,1.4331664312342e-19,0,3.7e-11,1,0.000181,1.6852293059336e-20,1.0036143353507,4.3887027766061e-07
2045,0,0,2045,2.3576978483896e-17,3.7232353671326e-11,5.8656132581928e-18,1.3944544070932e-19,0,3.7e-11,1,0.000181,1.6287217727806e-20,1.0027593005863,4.3684924931939e-07
2046,0,0,2046,2.3441367237186e-17,3.723702024578e-11,-8.4464997614813e-19,1.3561124670997e-19,0,3.7e-11,1,0.000181,1.5740575987482e-20,1.0029056737717,4.3719468924522e-07
2047,0,0,2047,2.3309564285371e-17,3.6165962731744e-11,1.9386141004047e-16,1.3180295181488e-19,0,3.7e-11,1,0.000181,1.5211784258104e-20,0.97397785428704,3.731116469986e-07
2048,0,0,2048,2.3181554670575e-17,3.6923744631199e-11,-1.3715852380129e-16,1.2800961479561e-19,0,3.7e-11,1,0.000181,1.4700276835931e-20,0.99447756063557,4.1766361020124e-07
2049,0,0,2049,2.3057334134769e-17,3.6836286729366e-11,1.5829880231776e-17,1.2422053580594e-19,0,3.7e-11,1,0.000181,1.4205505365836e-20,0.99213238224286,4.1235741997592e-07
2050,0,0,2050,2.2936908460875e-17,3.7340346267391e-11,-9.1234776382646e-17,1.2042567389412e-19,0,3.7e-11,1,0.000181,1.3726938328366e-20,1.0057735950331,4.440080322145e-07
2051,0,0,2051,2.2820292704199e-17,3.6436322563151e-11,1.6362829046753e-16,1.1661575667642e-19,0,3.7e-11,1,0.000181,1.3264060541349e-20,0.98135793507931,3.886804041734e-07
2052,0,0,2052,2.2707510137236e-17,3.6338633790929e-11,1.7681667772134e-17,1.127825669624e-19,0,3.7e-11,1,0.000181,1.2816372675663e-20,0.97873453875182,3.830866626328e-07
2053,0,0,2053,2.2598591157239e-17,3.7487794056305e-11,-2.0799800803295e-16,1.0891897999776e-19,0,3.7e-11,1,0.000181,1.2383390784781e-20,1.009809188149,4.5374181811281e-07
2054,0,0,2054,2.249357192027e-17,3.6886634908448e-11,1.0880980576201e-16,1.0501923696827e-19,0,3.7e-11,1,0.000181,1.1964645847721e-20,0.99357732514691,4.1562019784236e-07
2055,0,0,2055,2.2392492671019e-17,3.6921025250598e-11,-6.2246519291113e-18,1.0107924925138e-19,0,3.7e-11,1,0.000181,1.1559683325032e-20,0.99452188706693,4.1776443638029e-07
2056,0,0,2056,2.2295396140817e-17,3.6942127015188e-11,-3.8194193908614e-18,9.7096530202155e-20,0,3.7e-11,1,0.000181,1.1168062727461e-20,0.99510670354013,4.190965359839e-07
2057,0,0,2057,2.2202325748331e-17,3.6974145435325e-11,-5.7953340448172e-18,9.3070392485658e-20,0,3.7e-11,1,0.000181,1.0789357196961e-20,0.99598596357258,4.2110583752865e-07
2058,0,0,2058,2.2113323702566e-17,3.6322579788438e-11,1.1793338208661e-16,8.9002045765278e-20,0,3.7e-11,1,0.000181,1.0423153099698e-20,0.97838937106238,3.8235559042964e-07
2059,0,0,2059,2.2028429067422e-17,3.7444135340868e-11,-2.0300155498978e-16,8.4894635143637e-20,0,3.7e-11,1,0.000181,1.0069049630727e-20,1.0087143598073,4.5108408001651e-07
2060,0,0,2060,2.1947675899559e-17,3.7700571093747e-11,-4.641487127104e-17,8.0753167862865e-20,0,3.7e-11,1,0.000181,9.7266584300273e-21,1.0156571139418,4.6815504220504e-07
2061,0,0,2061,2.1871091196753e-17,3.649823811412e-11,2.1762226931238e-16,7.6584702806627e-20,0,3.7e-11,1,0.000181,9.3956032095748e-21,0.98317306367911,3.925895537841e-07
2062,0,0,2062,2.1798692989131e-17,3.7021143663957e-11,-9.4645904520422e-17,7.2398207621772e-20,0,3.7e-11,1,0.000181,9.0755193911497e-21,0.9973164566503,4.2416123492244e-07
2063,0,0,2063,2.1730488666188e-17,3.6703419457982e-11,5.750808128144e-17,6.8204322942604e-20,0,3.7e-11,1,0.000181,8.7660537545921e-21,0.98873950025811,4.0477809416813e-07
2064,0,0,2064,2.1666473222919e-17,3.7523089021337e-11,-1.4836019096735e-16,6.4015443269216e-20,0,3.7e-11,1,0.000181,8.4668640962091e-21,1.010902290524,4.5640808987534e-07
2065,0,0,2065,2.1606627750824e-17,3.6381529710322e-11,2.066222352938e-16,5.9845472094728e-20,0,3.7e-11,1,0.000181,8.1776188970575e-21,0.9800582723335,3.8590093224023e-07
2066,0,0,2066,2.1550917978339e-17,3.6470121984882e-11,-1.6035201695303e-17,5.570977248495e-20,0,3.7e-11,1,0.000181,7.8979970008279e-21,0.98246097674858,3.9105216568326e-07
2067,0,0,2067,2.1499293230698e-17,3.7468428311449e-11,-1.8069344510872e-16,5.1624747641565e-20,0,3.7e-11,1,0.000181,7.6276873010661e-21,1.0094499374558,4.5286831962776e-07
2068,0,0,2068,2.1451685490544e-17,3.7724056185876e-11,-4.6268645271335e-17,4.7607740154357e-20,0,3.7e-11,1,0.000181,7.3663884374701e-21,1.0163659077427,4.6992705882764e-07
2069,0,0,2069,2.1408008595629e-17,3.6711684062512e-11,1.8323935432902e-16,4.3676894914387e-20,0,3.7e-11,1,0.000181,7.1138085010141e-21,0.98901102086292,4.0538042815164e-07
2070,0,0,2070,2.1368157779405e-17,3.7724779684224e-11,-1.8337030752988e-16,3.9850816223879e-20,0,3.7e-11,1,0.000181,6.8696647476522e-21,1.0163979341593,4.7000725526573e-07
2071,0,0,2071,2.1332009591328e-17,3.6969206663379e-11,1.3675871677281e-16,3.6148188077697e-20,0,3.7e-11,1,0.000181,6.6336833203634e-21,0.99598243937291,4.2109776831318e-07
2072,0,0,2072,2.1299421841812e-17,3.7172217606031e-11,-3.6744980619999e-17,3.2587749515527e-20,0,3.7e-11,1,0.000181,6.405598979306e-21,1.0014740876288,4.3382569817516e-07
2073,0,0,2073,2.127023399883e-17,3.6836576018182e-11,6.0751127400807e-17,2.9187842982324e-20,0,3.7e-11,1,0.000181,6.1851548398538e-21,0.99240705170853,4.1297602888714e-07
2074,0,0,2074,2.1244267724548e-17,3.6241346164185e-11,1.0773660357334e-16,2.5966274281209e-20,0,3.7e-11,1,0.000181,5.972102118296e-21,0.97632363565671,3.7800405698724e-07
2075,0,0,2075,2.1221327706324e-17,3.6759378965675e-11,-9.3763937069603e-17,2.2940018224461e-20,0,3.7e-11,1,0.000181,5.7661998849828e-21,0.99032794760054,4.0831224058564e-07
2076,0,0,2076,2.1201202760558e-17,3.6935350147917e-11,-3.1850783985759e-17,2.0124945765681e-20,0,3.7e-11,1,0.000181,5.5672148247122e-21,0.99508693056777,4.1905144045536e-07
2077,0,0,2077,2.1183667038048e-17,3.6831360404198e-11,1.882214361305e-17,1.7535722510457e-20,0,3.7e-11,1,0.000181,5.3749210041512e-21,0.99227901539821,4.1268757220348e-07
2078,0,0,2078,2.1168481464688e-17,3.6188146453027e-11,1.1642172516193e-16,1.518557335951e-20,0,3.7e-11,1,0.000181,5.1890996460949e-21,0.97489712207454,3.7502270073432e-07
2079,0,0,2079,2.1155395390519e-17,3.6808261594214e-11,-1.122408405548e-16,1.3086074169161e-20,0,3.7e-11,1,0.000181,5.0095389103724e-21,0.9916589447756,4.1129292052852e-07
2080,0,0,2080,2.1144148443887e-17,3.615909338359e-11,1.1749944612286e-16,1.1246946632526e-20,0,3.7e-11,1,0.000181,4.8360336812091e-21,0.97411553740271,3.7339736795989e-07
2081,0,0,2081,2.1134472386379e-17,3.6398833002959e-11,-4.3392871105807e-17,9.67605750784e-21,0,3.7e-11,1,0.000181,4.6683853608664e-21,0.98059643140948,3.8704987198254e-07
2082,0,0,2082,2.1126093241315e-17,3.7426153966817e-11,-1.8594509445825e-16,8.3791450636936e-21,0,3.7e-11,1,0.000181,4.5064016693781e-21,1.008363114044,4.5023411180812e-07
2083,0,0,2083,2.1118733427041e-17,3.6608160028099e-11,1.4805690290806e-16,7.3598142742646e-21,0,3.7e-11,1,0.000181,4.3498964502144e-21,0.98625626872612,3.9930313806215e-07
2084,0,0,2084,2.1112113877509e-17,3.7219101596738e-11,-1.1058042392365e-16,6.6195495321912e-21,0,3.7e-11,1,0.000181,4.1986894817015e-21,1.0027691914487,4.368725846882e-07
2085,0,0,2085,2.1105956415112e-17,3.725884244645e-11,-7.1930937979311e-18,6.1574623970752e-21,0,3.7e-11,1,0.000181,4.0526062940373e-21,1.0038441879039,4.3941487359174e-07
2086,0,0,2086,2.1099985991794e-17,3.7802636943825e-11,-9.8426804024911e-17,5.9704233171282e-21,0,3.7e-11,1,0.000181,3.9114779917409e-21,1.0185422279887,4.7540216495441e-07
2087,0,0,2087,2.1093932980506e-17,3.6636988762655e-11,2.1098232079178e-16,6.0530112883054e-21,0,3.7e-11,1,0.000181,3.7751410813832e-21,0.98703912693147,4.0102260290188e-07
2088,0,0,2088,2.1087535380236e-17,3.6479170461849e-11,2.8565112445889e-17,6.3976002704063e-21,0,3.7e-11,1,0.000181,3.6434373044472e-21,0.98277472274368,3.9172893385681e-07
2089,0,0,2089,2.1080541148987e-17,3.6712195639898e-11,-4.2177557226894e-17,6.9942312485006e-21,0,3.7e-11,1,0.000181,3.5162134751711e-21,0.98907374491154,4.0551967734614e-07
2090,0,0,2090,2.1072710380516e-17,3.774298065893e-11,-1.8657208844481e-16,7.8307684715672e-21,0,3.7e-11,1,0.000181,3.3933213232336e-21,1.016933968775,4.7135118155641e-07
2091,0,0,2091,2.1063817383397e-17,3.7812268888159e-11,-1.2541169490499e-17,8.8929971188138e-21,0,3.7e-11,1,0.000181,3.2746173411398e-21,1.0188079515266,4.7607421008389e-07
2092,0,0,2092,2.1053652597001e-17,3.7657698331526e-11,2.7977270750729e-17,1.0164786395951e-20,0,3.7e-11,1,0.000181,3.1599626361761e-21,1.0146318867268,4.6560157041974e-07
2093,0,0,2093,2.1042024474919e-17,3.6429025490555e-11,2.2238978421568e-16,1.1628122082415e-20,0,3.7e-11,1,0.000181,3.0492227868003e-21,0.98142624896454,3.8882695122714e-07
2094,0,0,2094,2.1028761247408e-17,3.7676966259756e-11,-2.2587727922545e-16,1.3263227510265e-20,0,3.7e-11,1,0.000181,2.9422677033409e-21,1.0151563583349,4.669064177195e-07
2095,0,0,2095,2.1013712650908e-17,3.7441153171378e-11,4.2682168996424e-17,1.5048596499947e-20,0,3.7e-11,1,0.000181,2.8389714928816e-21,1.0087852786873,4.5125585294864e-07
2096,0,0,2096,2.0996751248603e-17,3.7757904714293e-11,-5.7332029267519e-17,1.6961402305008e-20,0,3.7e-11,1,0.000181,2.7392123282091e-21,1.0173486638851,4.7239303807074e-07
2097,0,0,2097,2.0977773754314e-17,3.7643934907351e-11,2.0628535056403e-17,1.8977494289732e-20,0,3.7e-11,1,0.000181,2.6428723207076e-21,1.0142712325633,4.6470601549314e-07
2098,0,0,2098,2.095670210316e-17,3.677258523171e-11,1.5771429129101e-16,2.107165115331e-20,0,3.7e-11,1,0.000181,2.5498373970872e-21,0.99072438776115,4.0919819421053e-07
2099,0,0,2099,2.0933484356046e-17,3.7645466237437e-11,-1.5799146203652e-16,2.3217747114211e-20,0,3.7e-11,1,0.000181,2.4599971798322e-21,1.014319233182,4.6482512668005e-07
2100,0,0,2100,2.0908095482462e-17,3.782179116407e-11,-3.1914811720626e-17,2.5388873584403e-20,0,3.7e-11,1,0.000181,2.3732448712647e-21,1.0190885628213,4.7678474875477e-07
2101,0,0,2101,2.0880537727652e-17,3.7001452096778e-11,1.4848137117983e-16,2.7557754810059e-20,0,3.7e-11,1,0.000181,2.2894771411165e-21,0.99692135161852,4.2325201935986e-07
2102,0,0,2102,2.0850840807368e-17,3.6531060404402e-11,8.5140896320214e-17,2.9696920283768e-20,0,3.7e-11,1,0.000181,2.2085940175078e-21,0.98421249699706,3.9484252304235e-07
2103,0,0,2103,2.0819061943999e-17,3.6449522495679e-11,1.4758361478877e-17,3.177886336885e-20,0,3.7e-11,1,0.000181,2.1304987812337e-21,0.98201351497294,3.9008861447481e-07
2104,0,0,2104,2.0785285589201e-17,3.6623555979983e-11,-3.150006065912e-17,3.3776354797511e-20,0,3.7e-11,1,0.000181,2.0550978632628e-21,0.98672216616212,4.0032570644255e-07
2105,0,0,2105,2.0749622843143e-17,3.6685007969288e-11,-1.1122810064216e-17,3.5662746058022e-20,0,3.7e-11,1,0.000181,1.9823007453518e-21,0.98838835592026,4.040002073162e-07
2106,0,0,2106,2.0712210586648e-17,3.6910213906669e-11,-4.0762274665885e-17,3.7412256495137e-20,0,3.7e-11,1,0.000181,1.9120198636888e-21,0.99448058929676,4.1767049864975e-07
2107,0,0,2107,2.0673210354068e-17,3.7129454848153e-11,-3.968261040862e-17,3.9000232579988e-20,0,3.7e-11,1,0.000181,1.8441705154722e-21,1.0004118436855,4.3133959570474e-07
2108,0,0,2108,2.063280690863e-17,3.6985906770844e-11,2.5982201992865e-17,4.0403445437862e-20,0,3.7e-11,1,0.000181,1.7786707683435e-21,0.99653819898673,4.2237182696977e-07
2109,0,0,2109,2.0591206549669e-17,3.7668073943306e-11,-1.2347225821556e-16,4.1600358961484e-20,0,3.7e-11,1,0.000181,1.7154413725868e-21,1.014981361384,4.6647070698671e-07
2110,0,0,2110,2.0548635206881e-17,3.8004029422681e-11,-6.0807941766918e-17,4.2571342788185e-20,0,3.7e-11,1,0.000181,1.654405676016e-21,1.024067595983,4.8953670700874e-07
2111,0,0,2111,2.050533620807e-17,3.7812910123514e-11,3.4592593149217e-17,4.3298998810317e-20,0,3.7e-11,1,0.000181,1.5954895414693e-21,1.0189086749512,4.7632915347553e-07
2112,0,0,2112,2.0461567849777e-17,3.6690436443955e-11,2.0316773600014e-16,4.3768358293308e-20,0,3.7e-11,1,0.000181,1.5386212668351e-21,0.98857808399375,4.0442035867242e-07
2113,0,0,2113,2.0417600818521e-17,3.7004638528325e-11,-5.6870577270833e-17,4.3967031256093e-20,0,3.7e-11,1,0.000181,1.4837315075336e-21,0.99707659740305,4.2360908118712e-07
2114,0,0,2114,2.0373715538737e-17,3.6590483520105e-11,7.4962056487773e-17,4.3885279783898e-20,0,3.7e-11,1,0.000181,1.4307532013828e-21,0.98588977177844,3.985002348954e-07
2115,0,0,2115,2.0330199253568e-17,3.6593240903082e-11,-4.9908631888726e-19,4.3516285169017e-20,0,3.7e-11,1,0.000181,1.3796214957771e-21,0.98597079352013,3.9867761983568e-07
2116,0,0,2116,2.0287343128999e-17,3.7566565163009e-11,-1.7617169104672e-16,4.2856124569326e-20,0,3.7e-11,1,0.000181,1.3302736771113e-21,1.0122832539011,4.597947555653e-07
2117,0,0,2117,2.0245439301395e-17,3.7691389745169e-11,-2.2593249370964e-17,4.1903827603574e-20,0,3.7e-11,1,0.000181,1.282649102382e-21,1.0156631483611,4.6817010549792e-07
2118,0,0,2118,2.0204777816074e-17,3.6344934771638e-11,2.43708350209e-16,4.0661485320873e-20,0,3.7e-11,1,0.000181,1.2366891329029e-21,0.97927854499783,3.8424119230286e-07
2119,0,0,2119,2.0165643678139e-17,3.6225837535723e-11,2.1556599700744e-17,3.9134137935023e-20,0,3.7e-11,1,0.000181,1.1923370700709e-21,0.97606554431651,3.7746322946247e-07
2120,0,0,2120,2.0128314118335e-17,3.6545925788515e-11,-5.7935973755502e-17,3.7329559804534e-20,0,3.7e-11,1,0.000181,1.1495380931214e-21,0.98472215224772,3.9595104476712e-07
2121,0,0,2121,2.009305584452e-17,3.6620739267159e-11,-1.3541239634477e-17,3.5258273815319e-20,0,3.7e-11,1,0.000181,1.1082391988138e-21,0.9867494029433,4.0038555269999e-07
2122,0,0,2122,2.0060122425188e-17,3.7347556947135e-11,-1.3155400007562e-16,3.2933419331368e-20,0,3.7e-11,1,0.000181,1.06838914299e-21,1.0063980416614,4.4550295023069e-07
2123,0,0,2123,2.0029751895805e-17,3.654317456126e-11,1.4559321184331e-16,3.0370529382951e-20,0,3.7e-11,1,0.000181,1.0299383839494e-21,0.98466251212368,3.9582119403361e-07
2124,0,0,2124,2.0002164508234e-17,3.7413560345338e-11,-1.5753982691811e-16,2.758738757148e-20,0,3.7e-11,1,0.000181,9.9283902758595e-22,1.0081905715989,4.4981706050189e-07
2125,0,0,2125,1.9977560853789e-17,3.6280998389142e-11,2.0499371407145e-16,2.4603654444497e-20,0,3.7e-11,1,0.000181,9.5704477423522e-22,0.97758446283126,3.8065519681394e-07
2126,0,0,2126,1.9956120052796e-17,3.6706579700556e-11,-7.7030217365973e-17,2.1440800992724e-20,0,3.7e-11,1,0.000181,9.2251086717893e-22,0.98908986199013,4.0555546402211e-07
2127,0,0,2127,1.9937998416624e-17,3.7460701839569e-11,-1.3649610716124e-16,1.8121636172497e-20,0,3.7e-11,1,0.000181,8.8919404275841e-22,1.0094742473563,4.529273845425e-07
2128,0,0,2128,1.9923328228696e-17,3.7095285066592e-11,6.6140435908728e-17,1.4670187928068e-20,0,3.7e-11,1,0.000181,8.5705248204779e-22,0.9996003089181,4.2944809710565e-07
2129,0,0,2129,1.9912216751467e-17,3.6363965263401e-11,1.3236888437765e-16,1.1111477228986e-20,0,3.7e-11,1,0.000181,8.2604576404016e-22,0.9798365680042,3.8542841532308e-07
2130,0,0,2130,1.9904745619979e-17,3.7536538431168e-11,-2.122357433659e-16,7.4711314882968e-21,0,3.7e-11,1,0.000181,7.9613482030111e-22,1.0115288502944,4.5794213133737e-07
2131,0,0,2131,1.9900970525405e-17,3.7574618390656e-11,-6.8924726672075e-18,3.7750945740239e-21,0,3.7e-11,1,0.000181,7.6728189104531e-22,1.012558602088,4.6047246126961e-07
2132,0,0,2132,1.9900920932736e-17,3.6146735492124e-11,2.5844680463428e-16,4.9592668676625e-23,0,3.7e-11,1,0.000181,7.3945048259296e-22,0.97396717980315,3.7308950268331e-07
2133,0,0,2133,1.9904600131191e-17,3.6168757770665e-11,-3.9860324159691e-18,-3.6791984553793e-21,0,3.7e-11,1,0.000181,7.1260532616461e-22,0.97456182714039,3.7432473812473e-07
2134,0,0,2134,1.9911985633135e-17,3.6284969649924e-11,-2.1034350145955e-17,-7.3855019440358e-21,0,3.7e-11,1,0.000181,6.8671233797346e-22,0.97770158593448,3.8090223897151e-07
2135,0,0,2135,1.9923029625538e-17,3.7432352386344e-11,-2.0767627529198e-16,-1.1043992402528e-20,0,3.7e-11,1,0.000181,6.61738580576e-22,1.0087102810666,4.5107420250198e-07
2136,0,0,2136,1.9937659606683e-17,3.6280896195749e-11,2.0841357049771e-16,-1.4629981145381e-20,0,3.7e-11,1,0.000181,6.3765222544257e-22,0.97758765892548,3.8066193644829e-07
2137,0,0,2137,1.9955779100836e-17,3.7238997767539e-11,-1.7341638449398e-16,-1.8119494152883e-20,0,3.7e-11,1,0.000181,6.1442251671083e-22,1.0034795903873,4.3855127869127e-07
2138,0,0,2138,1.997726874662e-17,3.6225099620752e-11,1.8351556456853e-16,-2.1489645783838e-20,0,3.7e-11,1,0.000181,5.92019736086e-22,0.97607372892481,3.7748037052593e-07
2139,0,0,2139,2.0001987297789e-17,3.6516034128778e-11,-5.2659145952828e-17,-2.471855116917e-20,0,3.7e-11,1,0.000181,5.7041516885302e-22,0.98393313274766,3.9423596847784e-07
2140,0,0,2140,2.0029772966706e-17,3.749836216806e-11,-1.7780137510999e-16,-2.7785668917309e-20,0,3.7e-11,1,0.000181,5.4958107096643e-22,1.0104783902422,4.5537260928347e-07
2141,0,0,2141,2.0060444784417e-17,3.7630538679663e-11,-2.3923948600118e-17,-3.0671817710311e-20,0,3.7e-11,1,0.000181,5.2949063718526e-22,1.0140461484597,4.6414781220418e-07
2142,0,0,2142,2.0093804019886e-17,3.7857728420852e-11,-4.1121343155279e-17,-3.3359235469334e-20,0,3.7e-11,1,0.000181,5.1011797022074e-22,1.0201814305143,4.7956025640876e-07
2143,0,0,2143,2.0129635802139e-17,3.7253385727829e-11,1.0938602743713e-16,-3.5831782252636e-20,0,3.7e-11,1,0.000181,4.9143805086585e-22,1.0038424937935,4.3941085767512e-07
2144,0,0,2144,2.0167710810443e-17,3.6624361026576e-11,1.1385347092689e-16,-3.8075008304201e-20,0,3.7e-11,1,0.000181,4.7342670907657e-22,0.98683614080929,4.0057618684687e-07
2145,0,0,2145,2.0207787122221e-17,3.6468505304537e-11,2.8209885689022e-17,-4.0076311777634e-20,0,3.7e-11,1,0.000181,4.560605959755e-22,0.98261783977886,3.9139040900302e-07
2146,0,0,2146,2.0249612151596e-17,3.6942840051139e-11,-8.5854589135016e-17,-4.1825029374975e-20,0,3.7e-11,1,0.000181,4.3931715674959e-22,0.99543145245702,4.1983774584943e-07
2147,0,0,2147,2.0292924621212e-17,3.6435183254394e-11,9.1885880210961e-17,-4.3312469615973e-20,0,3.7e-11,1,0.000181,4.2317460441421e-22,0.98170453104734,3.8942438801512e-07
2148,0,0,2148,2.0337456550276e-17,3.7164908875073e-11,-1.3208033734292e-16,-4.4531929064909e-20,0,3.7e-11,1,0.000181,4.0761189441713e-22,1.0014201955858,4.3369928720522e-07
2149,0,0,2149,2.038293540795e-17,3.7587927003095e-11,-7.6566281171946e-17,-4.5478857673627e-20,0,3.7e-11,1,0.000181,3.9260870005612e-22,1.0128463270348,4.6118149944915e-07
2150,0,0,2150,2.042908615921e-17,3.6640138944039e-11,1.7154963868905e-16,-4.6150751260222e-20,0,3.7e-11,1,0.000181,3.7814538868528e-22,0.98722354228936,4.0142852889752e-07
2151,0,0,2151,2.047563333421e-17,3.6499936894771e-11,2.5376570917605e-17,-4.6547174999298e-20,0,3.7e-11,1,0.000181,3.6420299868551e-22,0.98342734726284,3.9313974193084e-07
2152,0,0,2152,2.0522303229946e-17,3.7582249687646e-11,-1.9589861551052e-16,-4.6669895736865e-20,0,3.7e-11,1,0.000181,3.5076321717547e-22,1.0126720755912,4.6075198685256e-07
2153,0,0,2153,2.0568825988278e-17,3.6901226517099e-11,1.2326519386911e-16,-4.6522758331648e-20,0,3.7e-11,1,0.000181,3.3780835844004e-22,0.99425909714896,4.1716697666951e-07
2154,0,0,2154,2.0614937489943e-17,3.652292275163e-11,6.8472981549845e-17,-4.6111501664409e-20,0,3.7e-11,1,0.000181,3.2532134305398e-22,0.98402778565852,3.9444139334965e-07
2155,0,0,2155,2.0660381368305e-17,3.7219468193248e-11,-1.2607472493291e-16,-4.5443878362654e-20,0,3.7e-11,1,0.000181,3.1328567767912e-22,1.0028465524279,4.3705513639243e-07
2156,0,0,2156,2.0704910895287e-17,3.7235765146214e-11,-2.9497484867065e-18,-4.4529526982162e-20,0,3.7e-11,1,0.000181,3.0168543551414e-22,1.0032803614409,4.3807996498248e-07
2157,0,0,2157,2.0748290640123e-17,3.7303266878523e-11,-1.2217813547965e-17,-4.3379744835219e-20,0,3.7e-11,1,0.000181,2.905052373765e-22,1.0050982550952,4.4239588240531e-07
2158,0,0,2158,2.0790298079962e-17,3.7557530190182e-11,-4.602165941024e-17,-4.200743983991e-20,0,3.7e-11,1,0.000181,2.7973023339686e-22,1.0119639639156,4.590099158114e-07
2159,0,0,2159,2.0830725045929e-17,3.7125178286218e-11,7.8255694617388e-17,-4.0426965966201e-20,0,3.7e-11,1,0.000181,2.6934608530678e-22,1.0002727407435,4.3101489767423e-07
2160,0,0,2160,2.0869378970384e-17,3.7611549478376e-11,-8.8033185780647e-17,-3.8653924455602e-20,0,3.7e-11,1,0.000181,2.5933894930108e-22,1.0134121362723,4.6257841495751e-07
2161,0,0,2161,2.0906084018816e-17,3.747523092453e-11,2.467365824624e-17,-3.6705048432064e-20,0,3.7e-11,1,0.000181,2.4969545945695e-22,1.0097223702137,4.5353059926765e-07
2162,0,0,2162,2.0940681904854e-17,3.6453637826928e-11,1.8490835066587e-16,-3.4597886037927e-20,0,3.7e-11,1,0.000181,2.4040271169222e-22,0.98210657977739,3.9028885791562e-07
2163,0,0,2163,2.0973032541331e-17,3.6537835876573e-11,-1.5239846985741e-17,-3.2350636476761e-20,0,3.7e-11,1,0.000181,2.3144824824592e-22,0.9843773721246,3.952008561716e-07
2164,0,0,2164,2.1003014566717e-17,3.7476861229173e-11,-1.699635888206e-16,-2.9982025385939e-20,0,3.7e-11,1,0.000181,2.2282004266464e-22,1.0097519587746,4.5360257609673e-07
2165,0,0,2165,2.1030525534143e-17,3.7640021719034e-11,-2.9532048664757e-17,-2.7510967426112e-20,0,3.7e-11,1,0.000181,2.145064852788e-22,1.0141575937899,4.6442412563318e-07
2166,0,0,2166,2.1055481785763e-17,3.7001640447247e-11,1.1554701019339e-16,-2.4956251619667e-20,0,3.7e-11,1,0.000181,2.0649636915332e-22,0.99690031942153,4.2320366465817e-07
2167,0,0,2167,2.1077818171095e-17,3.6407729850566e-11,1.074978179992e-16,-2.2336385332293e-20,0,3.7e-11,1,0.000181,1.9877887649774e-22,0.98084534639113,3.8758223416498e-07
2168,0,0,2168,2.1097487622702e-17,3.7813605646264e-11,-2.5446351902125e-16,-1.9669451607021e-20,0,3.7e-11,1,0.000181,1.913435655213e-22,1.0188390524639,4.7615291851071e-07
2169,0,0,2169,2.1114460520725e-17,3.7614743223842e-11,3.5994098458421e-17,-1.6972898023367e-20,0,3.7e-11,1,0.000181,1.8418035771876e-22,1.0134618579953,4.6270133667776e-07
2170,0,0,2170,2.1128723658251e-17,3.703476395442e-11,1.0497624776538e-16,-1.4263137525625e-20,0,3.7e-11,1,0.000181,1.7727952557348e-22,0.9977846128254,4.2524061646307e-07
2171,0,0,2171,2.1140279214617e-17,3.7003081168967e-11,5.7345841668917e-18,-1.1555556365751e-20,0,3.7e-11,1,0.000181,1.7063168066439e-22,0.99692659584418,4.2326407695535e-07
2172,0,0,2172,2.1149143615184e-17,3.6750163647012e-11,4.5778071473948e-17,-8.8644005674352e-21,0,3.7e-11,1,0.000181,1.6422776216401e-22,0.99008966350514,4.0778048277646e-07
2173,0,0,2173,2.1155346217111e-17,3.7628059956791e-11,-1.5889923206998e-16,-6.2026019272003e-21,0,3.7e-11,1,0.000181,1.5805902571526e-22,1.0138156646203,4.6357678434734e-07
2174,0,0,2174,2.1158927958155e-17,3.7496008820337e-11,2.390125569816e-17,-3.5817410437076e-21,0,3.7e-11,1,0.000181,1.5211703267467e-22,1.0102461801587,4.548061916453e-07
2175,0,0,2175,2.1159939850008e-17,3.7824924029626e-11,-5.9533652881396e-17,-1.011891853147e-21,0,3.7e-11,1,0.000181,1.4639363971069e-22,1.0191356293135,4.769040109217e-07
2176,0,0,2176,2.1158441548866e-17,3.6553949134625e-11,2.3004645599525e-16,1.4983011422046e-21,0,3.7e-11,1,0.000181,1.4088098874538e-22,0.98478518020281,3.9608830935989e-07
2177,0,0,2177,2.1154499873159e-17,3.7280458901237e-11,-1.3149826775676e-16,3.941675706568e-21,0,3.7e-11,1,0.000181,1.3557149722884e-22,1.0044211678738,4.4078435594431e-07
2178,0,0,2178,2.1148187528076e-17,3.7643464598451e-11,-6.5704031195753e-17,6.3123450836347e-21,0,3.7e-11,1,0.000181,1.3045784873553e-22,1.0142330752265,4.6461134768416e-07
2179,0,0,2179,2.1139581678042e-17,3.6999633183014e-11,1.1653348619412e-16,8.6058500341972e-21,0,3.7e-11,1,0.000181,1.2553298387217e-22,0.9968335111912,4.2305009707423e-07
2180,0,0,2180,2.1128762646216e-17,3.7253664016948e-11,-4.597958094214e-17,1.0819031825726e-20,0,3.7e-11,1,0.000181,1.2079009148733e-22,1.0037008249099,4.3907513511873e-07
2181,0,0,2181,2.1115812821456e-17,3.6677825979039e-11,1.0422668486161e-16,1.29498247595e-20,0,3.7e-11,1,0.000181,1.1622260017296e-22,0.98813956837159,4.0344980858595e-07
2182,0,0,2182,2.1100815567213e-17,3.6738916924379e-11,-1.1057461106598e-17,1.4997254243863e-20,0,3.7e-11,1,0.000181,1.1182417004843e-22,0.98979291440129,4.0711904330259e-07
2183,0,0,2183,2.1083854358355e-17,3.7530667783932e-11,-1.43306905579e-16,1.696120885756e-20,0,3.7e-11,1,0.000181,1.0758868481809e-22,1.0111941189388,4.5712206762205e-07
2184,0,0,2184,2.1065011995251e-17,3.6860122961022e-11,1.2136861294664e-16,1.8842363104422e-20,0,3.7e-11,1,0.000181,1.0351024409343e-22,0.99307409944001,4.144815004158e-07
2185,0,0,2185,2.1044369891098e-17,3.7686943648174e-11,-1.4965454437455e-16,2.0642104152355e-20,0,3.7e-11,1,0.000181,9.9583155971352e-23,1.0154236867894,4.6757265777272e-07
2186,0,0,2186,2.1022007672259e-17,3.7650654594247e-11,6.5683187607642e-18,2.2362218838968e-20,0,3.7e-11,1,0.000181,9.580192986031e-23,1.0144462406878,4.6514040966577e-07
2187,0,0,2187,2.0998002757609e-17,3.7615627606625e-11,6.3398847597231e-18,2.4004914650179e-20,0,3.7e-11,1,0.000181,9.2161269546208e-23,1.0135031497747,4.6280343818745e-07
2188,0,0,2188,2.097243015204e-17,3.6453301935572e-11,2.1038094646053e-16,2.557260556915e-20,0,3.7e-11,1,0.000181,8.8656066490393e-23,0.98209276096558,3.9025911928968e-07
2189,0,0,2189,2.0945362358331e-17,3.640161272815e-11,9.3557465434339e-18,2.706779370923e-20,0,3.7e-11,1,0.000181,8.5281393352159e-23,0.98069979713853,3.8727087103693e-07
2190,0,0,2190,2.0916869534966e-17,3.748544033364e-11,-1.9617279659368e-16,2.8492823364665e-20,0,3.7e-11,1,0.000181,8.2032497728486e-23,1.00999668969,4.5419826317912e-07
2191,0,0,2191,2.0887019659031e-17,3.6580482860866e-11,1.6379730257201e-16,2.9849875935531e-20,0,3.7e-11,1,0.000181,7.8904796103972e-23,0.98554283681615,3.9774140043917e-07
2192,0,0,2192,2.0855878682726e-17,3.682634697769e-11,-4.4501405145081e-17,3.1140976304831e-20,0,3.7e-11,1,0.000181,7.5893868004093e-23,0.99219246293551,4.1249266874985e-07
2193,0,0,2193,2.0823510997576e-17,3.6606041353435e-11,3.9875317990178e-17,3.236768514938e-20,0,3.7e-11,1,0.000181,7.2995450345195e-23,0.98624309003645,3.9927424400547e-07
2194,0,0,2194,2.0789979848599e-17,3.7450085538534e-11,-1.5277199750292e-16,3.3531148977024e-20,0,3.7e-11,1,0.000181,7.0205431974778e-23,1.0090601019301,4.5192200740322e-07
2195,0,0,2195,2.0755347848145e-17,3.6356013960837e-11,1.9802695556302e-16,3.4632000454249e-20,0,3.7e-11,1,0.000181,6.7519848395889e-23,0.979495771101,3.8470299720005e-07
2196,0,0,2196,2.0719677433858e-17,3.7553984337011e-11,-2.1683263808747e-16,3.5670414287514e-20,0,3.7e-11,1,0.000181,6.493487666957e-23,1.0118786751628,4.5880045434977e-07
2197,0,0,2197,2.0683031567309e-17,3.7556308600269e-11,-4.2069164959184e-19,3.6645866548895e-20,0,3.7e-11,1,0.000181,6.2446830489576e-23,1.0119469650711,4.589681619669e-07
2198,0,0,2198,2.0645474192073e-17,3.6285778050403e-11,2.299660295256e-16,3.7557375235854e-20,0,3.7e-11,1,0.000181,6.0052155423678e-23,0.97761390965073,3.8071729528424e-07
2199,0,0,2199,2.0607070805442e-17,3.6282175496039e-11,6.520623399504e-19,3.8403386631137e-20,0,3.7e-11,1,0.000181,5.7747424316126e-23,0.97752227773296,3.8052408586468e-07
2200,0,0,2200,2.0567889161145e-17,3.6954103092425e-11,-1.2161889494594e-16,3.9181644296688e-20,0,3.7e-11,1,0.000181,5.5529332845953e-23,0.99568833366699,4.2042481065775e-07
2201,0,0,2201,2.0527999825154e-17,3.7042671355703e-11,-1.603085565329e-17,3.9889335991273e-20,0,3.7e-11,1,0.000181,5.3394695236007e-23,0.99808802681158,4.2594136347052e-07
2202,0,0,2202,2.0487476664775e-17,3.7411049259756e-11,-6.6676400633484e-17,4.0523160378841e-20,0,3.7e-11,1,0.000181,5.1340440107756e-23,1.0080502373228,4.4947809168717e-07
2203,0,0,2203,2.0446397392364e-17,3.7624136223771e-11,-3.8568740486745e-17,4.1079272410654e-20,0,3.7e-11,1,0.000181,4.9363606477055e-23,1.0138154784396,4.6357632331307e-07
2204,0,0,2204,2.0404844035508e-17,3.7212169481914e-11,7.4565980276061e-17,4.1553356856235e-20,0,3.7e-11,1,0.000181,4.746133988623e-23,1.002687446945,4.3667975656931e-07
2205,0,0,2205,2.0362903366908e-17,3.7265476196442e-11,-9.6485153294758e-18,4.1940668599768e-20,0,3.7e-11,1,0.000181,4.5630888667974e-23,1.0041344315647,4.4010334287182e-07
2206,0,0,2206,2.0320667338979e-17,3.7055617484e-11,3.7984426952008e-17,4.2236027929e-20,0,3.7e-11,1,0.000181,4.3869600336703e-23,0.99846888118037,4.2682229456022e-07
2207,0,0,2207,2.0278233406753e-17,3.7369964161208e-11,-5.6896748574734e-17,4.2433932225867e-20,0,3.7e-11,1,0.000181,4.2174918103149e-23,1.006971073581,4.4687839043528e-07
2208,0,0,2208,2.0235704815618e-17,3.7503714273527e-11,-2.420877032975e-17,4.2528591135281e-20,0,3.7e-11,1,0.000181,4.0544377508108e-23,1.0105922918759,4.556506536236e-07
2209,0,0,2209,2.0193190754942e-17,3.6900463073733e-11,1.0918846716268e-16,4.2514060675781e-20,0,3.7e-11,1,0.000181,3.8975603171394e-23,0.99429455361965,4.1724754719557e-07
2210,0,0,2210,2.0150806440583e-17,3.7646884128045e-11,-1.3510221083041e-16,4.2384314358908e-20,0,3.7e-11,1,0.000181,3.7466305652164e-23,1.014474424479,4.6521039664317e-07
2211,0,0,2211,2.0108673159305e-17,3.6583029750074e-11,1.9255764241282e-16,4.2133281278797e-20,0,3.7e-11,1,0.000181,3.6014278416922e-23,0.98572789481917,3.9814602231342e-07
2212,0,0,2212,2.0066918054877e-17,3.7588041222105e-11,-1.8190707643764e-16,4.1755104427396e-20,0,3.7e-11,1,0.000181,3.4617394911613e-23,1.0128966019331,4.6130548277073e-07
2213,0,0,2213,2.0025673972259e-17,3.7029651896559e-11,1.010684679237e-16,4.1244082617679e-20,0,3.7e-11,1,0.000181,3.3273605734339e-23,0.99781115713081,4.2530188407657e-07
2214,0,0,2214,1.9985078941923e-17,3.669380374601e-11,6.07885152495e-17,4.0595030336084e-20,0,3.7e-11,1,0.000181,3.1980935905339e-23,0.98874024176285,4.0477973810799e-07
2215,0,0,2215,1.9945275668494e-17,3.7102815800055e-11,-7.4031181782156e-17,3.9803273429419e-20,0,3.7e-11,1,0.000181,3.0737482230988e-23,0.99980056505023,4.2991421777793e-07
2216,0,0,2216,1.9906410840482e-17,3.7094641054557e-11,1.4796289350459e-18,3.8864828012377e-20,0,3.7e-11,1,0.000181,2.9541410758673e-23,0.99958542930184,4.2941347942922e-07
2217,0,0,2217,1.9868634192884e-17,3.7029251905681e-11,1.1835435946614e-17,3.77766475978e-20,0,3.7e-11,1,0.000181,2.8390954319493e-23,0.99782379583924,4.2533105834301e-07
2218,0,0,2218,1.9832097458277e-17,3.7640819270726e-11,-1.1069369307316e-16,3.6536734606342e-20,0,3.7e-11,1,0.000181,2.7284410155865e-23,1.01435809923,4.6492158911296e-07
2219,0,0,2219,1.9796953158702e-17,3.7348922305292e-11,5.2833350743529e-17,3.5144299575812e-20,0,3.7e-11,1,0.000181,2.6220137631152e-23,1.0064742398237,4.45685648338e-07
2220,0,0,2220,1.9763353151735e-17,3.6461069192184e-11,1.6070141347265e-16,3.3600006966446e-20,0,3.7e-11,1,0.000181,2.5196556018595e-23,0.98248322691257,3.9110012913955e-07
2221,0,0,2221,1.9731447104352e-17,3.6395314065427e-11,1.190167794299e-17,3.1906047383214e-20,0,3.7e-11,1,0.000181,2.4212142366858e-23,0.98071082555441,3.8729445619647e-07
2222,0,0,2222,1.9701380883474e-17,3.6348110619525e-11,8.5438237082972e-18,3.00662208784e-20,0,3.7e-11,1,0.000181,2.3265429439619e-23,0.97943954625212,3.845834243947e-07
2223,0,0,2223,1.9673294764036e-17,3.7426954078941e-11,-1.9527066615444e-16,2.8086119437354e-20,0,3.7e-11,1,0.000181,2.2355003726709e-23,1.0086016714237,4.5081124664619e-07
2224,0,0,2224,1.9647321562374e-17,3.6199829747737e-11,2.2210950394803e-16,2.5973201661849e-20,0,3.7e-11,1,0.000181,2.1479503524384e-23,0.97544002729252,3.7615508256927e-07
2225,0,0,2225,1.9623584605593e-17,3.6421829356682e-11,-4.0181929219073e-17,2.3736956781691e-20,0,3.7e-11,1,0.000181,2.0637617082399e-23,0.98144356113989,3.8886409648696e-07
2226,0,0,2226,1.9602195903187e-17,3.6208774185187e-11,3.8562986040525e-17,2.1388702406103e-20,0,3.7e-11,1,0.000181,1.9828080815627e-23,0.97568850703535,3.7667428623436e-07
2227,0,0,2227,1.9583254187663e-17,3.6840365482534e-11,-1.1431802481981e-16,1.8941715524007e-20,0,3.7e-11,1,0.000181,1.904967757803e-23,0.99276137048694,4.1377514088903e-07
2228,0,0,2228,1.9566843072305e-17,3.7759521876578e-11,-1.6636730732186e-16,1.6411115357508e-20,0,3.7e-11,1,0.000181,1.8301234996881e-23,1.0176058857083,4.7304021057646e-07
2229,0,0,2229,1.9553029242115e-17,3.740036583304e-11,6.5007243880259e-17,1.3813830190083e-20,0,3.7e-11,1,0.000181,1.7581623865183e-23,1.007901028302,4.4911791494336e-07
2230,0,0,2230,1.9541860741571e-17,3.6790840405304e-11,1.1032410242024e-16,1.1168500543648e-20,0,3.7e-11,1,0.000181,1.6889756590321e-23,0.99142903577998,4.1077679097389e-07
2231,0,0,2231,1.9533365546377e-17,3.6647613718676e-11,2.5924030279657e-17,8.4951951945272e-21,0,3.7e-11,1,0.000181,1.6224585697025e-23,0.98755931275706,4.0216847057503e-07
2232,0,0,2232,1.9527550348055e-17,3.6305994535691e-11,6.183307212042e-17,5.8151983222393e-21,0,3.7e-11,1,0.000181,1.5585102382795e-23,0.97832723019441,3.8222409571686e-07
2233,0,0,2233,1.9524399528631e-17,3.608318196237e-11,4.0329075771049e-17,3.1508194237431e-21,0,3.7e-11,1,0.000181,1.4970335124017e-23,0.97230573923553,3.6965586718787e-07
2234,0,0,2234,1.9523874452951e-17,3.6980679254826e-11,-1.6244700993449e-16,5.25075679563e-22,0,3.7e-11,1,0.000181,1.437934833102e-23,0.99656250122002,4.2242761059232e-07
2235,0,0,2235,1.952591307773e-17,3.7241752197409e-11,-4.7254202607504e-17,-2.0386247791624e-21,0,3.7e-11,1,0.000181,1.3811241050417e-23,1.0036182222866,4.3887948250726e-07
2236,0,0,2236,1.9530429786835e-17,3.7090333434031e-11,2.7406796171301e-17,-4.5167091046936e-21,0,3.7e-11,1,0.000181,1.3265145713114e-23,0.9995251488387,4.2927325920104e-07
2237,0,0,2237,1.9537315640917e-17,3.7716906416636e-11,-1.1340970985143e-16,-6.8858540820012e-21,0,3.7e-11,1,0.000181,1.2740226926414e-23,1.0164585255742,4.7015901102937e-07
2238,0,0,2238,1.9546439009166e-17,3.7155481192978e-11,1.0161796548208e-16,-9.1233682493029e-21,0,3.7e-11,1,0.000181,1.2235680308721e-23,1.001283508574,4.333788042797e-07
2239,0,0,2239,1.955764645162e-17,3.6567034057842e-11,1.065089314596e-16,-1.1207442453519e-20,0,3.7e-11,1,0.000181,1.1750731365365e-23,0.98537785844673,3.9738096461287e-07
2240,0,0,2240,1.9570764060041e-17,3.6967576410997e-11,-7.2498165921138e-17,-1.31176084209e-20,0,3.7e-11,1,0.000181,1.128463440416e-23,0.99620136872189,4.2159928127018e-07
2241,0,0,2241,1.9585599133413e-17,3.6507386915189e-11,8.3294298741256e-17,-1.4835073371667e-20,0,3.7e-11,1,0.000181,1.0836671489304e-23,0.9837615995992,3.938639129843e-07
2242,0,0,2242,1.9601942076876e-17,3.671379893875e-11,-3.7360576264521e-17,-1.634294346377e-20,0,3.7e-11,1,0.000181,1.0406151432324e-23,0.9893378626007,4.061064541538e-07
2243,0,0,2243,1.9619568709087e-17,3.7585583828173e-11,-1.5779306498558e-16,-1.7626632211223e-20,0,3.7e-11,1,0.000181,9.9924088187754e-24,1.0128969843498,4.6130642595553e-07
2244,0,0,2244,1.9638242775332e-17,3.6420731295357e-11,2.1083830843967e-16,-1.8674066244944e-20,0,3.7e-11,1,0.000181,9.5948030694741e-24,0.98141169504022,3.8879572634995e-07
2245,0,0,2245,1.9657718623233e-17,3.6680867502363e-11,-4.7084653467955e-17,-1.9475847900636e-20,0,3.7e-11,1,0.000181,9.21271753506e-24,0.98843949519254,4.0411341978846e-07
2246,0,0,2246,1.9677744272347e-17,3.6279612944896e-11,7.2627074901443e-17,-2.002564911427e-20,0,3.7e-11,1,0.000181,8.8455586227488e-24,0.9775917871814,3.8067064188492e-07
2247,0,0,2247,1.9698064497822e-17,3.7625220061871e-11,-2.4355488817252e-16,-2.0320225475061e-20,0,3.7e-11,1,0.000181,8.4927549541538e-24,1.0139565128716,4.6392567031446e-07
2248,0,0,2248,1.9718424089802e-17,3.6707724492049e-11,1.660666981379e-16,-2.0359591979666e-20,0,3.7e-11,1,0.000181,8.1537565531044e-24,0.98915629520248,4.057030008064e-07
2249,0,0,2249,1.9738570992337e-17,3.6453172542418e-11,4.6073902883218e-17,-2.0146902534869e-20,0,3.7e-11,1,0.000181,7.8280340624209e-24,0.98227350443262,3.9064823231826e-07
2250,0,0,2250,1.9758259666021e-17,3.7338581897624e-11,-1.6025909329227e-16,-1.9688673683872e-20,0,3.7e-11,1,0.000181,7.5150779886413e-24,1.0062005470814,4.4502970746577e-07
2251,0,0,2251,1.9777254317294e-17,3.6531779280302e-11,1.4603127373531e-16,-1.8994651272886e-20,0,3.7e-11,1,0.000181,7.2143979737293e-24,0.98439223464496,3.9523317081354e-07
2252,0,0,2252,1.9795331897686e-17,3.7271380470089e-11,-1.3386781535153e-16,-1.8077580391871e-20,0,3.7e-11,1,0.000181,6.9255220928263e-24,1.0043787566356,4.4068357302438e-07
2253,0,0,2253,1.9812285112052e-17,3.6338788432885e-11,1.6879915873385e-16,-1.6953214366162e-20,0,3.7e-11,1,0.000181,6.6479961771391e-24,0.97917103497688,3.8401280207372e-07
2254,0,0,2254,1.9827925061138e-17,3.7809049820118e-11,-2.6611731108911e-16,-1.5639949086696e-20,0,3.7e-11,1,0.000181,6.3813831610899e-24,1.01890549386,4.7632110004004e-07
2255,0,0,2255,1.9842083801777e-17,3.7572004867152e-11,4.290513648678e-17,-1.4158740638103e-20,0,3.7e-11,1,0.000181,6.1252624528807e-24,1.012496759318,4.6032017876088e-07
2256,0,0,2256,1.9854616363337e-17,3.6472408043764e-11,1.9902702503324e-16,-1.2532561560723e-20,0,3.7e-11,1,0.000181,5.8792293276557e-24,0.98277605488398,3.9173180939468e-07
2257,0,0,2257,1.9865402606219e-17,3.7533783863994e-11,-1.9210902346161e-16,-1.0786242882089e-20,0,3.7e-11,1,0.000181,5.6428943424714e-24,1.011460277255,4.5777403552984e-07
2258,0,0,2258,1.9874348809706e-17,3.644615876466e-11,1.9686014297951e-16,-8.9462034869069e-21,0,3.7e-11,1,0.000181,5.4158827723113e-24,0.98206366844762,3.9019651708719e-07
2259,0,0,2259,1.9881388672117e-17,3.7477409778532e-11,-1.866564335108e-16,-7.0398624111786e-21,0,3.7e-11,1,0.000181,5.197834066409e-24,1.0099342662748,4.5404626095625e-07
2260,0,0,2260,1.9886484180181e-17,3.7528840424875e-11,-9.3089469880798e-18,-5.0955080637099e-21,0,3.7e-11,1,0.000181,4.9884013241668e-24,1.0113235228792,4.5743895431926e-07
2261,0,0,2261,1.9889625907803e-17,3.7766139319149e-11,-4.2951099863717e-17,-3.1417276222522e-21,0,3.7e-11,1,0.000181,4.7872507899825e-24,1.0177365373836,4.7336920814593e-07
2262,0,0,2262,1.9890833051176e-17,3.7719056410537e-11,8.5220064589157e-18,-1.2071433731038e-21,0,3.7e-11,1,0.000181,4.59406136632e-24,1.0164638460887,4.701723385667e-07
2263,0,0,2263,1.9890153095924e-17,3.7616903265921e-11,1.8489719175441e-17,6.7995525221111e-22,0,3.7e-11,1,0.000181,4.4085241443826e-24,1.0137030518196,4.6329799248494e-07
2264,0,0,2264,1.9887661161731e-17,3.7235075404788e-11,6.9110842865115e-17,2.4919341931438e-21,0,3.7e-11,1,0.000181,4.2303419517681e-24,1.0033837519942,4.3832450329e-07
2265,0,0,2265,1.9883459021869e-17,3.6198697349086e-11,1.8758442808197e-16,4.2021398621551e-21,0,3.7e-11,1,0.000181,4.0592289165086e-24,0.9753741617385,3.760175529874e-07
2266,0,0,2266,1.9877673860752e-17,3.7117772927151e-11,-1.6635267962977e-16,5.7851611166154e-21,0,3.7e-11,1,0.000181,3.8949100469159e-24,1.0002149060704,4.3087995700788e-07
2267,0,0,2267,1.9870456845893e-17,3.6875688063033e-11,4.3817360405455e-17,7.2170148590306e-21,0,3.7e-11,1,0.000181,3.7371208266753e-24,0.99367314955398,4.1583731779688e-07
2268,0,0,2268,1.9861981273822e-17,3.6326252901171e-11,9.944776429688e-17,8.4755720709948e-21,0,3.7e-11,1,0.000181,3.5856068246472e-24,0.97882481616219,3.8327805993159e-07
2269,0,0,2269,1.9852440642674e-17,3.6959363614218e-11,-1.145930390615e-16,9.5406311479985e-21,0,3.7e-11,1,0.000181,3.4401233188586e-24,0.9959373411275,4.209945198387e-07
2270,0,0,2270,1.9842046588259e-17,3.710803279317e-11,-2.6909121390273e-17,1.039405441566e-20,0,3.7e-11,1,0.000181,3.3004349341783e-24,0.99995697909147,4.3027857746717e-07
2271,0,0,2271,1.9831026554344e-17,3.7625914265704e-11,-9.3736546528533e-17,1.102003391493e-20,0,3.7e-11,1,0.000181,3.1663152931942e-24,1.0139554211644,4.6392296529522e-07
2272,0,0,2272,1.9819621400173e-17,3.7591070030156e-11,6.3068066341868e-18,1.1405154170263e-20,0,3.7e-11,1,0.000181,3.0375466798213e-24,1.0130153880929,4.6159853021767e-07
2273,0,0,2273,1.9808082858713e-17,3.6707221403442e-11,1.5997660143511e-16,1.1538541460277e-20,0,3.7e-11,1,0.000181,2.9139197151893e-24,0.98912931031273,4.0564306671217e-07
2274,0,0,2274,1.9796670946809e-17,3.648478974974e-11,4.0260129320111e-17,1.1411911903934e-20,0,3.7e-11,1,0.000181,2.7952330453733e-24,0.98311934802988,3.9247341069656e-07
2275,0,0,2275,1.978565139778e-17,3.7225853893609e-11,-1.341326100403e-16,1.1019549029132e-20,0,3.7e-11,1,0.000181,2.6812930405442e-24,1.0031497541206,4.3777121287085e-07
2276,0,0,2276,1.9775292993353e-17,3.71566500646e-11,1.252589305062e-17,1.0358404426815e-20,0,3.7e-11,1,0.000181,2.5719135051344e-24,1.0012809270866,4.3337275345902e-07
2277,0,0,2277,1.9765864795356e-17,3.7455287494681e-11,-5.40533748446e-17,9.4281979970656e-21,0,3.7e-11,1,0.000181,2.4669153986229e-24,1.0093536168048,4.5263435444637e-07
2278,0,0,2278,1.9757633466611e-17,3.7275756787935e-11,3.2495057920978e-17,8.2313287453654e-21,0,3.7e-11,1,0.000181,2.3661265665629e-24,1.0045026646483,4.4097807158463e-07
2279,0,0,2279,1.9750860550084e-17,3.6475849973735e-11,1.4478313337025e-16,6.7729165268419e-21,0,3.7e-11,1,0.000181,2.2693814814839e-24,0.9828845728977,3.9196611254837e-07
2280,0,0,2280,1.9745799810222e-17,3.6975695380653e-11,-9.0472018652299e-17,5.0607398616155e-21,0,3.7e-11,1,0.000181,2.1765209933166e-24,0.9963946638925,4.2204247736635e-07
2281,0,0,2281,1.9742694680979e-17,3.6972787749146e-11,5.2628130287417e-19,3.1051292439311e-21,0,3.7e-11,1,0.000181,2.0873920889975e-24,0.99631654291689,4.2186331226917e-07
2282,0,0,2282,1.9741775641739e-17,3.656335485138e-11,7.4107354495688e-17,9.1903923915216e-22,0,3.7e-11,1,0.000181,2.0018476609257e-24,0.98525092615469,3.9710383111211e-07
2283,0,0,2283,1.9743257729049e-17,3.6823362480137e-11,-4.7061380805126e-17,-1.4820873093877e-21,0,3.7e-11,1,0.000181,1.9197462839534e-24,0.9922779380582,4.1268514573037e-07
2284,0,0,2284,1.9747338182158e-17,3.6174904317273e-11,1.1737092747836e-16,-4.0804531097189e-21,0,3.7e-11,1,0.000181,1.8409520006029e-24,0.97475143246891,3.7471929749981e-07
2285,0,0,2285,1.9754194128766e-17,3.6439273720159e-11,-4.7850861922358e-17,-6.8559466078411e-21,0,3.7e-11,1,0.000181,1.7653341142155e-24,0.98189552773183,3.898348669516e-07
2286,0,0,2286,1.9763980507965e-17,3.6813231171776e-11,-6.7686298742557e-17,-9.7863791991775e-21,0,3.7e-11,1,0.000181,1.6927669897454e-24,0.9920010245757,4.1206184420882e-07
2287,0,0,2287,1.9776828064238e-17,3.6279459853877e-11,9.6612608539718e-17,-1.2847556273002e-20,0,3.7e-11,1,0.000181,1.6231298619238e-24,0.97757285433589,3.8063071868748e-07
2288,0,0,2288,1.9792841511942e-17,3.6280230776762e-11,-1.3953704219101e-19,-1.6013447703036e-20,0,3.7e-11,1,0.000181,1.5563066505266e-24,0.97759129895206,3.8066961232555e-07
2289,0,0,2289,1.9812098005246e-17,3.6791914829761e-11,-9.2614813592907e-17,-1.925649330444e-20,0,3.7e-11,1,0.000181,1.4921857824908e-24,0.99141772229081,4.1075140662417e-07
2290,0,0,2290,1.9834645790026e-17,3.7165883607011e-11,-6.7688348682288e-17,-2.2547784779544e-20,0,3.7e-11,1,0.000181,1.4306600206289e-24,1.0015216196923,4.3393721589669e-07
2291,0,0,2291,1.9860503073813e-17,3.7800335315451e-11,-1.1483575922756e-16,-2.5857283787596e-20,0,3.7e-11,1,0.000181,1.3716262987064e-24,1.0186651021387,4.7571283148328e-07
2292,0,0,2292,1.9889657186101e-17,3.6838421043306e-11,1.7410648325829e-16,-2.9154112287602e-20,0,3.7e-11,1,0.000181,1.3149855626482e-24,0.99266306579845,4.1355330338571e-07
2293,0,0,2293,1.9922063988089e-17,3.6778705521834e-11,1.080850938644e-17,-3.2406801988349e-20,0,3.7e-11,1,0.000181,1.2606426176546e-24,0.99104429378286,4.0991425357294e-07
2294,0,0,2294,1.9957647727971e-17,3.6146492314571e-11,1.1443059051459e-16,-3.5583739881577e-20,0,3.7e-11,1,0.000181,1.2085059810103e-24,0.97395213695824,3.7305829798194e-07
2295,0,0,2295,1.9996301119198e-17,3.6827736433366e-11,-1.2330518550194e-16,-3.8653391227464e-20,0,3.7e-11,1,0.000181,1.1584877403808e-24,0.99235836842169,4.1286632954743e-07
2296,0,0,2296,2.0037885828946e-17,3.770389406991e-11,-1.585845322145e-16,-4.1584709747749e-20,0,3.7e-11,1,0.000181,1.1105034173962e-24,1.0160320950911,4.690918320563e-07
2297,0,0,2297,2.0082233187839e-17,3.6899973414385e-11,1.4550963865002e-16,-4.4347358892804e-20,0,3.7e-11,1,0.000181,1.0644718363295e-24,0.99429788783275,4.1725512444274e-07
2298,0,0,2298,2.0129145213278e-17,3.6714251413834e-11,3.3615682099751e-17,-4.6912025439051e-20,0,3.7e-11,1,0.000181,1.0203149976848e-24,0.98927136937296,4.0595866437812e-07
2299,0,0,2299,2.0178396135526e-17,3.7372386481568e-11,-1.1912244725981e-16,-4.925092224789e-20,0,3.7e-11,1,0.000181,9.7795795651518e-25,1.0070514494592,4.4707159206085e-07
2300,0,0,2300,2.0229734164933e-17,3.6413718851783e-11,1.7351884099116e-16,-5.133802940698e-20,0,3.7e-11,1,0.000181,9.3732870529778e-25,0.98113384769415,3.8820000767392e-07
2301,0,0,2301,2.0282883478214e-17,3.6725823276716e-11,-5.6490900912881e-17,-5.3149313281787e-20,0,3.7e-11,1,0.000181,8.9835806120038e-25,0.98956116613518,4.066030961344e-07
2302,0,0,2302,2.0337546682431e-17,3.7402156526256e-11,-1.2241631816686e-16,-5.4663204216957e-20,0,3.7e-11,1,0.000181,8.6097955757766e-25,1.0078322808078,4.489520440747e-07
2303,0,0,2303,2.0393407418551e-17,3.6677479609836e-11,1.3116652187208e-16,-5.5860736120005e-20,0,3.7e-11,1,0.000181,8.2512933954282e-25,0.98823807704372,4.0366766854996e-07
2304,0,0,2304,2.0450133181614e-17,3.7741141579095e-11,-1.9252281643597e-16,-5.6725763062718e-20,0,3.7e-11,1,0.000181,7.9074606346514e-25,1.01697722751,4.7145977474925e-07
2305,0,0,2305,2.0507378515952e-17,3.7711695917527e-11,5.3296647439223e-18,-5.7245334338105e-20,0,3.7e-11,1,0.000181,7.5777080024923e-25,1.0161728509118,4.6944386701306e-07
2306,0,0,2306,2.0564788200917e-17,3.7824410431343e-11,-2.0401327000659e-17,-5.7409684964878e-20,0,3.7e-11,1,0.000181,7.2614694225723e-25,1.0192106166749,4.7709407225241e-07
2307,0,0,2307,2.0622000672495e-17,3.6456907546094e-11,2.4751802223005e-16,-5.721247157749e-20,0,3.7e-11,1,0.000181,6.9582011373985e-25,0.9822425362357,3.9058154008205e-07
2308,0,0,2308,2.0678651522124e-17,3.7441944618691e-11,-1.7829171014016e-16,-5.6650849629428e-20,0,3.7e-11,1,0.000181,6.6673808464728e-25,1.0088567006811,4.5142889837277e-07
2309,0,0,2309,2.0734377186365e-17,3.631763440749e-11,2.035001482274e-16,-5.5725664240641e-20,0,3.7e-11,1,0.000181,6.3885068769532e-25,0.97846161722702,3.8250851507063e-07
2310,0,0,2310,2.078881839695e-17,3.6580826382229e-11,-4.763774742776e-17,-5.4441210585635e-20,0,3.7e-11,1,0.000181,6.121097385667e-25,0.98556678464783,3.9779374251503e-07
2311,0,0,2311,2.0841623838603e-17,3.7648759073227e-11,-1.9329581707061e-16,-5.2805441652951e-20,0,3.7e-11,1,0.000181,5.8646895913198e-25,1.0144219454107,4.6508008567247e-07
2312,0,0,2312,2.0892453589986e-17,3.7003917325499e-11,1.1671635633878e-16,-5.0829751382641e-20,0,3.7e-11,1,0.000181,5.6188390357828e-25,0.99698620013817,4.2340113964706e-07
2313,0,0,2313,2.09409823406e-17,3.693239446704e-11,1.2945637381075e-17,-4.8528750613726e-20,0,3.7e-11,1,0.000181,5.3831188733842e-25,0.99504590356781,4.1895788422821e-07
2314,0,0,2314,2.0986902609342e-17,3.6727476163057e-11,3.7090213020885e-17,-4.5920268742434e-20,0,3.7e-11,1,0.000181,5.1571191871681e-25,0.98950071418606,4.0646859810323e-07
2315,0,0,2315,2.1029927675342e-17,3.777135037678e-11,-1.8894123268377e-16,-4.3025066000227e-20,0,3.7e-11,1,0.000181,4.9404463311198e-25,1.0177071062449,4.7329508051302e-07
2316,0,0,2316,2.1069794258049e-17,3.6973438307226e-11,1.4442208458915e-16,-3.9866582706385e-20,0,3.7e-11,1,0.000181,4.7327222973968e-25,0.99613596227414,4.2144940030058e-07
2317,0,0,2317,2.1106264775893e-17,3.7340346734098e-11,-6.6410425263799e-17,-3.6470517844626e-20,0,3.7e-11,1,0.000181,4.5335841076355e-25,1.0060469604444,4.4466196169466e-07
2318,0,0,2318,2.1139129470652e-17,3.6839845692189e-11,9.0590688585649e-17,-3.2864694759156e-20,0,3.7e-11,1,0.000181,4.3426832274382e-25,0.99251499788196,4.1321935162816e-07
2319,0,0,2319,2.1168208049402e-17,3.7113220981473e-11,-4.9480927360409e-17,-2.9078578749237e-20,0,3.7e-11,1,0.000181,4.1596850031803e-25,0.99989917718339,4.3014390112436e-07
2320,0,0,2320,2.1193351039472e-17,3.6261059815003e-11,1.542411711309e-16,-2.5142990070504e-20,0,3.7e-11,1,0.000181,3.9842681203049e-25,0.9768640399397,3.7913851470337e-07
2321,0,0,2321,2.1214440689e-17,3.6878145282741e-11,-1.1169246966053e-16,-2.1089649528152e-20,0,3.7e-11,1,0.000181,3.8161240823031e-25,0.99353887643529,4.155331063333e-07
2322,0,0,2322,2.1231391619185e-17,3.7430145885883e-11,-9.991210916873e-17,-1.695093018462e-20,0,3.7e-11,1,0.000181,3.6549567096114e-25,1.0084552805324,4.5045701602165e-07
2323,0,0,2323,2.1244150955072e-17,3.7547171051251e-11,-2.1181554931602e-17,-1.2759335887326e-20,0,3.7e-11,1,0.000181,3.5004816576784e-25,1.0116162176081,4.581563711984e-07
2324,0,0,2324,2.1252698101908e-17,3.7860411516095e-11,-5.6696524136769e-17,-8.5471468357013e-21,0,3.7e-11,1,0.000181,3.3524259534874e-25,1.0200808998524,4.7930439429487e-07
2325,0,0,2325,2.1257044213122e-17,3.7978284612333e-11,-2.1335030419006e-17,-4.3461112145517e-21,0,3.7e-11,1,0.000181,3.2105275498431e-25,1.0232660102463,4.8746517193799e-07
2326,0,0,2326,2.1257231275048e-17,3.7674006567666e-11,5.5074326084712e-17,-1.8706192552212e-22,0,3.7e-11,1,0.000181,3.0745348967559e-25,1.0150422513771,4.6662227442438e-07
2327,0,0,2327,2.1253330868527e-17,3.7147334047361e-11,9.5327726175149e-17,3.9004065207448e-21,0,3.7e-11,1,0.000181,2.9442065292859e-25,1.0008084413475,4.3226644028683e-07
2328,0,0,2328,2.1245442662509e-17,3.7078687850946e-11,1.2424961551267e-17,7.8882060185483e-21,0,3.7e-11,1,0.000181,2.8193106712257e-25,0.9989543166132,4.2794727857167e-07
2329,0,0,2329,2.1233692658328e-17,3.7382274519864e-11,-5.4949187074262e-17,1.1750004180391e-20,0,3.7e-11,1,0.000181,2.6996248540287e-25,1.0071611162367,4.473353108455e-07
2330,0,0,2330,2.1218231157829e-17,3.765669306423e-11,-4.9669756530178e-17,1.546150049939e-20,0,3.7e-11,1,0.000181,2.5849355504102e-25,1.0145801423724,4.6547299553033e-07
2331,0,0,2331,2.1199230500922e-17,3.7562558589936e-11,1.7038339847107e-17,1.9000656906585e-20,0,3.7e-11,1,0.000181,2.4750378220675e-25,1.0120388045808,4.5919378193611e-07
2332,0,0,2332,2.1176882644404e-17,3.7722397051372e-11,-2.8930761519823e-17,2.2347856518634e-20,0,3.7e-11,1,0.000181,2.3697349809889e-25,1.0163620999931,4.6991752469236e-07
2333,0,0,2333,2.115139663572e-17,3.7190738291663e-11,9.6230235507207e-17,2.5486008683283e-20,0,3.7e-11,1,0.000181,2.2688382638379e-25,1.0019967499112,4.350532314583e-07
2334,0,0,2334,2.1122995947776e-17,3.7396040424545e-11,-3.7159686051549e-17,2.8400687943944e-20,0,3.7e-11,1,0.000181,2.1721665189199e-25,1.0075496970128,4.4827076310014e-07
2335,0,0,2335,2.1091915816483e-17,3.7267743893046e-11,2.3221672201305e-17,3.1080131293917e-20,0,3.7e-11,1,0.000181,2.0795459052559e-25,1.0040868640921,4.399904507543e-07
2336,0,0,2336,2.1058400467554e-17,3.7558842073595e-11,-5.2688770679337e-17,3.351534892881e-20,0,3.7e-11,1,0.000181,1.9908096033053e-25,1.011959387017,4.5899867338309e-07
2337,0,0,2337,2.1022700368541e-17,3.6623821182759e-11,1.6923878124122e-16,3.5700099012413e-20,0,3.7e-11,1,0.000181,1.9057975368969e-25,0.98669388288949,4.0026356849198e-07
2338,0,0,2338,2.0985069465337e-17,3.7656937061852e-11,-1.8699397411579e-16,3.7630903204224e-20,0,3.7e-11,1,0.000181,1.8243561059442e-25,1.0146215527445,4.6557589012343e-07
2339,0,0,2339,2.094576259795e-17,3.7066040420355e-11,1.0695229211094e-16,3.9306867387019e-20,0,3.7e-11,1,0.000181,1.7463379295344e-25,0.99865724256926,4.2725853053863e-07
2340,0,0,2340,2.0905032768387e-17,3.6364942744554e-11,1.2689867931998e-16,4.072982956292e-20,0,3.7e-11,1,0.000181,1.6716015989995e-25,0.97971473853904,3.8516896192465e-07
2341,0,0,2341,2.0863128672943e-17,3.6489970648286e-11,-2.2630050575487e-17,4.1904095444269e-20,0,3.7e-11,1,0.000181,1.6000114405884e-25,0.98310012821665,3.9243186074046e-07
2342,0,0,2342,2.0820292375633e-17,3.7334528852091e-11,-1.5286503488872e-16,4.2836297310054e-20,0,3.7e-11,1,0.000181,1.5314372873768e-25,1.005932421958,4.4438787360728e-07
2343,0,0,2343,2.0776757031884e-17,3.6493044774925e-11,1.5230861796718e-16,4.3535343748914e-20,0,3.7e-11,1,0.000181,1.4657542600608e-25,0.9831961097849,3.9263939228245e-07
2344,0,0,2344,2.0732744719161e-17,3.7540475918865e-11,-1.8958503705318e-16,4.4012312722611e-20,0,3.7e-11,1,0.000181,1.4028425562982e-25,1.0115116315657,4.5789991765447e-07
2345,0,0,2345,2.0688464636102e-17,3.7228968196214e-11,5.6382897799809e-17,4.4280083058961e-20,0,3.7e-11,1,0.000181,1.3425872482705e-25,1.0030991158547,4.3765155314371e-07
2346,0,0,2346,2.0644111280326e-17,3.6368500364074e-11,1.5574467761737e-16,4.4353355776693e-20,0,3.7e-11,1,0.000181,1.2848780881512e-25,0.97984985136883,3.8545671277513e-07
2347,0,0,2347,2.0599862969346e-17,3.6535306102015e-11,-3.0191838567408e-17,4.4248310979708e-20,0,3.7e-11,1,0.000181,1.2296093211796e-25,0.98436472174039,3.9517335293513e-07
2348,0,0,2348,2.0555880653513e-17,3.7282181885076e-11,-1.3518451673391e-16,4.3982315833079e-20,0,3.7e-11,1,0.000181,1.1766795060485e-25,1.0045571211804,4.4110755197967e-07
2349,0,0,2349,2.051230686218e-17,3.7060951518976e-11,4.0042696263977e-17,4.3573791332854e-20,0,3.7e-11,1,0.000181,1.125991342326e-25,0.99858442856092,4.2708985369265e-07
2350,0,0,2350,2.0469264850983e-17,3.6860716409604e-11,3.6242554796453e-17,4.3042011197095e-20,0,3.7e-11,1,0.000181,1.0774515046417e-25,0.99317909590671,4.1471887581553e-07
2351,0,0,2351,2.0426858115286e-17,3.7254073925335e-11,-7.1197710347449e-17,4.2406735697245e-20,0,3.7e-11,1,0.000181,1.0309704833785e-25,1.0038167123145,4.3934974594703e-07
2352,0,0,2352,2.0385170144418e-17,3.6178693796846e-11,1.946438032565e-16,4.1687970868003e-20,0,3.7e-11,1,0.000181,9.8646243161953e-26,0.97475860938999,3.7473423897787e-07
2353,0,0,2353,2.0344264372587e-17,3.6965654470952e-11,-1.4243988201306e-16,4.0905771830988e-20,0,3.7e-11,1,0.000181,9.4384501811092e-26,0.99603392487228,4.2121566508298e-07
2354,0,0,2354,2.030418455448e-17,3.6664655083053e-11,5.4480889209682e-17,4.0079818106703e-20,0,3.7e-11,1,0.000181,9.0303928600762e-26,0.98790479102256,4.0293096581969e-07
2355,0,0,2355,2.0264955211113e-17,3.6497108785638e-11,3.0325879832074e-17,3.9229343367436e-20,0,3.7e-11,1,0.000181,8.639695171811e-26,0.9833823704628,3.930423808191e-07
2356,0,0,2356,2.0226582459407e-17,3.7337968804635e-11,-1.5219566343841e-16,3.83727517058e-20,0,3.7e-11,1,0.000181,8.2656310187389e-26,1.0061140467641,4.4482256178494e-07
2357,0,0,2357,2.0189055078775e-17,3.632640191515e-11,1.830936069967e-16,3.7527380632074e-20,0,3.7e-11,1,0.000181,7.9075041349488e-26,0.97878000471307,3.8318304535532e-07
2358,0,0,2358,2.0152345694451e-17,3.6293187522992e-11,6.0118049806608e-18,3.6709384323486e-20,0,3.7e-11,1,0.000181,7.5646468835716e-26,0.97788779990549,3.8129528031733e-07
2359,0,0,2359,2.0116412379914e-17,3.7298521530571e-11,-1.8196545537172e-16,3.5933314537531e-20,0,3.7e-11,1,0.000181,7.2364191016725e-26,1.0050643548833,4.4231508288443e-07
2360,0,0,2360,2.0081200356132e-17,3.674481259561e-11,1.0022131722777e-16,3.5212023781354e-20,0,3.7e-11,1,0.000181,6.9222069908213e-26,0.99010450641322,4.0781358989893e-07
2361,0,0,2361,2.0046643763382e-17,3.7420320993713e-11,-1.222670200565e-16,3.455659275052e-20,0,3.7e-11,1,0.000181,6.6214220515719e-26,1.0083666501566,4.5024266222022e-07
2362,0,0,2362,2.0012667754151e-17,3.7777202394859e-11,-6.4595533607474e-17,3.3976009230546e-20,0,3.7e-11,1,0.000181,6.3335000601507e-26,1.0180171667486,4.7407649940136e-07
2363,0,0,2363,1.9979190569276e-17,3.7937577335836e-11,-2.9027864316923e-17,3.3477184874819e-20,0,3.7e-11,1,0.000181,6.0579000857171e-26,1.0223566234459,4.85123706407e-07
2364,0,0,2364,1.994612571071e-17,3.7480598878677e-11,8.2713100745775e-17,3.3064858566358e-20,0,3.7e-11,1,0.000181,5.7941035466211e-26,1.0100107915977,4.5423260734153e-07
2365,0,0,2365,1.9913384160482e-17,3.7248547014162e-11,4.2001387477278e-17,3.274155022836e-20,0,3.7e-11,1,0.000181,5.5416133041434e-26,1.0037440085714,4.3917744826326e-07
2366,0,0,2366,1.9880876631791e-17,3.6409181512079e-11,1.5192515587697e-16,3.2507528690849e-20,0,3.7e-11,1,0.000181,5.2999527922612e-26,0.98106330850449,3.8804888662202e-07
2367,0,0,2367,1.9848515739389e-17,3.6431576422836e-11,-4.0534788470168e-18,3.236089240155e-20,0,3.7e-11,1,0.000181,5.0686651820365e-26,0.98167340851038,3.8935753467663e-07
2368,0,0,2368,1.9816218153184e-17,3.6632199105012e-11,-3.6312705473774e-17,3.2297586205049e-20,0,3.7e-11,1,0.000181,4.8473125792794e-26,0.98710046585844,4.0115758196086e-07
2369,0,0,2369,1.9783906554974e-17,3.636278048291e-11,4.8764770600444e-17,3.2311598210393e-20,0,3.7e-11,1,0.000181,4.6354752541885e-26,0.97982370626426,3.8540101766896e-07
2370,0,0,2370,1.9751511442481e-17,3.7291784283801e-11,-1.6814968796135e-16,3.2395112493008e-20,0,3.7e-11,1,0.000181,4.432750901721e-26,1.0049367543565,4.4201106105185e-07
2371,0,0,2371,1.9718972812967e-17,3.7460430913138e-11,-3.0525039909901e-17,3.2538629514023e-20,0,3.7e-11,1,0.000181,4.2387539314913e-26,1.009499630053,4.5298906269527e-07
2372,0,0,2372,1.9686241514796e-17,3.7637251770891e-11,-3.2004575253377e-17,3.2731298171251e-20,0,3.7e-11,1,0.000181,4.0531147860453e-26,1.0142834596113,4.6473635395198e-07
2373,0,0,2373,1.9653280434985e-17,3.7693743688634e-11,-1.0225037111382e-17,3.2961079811066e-20,0,3.7e-11,1,0.000181,3.8754792863983e-26,1.0158151899668,4.6854976661117e-07
2374,0,0,2374,1.9620065414273e-17,3.7310525894032e-11,6.9362420822907e-17,3.3215020711227e-20,0,3.7e-11,1,0.000181,3.7055080037703e-26,1.0054629119614,4.432657856952e-07
2375,0,0,2375,1.9586585887245e-17,3.7661407566561e-11,-6.3509582727755e-17,3.3479527028666e-20,0,3.7e-11,1,0.000181,3.5428756564904e-26,1.0149511995909,4.6639564308621e-07
2376,0,0,2376,1.9552845267501e-17,3.6277732252129e-11,2.5044523191214e-16,3.3740619743899e-20,0,3.7e-11,1,0.000181,3.387270531084e-26,0.97755960764043,3.8060278775625e-07
2377,0,0,2377,1.9518860957488e-17,3.6060584895481e-11,3.9303671553394e-17,3.3984310012993e-20,0,3.7e-11,1,0.000181,3.2383939265921e-26,0.9716958347207,3.6840188510007e-07
2378,0,0,2378,1.9484664257716e-17,3.7087950815882e-11,-1.8595323159262e-16,3.4196699771264e-20,0,3.7e-11,1,0.000181,3.0959596212102e-26,0.99946758748947,4.2913939883347e-07
2379,0,0,2379,1.9450299908223e-17,3.7444640268027e-11,-6.4560790838174e-17,3.4364349493943e-20,0,3.7e-11,1,0.000181,2.9596933603688e-26,1.0091129742578,4.5205025855691e-07
2380,0,0,2380,1.9415825267628e-17,3.7481577010613e-11,-6.6855504081276e-18,3.4474640594894e-20,0,3.7e-11,1,0.000181,2.8293323654099e-26,1.0101164123717,4.5448990631858e-07
2381,0,0,2381,1.9381309327872e-17,3.7201199955525e-11,5.0748246970913e-17,3.4515939755256e-20,0,3.7e-11,1,0.000181,2.7046248620496e-26,1.0025438080666,4.363410931498e-07
2382,0,0,2382,1.9346831524881e-17,3.7493227729434e-11,-5.2857027077523e-17,3.447780299127e-20,0,3.7e-11,1,0.000181,2.5853296278453e-26,1.0104415988506,4.5528282768506e-07
2383,0,0,2383,1.9312480352539e-17,3.6484081043313e-11,1.8265555018787e-16,3.4351172341654e-20,0,3.7e-11,1,0.000181,2.4712155579169e-26,0.98317249342798,3.925883206494e-07
2384,0,0,2384,1.9278351729747e-17,3.6420144486556e-11,1.1572516773022e-17,3.4128622792087e-20,0,3.7e-11,1,0.000181,2.3620612482011e-26,0.98144957448663,3.8887699948978e-07
2385,0,0,2385,1.9244547351646e-17,3.6825620479965e-11,-7.3391154806924e-17,3.3804378101477e-20,0,3.7e-11,1,0.000181,2.2576545955456e-26,0.99241343280901,4.1299040935133e-07
2386,0,0,2386,1.9211172839639e-17,3.6565093183322e-11,4.7155440692265e-17,3.3374512006447e-20,0,3.7e-11,1,0.000181,2.157792413975e-26,0.98537713802325,3.9737939125479e-07
2387,0,0,2387,1.9178335768888e-17,3.6068952428564e-11,8.9801476611318e-17,3.2837070751401e-20,0,3.7e-11,1,0.000181,2.0622800664901e-26,0.971972831686,3.6897096859979e-07
2388,0,0,2388,1.9146143731236e-17,3.658523881296e-11,-9.3447835575763e-17,3.2192037651702e-20,0,3.7e-11,1,0.000181,1.9709311117821e-26,0.98593132468487,3.9859120070572e-07
2389,0,0,2389,1.9114702436061e-17,3.7827915739894e-11,-2.249245237751e-16,3.1441295175497e-20,0,3.7e-11,1,0.000181,1.8835669652708e-26,1.0195218824078,4.7788365994384e-07
2390,0,0,2390,1.9084113759647e-17,3.703415270218e-11,1.4367110982624e-16,3.0588676413822e-20,0,3.7e-11,1,0.000181,1.8000165738985e-26,0.99807339485367,4.2590754877257e-07
2391,0,0,2391,1.9054473800382e-17,3.6453830423859e-11,1.0503833237623e-16,2.9639959265353e-20,0,3.7e-11,1,0.000181,1.7201161041302e-26,0.98239343480932,3.9090659860985e-07
2392,0,0,2392,1.9025871245877e-17,3.7156439529293e-11,-1.2717224808367e-16,2.8602554504982e-20,0,3.7e-11,1,0.000181,1.6437086426371e-26,1.0013871410417,4.3362176822684e-07
2393,0,0,2393,1.8998385860388e-17,3.6757902830399e-11,7.2135142499848e-17,2.7485385488967e-20,0,3.7e-11,1,0.000181,1.5706439091568e-26,0.99061998304343,4.0896472151806e-07
2394,0,0,2394,1.8972087027415e-17,3.6163028143588e-11,1.0767231831282e-16,2.6298832972906e-20,0,3.7e-11,1,0.000181,1.5007779810442e-26,0.97454621576258,3.742922667136e-07
2395,0,0,2395,1.8947032629461e-17,3.6530420761829e-11,-6.6498063901604e-17,2.5054397954025e-20,0,3.7e-11,1,0.000181,1.4339730290484e-26,0.98447948712283,3.9542292183219e-07
2396,0,0,2396,1.8923268198226e-17,3.6847890946266e-11,-5.7462103383096e-17,2.3764431234395e-20,0,3.7e-11,1,0.000181,1.3700970638649e-26,0.9930633108968,4.1445711601773e-07
2397,0,0,2397,1.8900826243539e-17,3.7111098058403e-11,-4.7640487296841e-17,2.2441954687212e-20,0,3.7e-11,1,0.000181,1.3090236930345e-26,1.0001803676762,4.3079938797354e-07
2398,0,0,2398,1.8879725878926e-17,3.7062165361127e-11,8.8568182069246e-18,2.110036461323e-20,0,3.7e-11,1,0.000181,1.2506318877732e-26,0.99886101306333,4.2773086254993e-07
2399,0,0,2399,1.8859972734444e-17,3.6676440171322e-11,6.981625935471e-17,1.9753144481835e-20,0,3.7e-11,1,0.000181,1.194805759336e-26,0.98843895748468,4.0411222927256e-07
2400,0,0,2400,1.8841559178189e-17,3.7330199549411e-11,-1.1833044743406e-16,1.8413556255565e-20,0,3.7e-11,1,0.000181,1.1414343445337e-26,1.0061108793886,4.4481497823947e-07
2401,0,0,2401,1.8824464836854e-17,3.6387788353838e-11,1.7057642639879e-16,1.7094341334499e-20,0,3.7e-11,1,0.000181,1.0904114000326e-26,0.98064285907238,3.8714912300573e-07
2402,0,0,2402,1.8808657271186e-17,3.6320151138412e-11,1.2242335992019e-17,1.5807565667963e-20,0,3.7e-11,1,0.000181,1.0416352050876e-26,0.9788171866181,3.8326188150598e-07
2403,0,0,2403,1.8794093047534e-17,3.6272325485865e-11,8.656443111016e-18,1.4564223652496e-20,0,3.7e-11,1,0.000181,9.9500837236765e-27,0.97752677615261,3.8053356908896e-07
2404,0,0,2404,1.8780718960921e-17,3.7662295353683e-11,-2.5158454607513e-16,1.3374086612457e-20,0,3.7e-11,1,0.000181,9.5043766654877e-27,1.0150955263634,4.6675491951188e-07
2405,0,0,2405,1.8768473457945e-17,3.7068681361295e-11,1.0744413262225e-16,1.2245502976602e-20,0,3.7e-11,1,0.000181,9.0783383036225e-27,0.99905373345326,4.2817797250411e-07
2406,0,0,2406,1.875728808767e-17,3.7162436153619e-11,-1.6969617410525e-17,1.1185370274677e-20,0,3.7e-11,1,0.000181,8.6711141779693e-27,1.0015893169654,4.3409608473123e-07
2407,0,0,2407,1.8747089247616e-17,3.6678785438417e-11,8.7540779451408e-17,1.0198840054053e-20,0,3.7e-11,1,0.000181,8.2818863416752e-27,0.98851919891085,4.0428992000143e-07
2408,0,0,2408,1.8737799927943e-17,3.7280936459161e-11,-1.0898933475461e-16,9.2893196728714e-21,0,3.7e-11,1,0.000181,7.9098718277164e-27,1.0047949379095,4.4167336820919e-07
2409,0,0,2409,1.8729341531316e-17,3.6508421484468e-11,1.3982521041953e-16,8.4583966273533e-21,0,3.7e-11,1,0.000181,7.5543211786955e-27,0.98391741782251,3.9420187087738e-07
2410,0,0,2410,1.8721635585445e-17,3.6793135079465e-11,-5.153316069443e-17,7.705945870627e-21,0,3.7e-11,1,0.000181,7.2145170373067e-27,0.99161353050584,4.1119092679714e-07
2411,0,0,2411,1.871460554505e-17,3.7172530100291e-11,-6.8670498769652e-17,7.0300403952351e-21,0,3.7e-11,1,0.000181,6.8897727950162e-27,1.0018684997174,4.3475175906504e-07
2412,0,0,2412,1.8708178410801e-17,3.7037379861454e-11,2.4462193229644e-17,6.4271342491972e-21,0,3.7e-11,1,0.000181,6.579431296598e-27,0.99821675026315,4.2623893985278e-07
2413,0,0,2413,1.8702286209576e-17,3.644626190213e-11,1.0699235063751e-16,5.8922012247707e-21,0,3.7e-11,1,0.000181,6.2828635982615e-27,0.98224146902733,3.9057924193765e-07
2414,0,0,2414,1.869686736924e-17,3.6873124162411e-11,-7.7262069110731e-17,5.4188403358747e-21,0,3.7e-11,1,0.000181,5.9994677771969e-27,0.99377909601718,4.1607748005214e-07
2415,0,0,2415,1.8691867940753e-17,3.6267333889779e-11,1.0964803934623e-16,4.9994284868121e-21,0,3.7e-11,1,0.000181,5.7286677904487e-27,0.97740713246369,3.8028141099709e-07
2416,0,0,2416,1.8687242522105e-17,3.7413093223665e-11,-2.0738243943323e-16,4.6254186481027e-21,0,3.7e-11,1,0.000181,5.4699123811143e-27,1.0083742916173,4.5026113992297e-07
2417,0,0,2417,1.8682955069411e-17,3.7261698190891e-11,2.7402500932074e-17,4.2874526939636e-21,0,3.7e-11,1,0.000181,5.2226740299414e-27,1.0042831741798,4.40456506853e-07
2418,0,0,2418,1.8678979303132e-17,3.6842639359219e-11,7.5849648532571e-17,3.9757662786394e-21,0,3.7e-11,1,0.000181,4.9864479504753e-27,0.99295785347402,4.1421882144437e-07
2419,0,0,2419,1.8675298983749e-17,3.6946111291608e-11,-1.8728419762416e-17,3.6803193835724e-21,0,3.7e-11,1,0.000181,4.7607511259832e-27,0.99575494173471,4.2057714297517e-07
2420,0,0,2420,1.8671907955797e-17,3.6801491626203e-11,2.6176159438287e-17,3.3910279515028e-21,0,3.7e-11,1,0.000181,4.5451213864492e-27,0.99184680847947,4.1171505379345e-07
2421,0,0,2421,1.866880988321e-17,3.6596399876477e-11,3.7121606700424e-17,3.098072587459e-21,0,3.7e-11,1,0.000181,4.3391165240071e-27,0.98630425082263,3.9940835241e-07
2422,0,0,2422,1.866601777805e-17,3.683228466714e-11,-4.2695147109955e-17,2.7921051596135e-21,0,3.7e-11,1,0.000181,4.1423134452377e-27,0.99267993235393,4.1359135810088e-07
2423,0,0,2423,1.8663553326399e-17,3.7410400923852e-11,-1.0463904246484e-16,2.4644516512784e-21,0,3.7e-11,1,0.000181,3.9543073588251e-27,1.0083050640422,4.5009376432141e-07
2424,0,0,2424,1.866144596751e-17,3.6337708350941e-11,1.9415735569679e-16,2.1073588885116e-21,0,3.7e-11,1,0.000181,3.7747109971252e-27,0.97931368755456,3.843158718367e-07
2425,0,0,2425,1.8659731758576e-17,3.6488115628383e-11,-2.7223717216895e-17,1.7142089347086e-21,0,3.7e-11,1,0.000181,3.603153870255e-27,0.98337900507372,3.9303509656448e-07
2426,0,0,2426,1.8658452252789e-17,3.72876976018e-11,-1.4472433718862e-16,1.279505787056e-21,0,3.7e-11,1,0.000181,3.4392815513724e-27,1.0049895197362,4.4213675951623e-07
2427,0,0,2427,1.8657653146561e-17,3.7012323564649e-11,4.9842700724409e-17,7.9910622719573e-22,0,3.7e-11,1,0.000181,3.2827549918646e-27,0.99754709751455,4.2469272129973e-07
2428,0,0,2428,1.8657382795925e-17,3.7652872084951e-11,-1.1593928217459e-16,2.7035063663061e-22,0,3.7e-11,1,0.000181,3.1332498652182e-27,1.0148592600538,4.661668931733e-07
2429,0,0,2429,1.8657690794579e-17,3.6871590578783e-11,1.4141195261632e-16,-3.0799865458603e-22,0,3.7e-11,1,0.000181,2.9904559383909e-27,0.99374349768033,4.15996772185e-07
2430,0,0,2430,1.8658626447775e-17,3.7582455543321e-11,-1.2866655858132e-16,-9.35653195751e-22,0,3.7e-11,1,0.000181,2.8540764695553e-27,1.0129559245772,4.614518137608e-07
2431,0,0,2431,1.8660237391226e-17,3.6364985760289e-11,2.2036203072868e-16,-1.6109434504021e-21,0,3.7e-11,1,0.000181,2.7238276311269e-27,0.98005109529956,3.858856284832e-07
2432,0,0,2432,1.8662568128208e-17,3.7326942127277e-11,-1.7411410242481e-16,-2.3307369826568e-21,0,3.7e-11,1,0.000181,2.5994379570366e-27,1.0060495680019,4.4466820312709e-07
2433,0,0,2433,1.8665658843935e-17,3.6899451267559e-11,7.7375845609021e-17,-3.0907157272207e-21,0,3.7e-11,1,0.000181,2.4806478132457e-27,0.99449529947503,4.1770395709549e-07
2434,0,0,2434,1.866954413701e-17,3.6696372000052e-11,3.6757347418776e-17,-3.8852930742416e-21,0,3.7e-11,1,0.000181,2.3672088905462e-27,0.98900609046922,4.0536948418854e-07
2435,0,0,2435,1.86742520328e-17,3.7057309954613e-11,-6.5329769775469e-17,-4.7078957899402e-21,0,3.7e-11,1,0.000181,2.2588837187244e-27,0.99876046733643,4.2749774832037e-07
2436,0,0,2436,1.8679803141513e-17,3.6180085471038e-11,1.5877763152701e-16,-5.5511087137998e-21,0,3.7e-11,1,0.000181,2.1554452012043e-27,0.97505086861525,3.753430999807e-07
2437,0,0,2437,1.8686209940168e-17,3.683848339477e-11,-1.1917002419556e-16,-6.4067986550575e-21,0,3.7e-11,1,0.000181,2.0566761693252e-27,0.99284445042754,4.1396269737863e-07
2438,0,0,2438,1.8693476374016e-17,3.65585812519e-11,5.0662287859477e-17,-7.2664338478718e-21,0,3.7e-11,1,0.000181,1.9623689554379e-27,0.98527844261907,3.9716389490974e-07
2439,0,0,2439,1.8701597512554e-17,3.6520294995067e-11,6.9298124868704e-18,-8.1211385379092e-21,0,3.7e-11,1,0.000181,1.8723249840411e-27,0.98424246626766,3.9490763737087e-07
2440,0,0,2440,1.8710559496326e-17,3.6424048036564e-11,1.7420699489053e-17,-8.9619837713784e-21,0,3.7e-11,1,0.000181,1.78635438021e-27,0.98163985891021,3.892854783213e-07
2441,0,0,2441,1.8720339656989e-17,3.6253141841578e-11,3.0934021292382e-17,-9.7801606631085e-21,0,3.7e-11,1,0.000181,1.7042755945965e-27,0.97701931217988,3.7946498686718e-07
2442,0,0,2442,1.8730906822556e-17,3.6235366226048e-11,3.2173864109449e-18,-1.056716556684e-20,0,3.7e-11,1,0.000181,1.6259150443162e-27,0.97653731224311,3.7845229181039e-07
2443,0,0,2443,1.8742221822867e-17,3.7763845936845e-11,-2.766548276542e-16,-1.1315000311763e-20,0,3.7e-11,1,0.000181,1.5511067690581e-27,1.0178458851345,4.7364470310958e-07
2444,0,0,2444,1.8754238141655e-17,3.6609158725541e-11,2.0899838524597e-16,-1.2016318787226e-20,0,3.7e-11,1,0.000181,1.4796921017855e-27,0.98663632838305,4.0013714633736e-07
2445,0,0,2445,1.8766902550101e-17,3.6569219353675e-11,7.2290263076914e-18,-1.2664408446726e-20,0,3.7e-11,1,0.000181,1.4115193534188e-27,0.98555499484323,3.9776797318185e-07
2446,0,0,2446,1.8780156101417e-17,3.6797014842134e-11,-4.1230983411062e-17,-1.3253551315365e-20,0,3.7e-11,1,0.000181,1.3464435109189e-27,0.99170965063833,4.1140682276654e-07
2447,0,0,2447,1.8793935095315e-17,3.6884669608859e-11,-1.5865512777177e-17,-1.3778993898008e-20,0,3.7e-11,1,0.000181,1.2843259482102e-27,0.99407664090013,4.1675256755811e-07
2448,0,0,2448,1.8808172076325e-17,3.7039662859123e-11,-2.8053778297748e-17,-1.4236981009859e-20,0,3.7e-11,1,0.000181,1.2250341494083e-27,0.99826352178959,4.2634710588351e-07
2449,0,0,2449,1.8822796903248e-17,3.7811699962158e-11,-1.3973871564945e-16,-1.462482692305e-20,0,3.7e-11,1,0.000181,1.1684414438375e-27,1.0191272056514,4.7688266434905e-07
2450,0,0,2450,1.8837737813469e-17,3.6578015031385e-11,2.2329697246995e-16,-1.4940910221474e-20,0,3.7e-11,1,0.000181,1.1144267523446e-27,0.98578213869901,3.9826468795636e-07
2451,0,0,2451,1.8852922393213e-17,3.6247735492032e-11,5.9780596622994e-17,-1.5184579744222e-20,0,3.7e-11,1,0.000181,1.0628743444376e-27,0.976853397292,3.7911614608418e-07
2452,0,0,2452,1.8868278689205e-17,3.632225920357e-11,-1.3488791788512e-17,-1.5356295991807e-20,0,3.7e-11,1,0.000181,1.0136736057932e-27,0.97886525864671,3.8336382739892e-07
2453,0,0,2453,1.8883736174728e-17,3.6688625710811e-11,-6.6312337810488e-17,-1.5457485522772e-20,0,3.7e-11,1,0.000181,9.6671881570038e-28,0.98876474801881,4.0483407232822e-07
2454,0,0,2454,1.889922661673e-17,3.6844456331605e-11,-2.8205342363778e-17,-1.5490442001927e-20,0,3.7e-11,1,0.000181,9.2190893402245e-28,0.9929740733767,4.142554651237e-07
2455,0,0,2455,1.8914684856242e-17,3.7350641436598e-11,-9.1619504003774e-17,-1.5458239511757e-20,0,3.7e-11,1,0.000181,8.7914739727694e-28,1.0066524436566,4.4611316096426e-07
2456,0,0,2456,1.8930049524298e-17,3.7457250113483e-11,-1.9296170516227e-17,-1.536466805641e-20,0,3.7e-11,1,0.000181,8.3834192345101e-28,1.0095314649867,4.5306642900694e-07
2457,0,0,2457,1.8945263609243e-17,3.6284891894758e-11,2.121968375893e-16,-1.5214084944813e-20,0,3.7e-11,1,0.000181,7.994043251844e-28,0.97784383594773,3.8120245589998e-07
2458,0,0,2458,1.8960274954881e-17,3.7464037630954e-11,-2.1342537825142e-16,-1.5011345638276e-20,0,3.7e-11,1,0.000181,7.6225033096744e-28,1.0097103981257,4.5350147873584e-07
2459,0,0,2459,1.897503678155e-17,3.72034512844e-11,4.7166128726177e-17,-1.4761826668919e-20,0,3.7e-11,1,0.000181,7.2679941401652e-28,1.0026653196498,4.3662757215576e-07
2460,0,0,2460,1.8989507884096e-17,3.7211266674672e-11,-1.4145856391597e-18,-1.4471102546118e-20,0,3.7e-11,1,0.000181,6.9297462850319e-28,1.0028743855803,4.3712083057394e-07
2461,0,0,2461,1.9003652891978e-17,3.7795529756889e-11,-1.0575161788127e-16,-1.4145007882426e-20,0,3.7e-11,1,0.000181,6.6070245282619e-28,1.0186631675534,4.7570793892891e-07
2462,0,0,2462,1.9017442409952e-17,3.6470986286607e-11,2.3974236812101e-16,-1.3789517973198e-20,0,3.7e-11,1,0.000181,6.2991263962923e-28,0.98286263632461,3.9191873969524e-07
2463,0,0,2463,1.903085299565e-17,3.6341718322874e-11,2.3397501435609e-17,-1.3410585698726e-20,0,3.7e-11,1,0.000181,6.0053807227892e-28,0.97936690509849,3.8442898407103e-07
2464,0,0,2464,1.9043867252957e-17,3.7730210294339e-11,-2.5131704683509e-16,-1.301425730695e-20,0,3.7e-11,1,0.000181,5.7251462752975e-28,1.0168917718415,4.7124527347363e-07
2465,0,0,2465,1.9056473736248e-17,3.695364394545e-11,1.4055850914887e-16,-1.260648329037e-20,0,3.7e-11,1,0.000181,5.4578104411378e-28,0.99590160973424,4.2091273060626e-07
2466,0,0,2466,1.9068666638994e-17,3.7380450372754e-11,-7.725196334202e-17,-1.2192902745988e-20,0,3.7e-11,1,0.000181,5.2027879700423e-28,1.0074350979288,4.4799471663926e-07
2467,0,0,2467,1.9080445612603e-17,3.6256837289941e-11,2.0337396798924e-16,-1.1778973609254e-20,0,3.7e-11,1,0.000181,4.9595197711197e-28,0.97706541792842,3.7956197197203e-07
2468,0,0,2468,1.9091815377891e-17,3.7499594398283e-11,-2.2493903661003e-16,-1.1369765288498e-20,0,3.7e-11,1,0.000181,4.7274717618439e-28,1.0106517501436,4.5579585169033e-07
2469,0,0,2469,1.910278540546e-17,3.7484957262324e-11,2.6493216085571e-18,-1.0970027568042e-20,0,3.7e-11,1,0.000181,4.5061337668558e-28,1.0102545138234,4.5482650956492e-07
2470,0,0,2470,1.9113369295727e-17,3.7401382400877e-11,1.5127049921918e-17,-1.0583890267135e-20,0,3.7e-11,1,0.000181,4.2950184644591e-28,1.0079941533915,4.4934268266218e-07
2471,0,0,2471,1.9123584193795e-17,3.6507799581759e-11,1.6173849026039e-16,-1.021489806834e-20,0,3.7e-11,1,0.000181,4.0936603787805e-28,0.98384174109372,3.9403770428167e-07
2472,0,0,2472,1.9133450122324e-17,3.6192005690889e-11,5.7158694247571e-17,-9.8659285292851e-21,0,3.7e-11,1,0.000181,3.90161491565e-28,0.97530529788391,3.7587380669207e-07
2473,0,0,2473,1.9142989313827e-17,3.6596028204656e-11,-7.3128074991957e-17,-9.5391915027987e-21,0,3.7e-11,1,0.000181,3.7184574403353e-28,0.98622340088532,3.9923107904693e-07
2474,0,0,2474,1.915222545356e-17,3.7317208244382e-11,-1.3053358719036e-16,-9.2361397330392e-21,0,3.7e-11,1,0.000181,3.543782395347e-28,1.0057133741645,4.4386408066025e-07
2475,0,0,2475,1.9161182835432e-17,3.679101502933e-11,9.5240971924518e-17,-8.957381871961e-21,0,3.7e-11,1,0.000181,3.3772024566016e-28,0.99149059839827,4.1091494292976e-07
2476,0,0,2476,1.9169885477345e-17,3.642460264024e-11,6.6320642425254e-17,-8.7026419128861e-21,0,3.7e-11,1,0.000181,3.2183477263045e-28,0.98158626137167,3.8917038644565e-07
2477,0,0,2477,1.9178356355765e-17,3.6586397539541e-11,-2.9284876773615e-17,-8.4708784195724e-21,0,3.7e-11,1,0.000181,3.0668649609813e-28,0.98595783161135,3.9864923735725e-07
2478,0,0,2478,1.9186616645221e-17,3.697965163006e-11,-7.117899038388e-17,-8.2602894560922e-21,0,3.7e-11,1,0.000181,2.9224168331539e-28,0.99658508711299,4.2247945989326e-07
2479,0,0,2479,1.9194684966755e-17,3.7783998220081e-11,-1.4558673279379e-16,-8.0683215344412e-21,0,3.7e-11,1,0.000181,2.7846812252191e-28,1.018322979374,4.7484824279458e-07
2480,0,0,2480,1.9202576695653e-17,3.7411252965909e-11,6.7466891005124e-17,-7.8917288974442e-21,0,3.7e-11,1,0.000181,2.6533505541502e-28,1.0082476049177,4.4995488052858e-07
2481,0,0,2481,1.9210303298061e-17,3.6328124793649e-11,1.9604619917901e-16,-7.7266024080189e-21,0,3.7e-11,1,0.000181,2.5281311256976e-28,0.97897271679147,3.8359179281495e-07
2482,0,0,2482,1.9217871852364e-17,3.6072986456468e-11,4.6180039029819e-17,-7.5685543035984e-21,0,3.7e-11,1,0.000181,2.4087425168234e-28,0.97207595591584,3.691830178156e-07
2483,0,0,2483,1.9225284733899e-17,3.6544937387671e-11,-8.5423118547719e-17,-7.4128815344131e-21,0,3.7e-11,1,0.000181,2.2949169851547e-28,0.98483027959303,3.9618655227802e-07
2484,0,0,2484,1.9232539334985e-17,3.6178992366508e-11,6.6236048830564e-17,-7.2546010864882e-21,0,3.7e-11,1,0.000181,2.186398904295e-28,0.97493879035432,3.7510951307684e-07
2485,0,0,2485,1.9239627855044e-17,3.6394535628684e-11,-3.9013330453911e-17,-7.0885200591897e-21,0,3.7e-11,1,0.000181,2.0829442238793e-28,0.98076322546465,3.8740653364568e-07
2486,0,0,2486,1.924653731814e-17,3.6697028097976e-11,-5.4751136941822e-17,-6.9094630961042e-21,0,3.7e-11,1,0.000181,1.9843199533084e-28,0.98893766588256,4.0521762744303e-07
2487,0,0,2487,1.9253249670672e-17,3.7190897687387e-11,-8.9390395683415e-17,-6.7123525317531e-21,0,3.7e-11,1,0.000181,1.8903036681399e-28,1.0022844903309,4.3573023112303e-07
2488,0,0,2488,1.9259741994545e-17,3.6542031239197e-11,1.1744482712244e-16,-6.4923238732372e-21,0,3.7e-11,1,0.000181,1.8006830381595e-28,0.98474658986114,3.9600426129366e-07
2489,0,0,2489,1.9265986825271e-17,3.7043562106615e-11,-9.0777087002794e-17,-6.2448307258545e-21,0,3.7e-11,1,0.000181,1.7152553761952e-28,0.99830054568794,4.2643274496042e-07
2490,0,0,2490,1.9271952693104e-17,3.6968150756099e-11,1.3649454443516e-17,-5.9658678326595e-21,0,3.7e-11,1,0.000181,1.6338272067791e-28,0.99626151025247,4.2173713586392e-07
2491,0,0,2491,1.9277604657972e-17,3.7409657659249e-11,-7.9912749470273e-17,-5.6519648679735e-21,0,3.7e-11,1,0.000181,1.5562138537976e-28,1.0081932853018,4.4982361733791e-07
2492,0,0,2492,1.9282905005226e-17,3.7766490906026e-11,-6.458681766658e-17,-5.3003472544391e-21,0,3.7e-11,1,0.000181,1.4822390463079e-28,1.0178366356556,4.7362139455357e-07
2493,0,0,2493,1.9287813975465e-17,3.7457918668543e-11,5.5851574984471e-17,-4.9089702387487e-21,0,3.7e-11,1,0.000181,1.4117345417341e-28,1.009496112443,4.5298051474369e-07
2494,0,0,2494,1.9292290551581e-17,3.6994446280464e-11,8.388850224229e-17,-4.4765761161227e-21,0,3.7e-11,1,0.000181,1.3445397656898e-28,0.99696916323912,4.2336195885641e-07
2495,0,0,2495,1.9296293350972e-17,3.7663837264137e-11,-1.2115976804476e-16,-4.0027993910149e-21,0,3.7e-11,1,0.000181,1.2805014677043e-28,1.0150602137461,4.6666699404201e-07
2496,0,0,2496,1.9299781540908e-17,3.6501975483713e-11,2.1029698225673e-16,-3.4881899356962e-21,0,3.7e-11,1,0.000181,1.2194733921636e-28,0.98365802314635,3.9363939426075e-07
2497,0,0,2497,1.9302715637606e-17,3.6709734603659e-11,-3.7604400710253e-17,-2.9340966981235e-21,0,3.7e-11,1,0.000181,1.1613159638037e-28,0.98927269637519,4.0596161338284e-07
2498,0,0,2498,1.930505847694e-17,3.7218430075491e-11,-9.2073880401639e-17,-2.3428393340439e-21,0,3.7e-11,1,0.000181,1.1058959871235e-28,1.0030208728068,4.3746671493445e-07
2499,0,0,2499,1.930677602337e-17,3.7496087731551e-11,-5.0256035746892e-17,-1.7175464303365e-21,0,3.7e-11,1,0.000181,1.0530863591116e-28,1.0105248773163,4.5548607178408e-07
2500,0,0,2500,1.9307838087588e-17,3.6345944901118e-11,2.0817585230842e-16,-1.0620642178683e-21,0,3.7e-11,1,0.000181,1.0027657947069e-28,0.9794397773652,3.8458391583847e-07
2501,0,0,2501,1.9306398454592e-17,3.7198460966886e-11,-1.5430540790399e-16,1.4396329966013e-21,0,3.7e-11,1,0.000181,9.5481856443768e-29,1.0024809670825,4.3619299767491e-07
2502,0,0,2502,1.9303005721505e-17,3.622572987359e-11,1.7606432788649e-16,3.3927330868264e-21,0,3.7e-11,1,0.000181,9.0913424370817e-29,0.97619144413892,3.7772697226408e-07
2503,0,0,2503,1.9298925258694e-17,3.605410801878e-11,3.1063555720738e-17,4.0804628107852e-21,0,3.7e-11,1,0.000181,8.6560747322335e-29,0.97155362492764,3.6810999669822e-07
2504,0,0,2504,1.9294164512936e-17,3.6962505928649e-11,-1.6442002168634e-16,4.7607457582476e-21,0,3.7e-11,1,0.000181,8.2413773006578e-29,0.99610563066635,4.2137990919646e-07
2505,0,0,2505,1.9288736323829e-17,3.7955774447183e-11,-1.7978160185457e-16,5.4281891065807e-21,0,3.7e-11,1,0.000181,7.8462910895842e-29,1.0229515363023,4.8665443267793e-07
2506,0,0,2506,1.928265864942e-17,3.7845359587716e-11,1.998508956335e-17,6.0776744092942e-21,0,3.7e-11,1,0.000181,7.4699011326741e-29,1.0199682584332,4.7901784114436e-07
2507,0,0,2507,1.9275954191725e-17,3.6457372931471e-11,2.5122558478047e-16,6.7044576944992e-21,0,3.7e-11,1,0.000181,7.111334553184e-29,0.9824561066753,3.9104166817358e-07
2508,0,0,2508,1.9268650037752e-17,3.7604652884908e-11,-2.0765767157201e-16,7.3041539731929e-21,0,3.7e-11,1,0.000181,6.7697586561794e-29,1.013464763645,4.6270852082957e-07
2509,0,0,2509,1.9260777344865e-17,3.7358703165641e-11,4.45168991873e-17,7.8726928871195e-21,0,3.7e-11,1,0.000181,6.4443791058939e-29,1.0068186494902,4.465121915706e-07
2510,0,0,2510,1.9252370714376e-17,3.654099760511e-11,1.4800470645615e-16,8.4066304892924e-21,0,3.7e-11,1,0.000181,6.134438184493e-29,0.98471975448865,3.9594582360538e-07
2511,0,0,2511,1.9243467672587e-17,3.670798750318e-11,-3.0225171550658e-17,8.9030417885353e-21,0,3.7e-11,1,0.000181,5.8392131286672e-29,0.98923432438449,4.0587634613578e-07
2512,0,0,2512,1.9234108201709e-17,3.7426895723367e-11,-1.3012238785385e-16,9.3594708782381e-21,0,3.7e-11,1,0.000181,5.5580145406311e-29,1.0086656738432,4.5096618839291e-07
2513,0,0,2513,1.9224334163834e-17,3.6403782201157e-11,1.8518354751998e-16,9.7740378754601e-21,0,3.7e-11,1,0.000181,5.2901848702528e-29,0.98101541649179,3.8794631154635e-07
2514,0,0,2514,1.9214188689531e-17,3.6283326344196e-11,2.1802510109761e-17,1.0145474302364e-20,0,3.7e-11,1,0.000181,5.0350969651826e-29,0.97776136771839,3.8102838420854e-07
2515,0,0,2515,1.9203715786498e-17,3.7586978016318e-11,-2.3596095265391e-16,1.0472903033409e-20,0,3.7e-11,1,0.000181,4.7921526859816e-29,1.0129967605147,4.6155256563801e-07
2516,0,0,2516,1.9192959906714e-17,3.6522944868746e-11,1.925899997105e-16,1.0755879783881e-20,0,3.7e-11,1,0.000181,4.5607815833833e-29,0.98424071395196,3.9490382986805e-07
2517,0,0,2517,1.9181965436756e-17,3.6465079902184e-11,1.0473558947695e-17,1.0994469958218e-20,0,3.7e-11,1,0.000181,4.3404396349468e-29,0.98267843763753,3.9152113985643e-07
2518,0,0,2518,1.9170776501746e-17,3.6295934848981e-11,3.0615254629657e-17,1.1188935009768e-20,0,3.7e-11,1,0.000181,4.1306080384744e-29,0.97810862045153,3.8176179417514e-07
2519,0,0,2519,1.9159436758152e-17,3.689779210679e-11,-1.0893616366338e-16,1.1339743593552e-20,0,3.7e-11,1,0.000181,3.9307920596863e-29,0.99437672608194,4.1743432291881e-07
2520,0,0,2520,1.914798931143e-17,3.7642584921049e-11,-1.3480749938088e-16,1.1447446722079e-20,0,3.7e-11,1,0.000181,3.7405199317498e-29,1.014507970942,4.6529371158706e-07
2521,0,0,2521,1.9136476685656e-17,3.720347205603e-11,7.9479428568399e-17,1.1512625773851e-20,0,3.7e-11,1,0.000181,3.5593418043676e-29,1.0026417747433,4.3657205006987e-07
2522,0,0,2522,1.9124940894393e-17,3.7805283980934e-11,-1.0892795840764e-16,1.1535791263366e-20,0,3.7e-11,1,0.000181,3.3868287402279e-29,1.018908684434,4.7632917748304e-07
2523,0,0,2523,1.9113423717465e-17,3.6497986500614e-11,2.3662084393791e-16,1.1517176927606e-20,0,3.7e-11,1,0.000181,3.222571756716e-29,0.98357803985271,3.9346608894172e-07
2524,0,0,2524,1.910196695415e-17,3.6725199490201e-11,-4.1125551115368e-17,1.1456763315158e-20,0,3.7e-11,1,0.000181,3.0661809108782e-29,0.98972064219385,4.069580845709e-07
2525,0,0,2525,1.9090612942037e-17,3.6422222070935e-11,5.4838912887206e-17,1.1354012113468e-20,0,3.7e-11,1,0.000181,2.9172844257164e-29,0.98153375868257,3.8905767247938e-07
2526,0,0,2526,1.9079404999723e-17,3.6125281530402e-11,5.3746237836505e-17,1.1207942313626e-20,0,3.7e-11,1,0.000181,2.7755278559765e-29,0.97351001224473,3.7214210957389e-07
2527,0,0,2527,1.9068387986281e-17,3.6608764959313e-11,-8.7510500633055e-17,1.101701344195e-20,0,3.7e-11,1,0.000181,2.6405732916726e-29,0.98657877701201,4.0001076362586e-07
2528,0,0,2528,1.9057608908042e-17,3.6267908301084e-11,6.1695055139598e-17,1.0779078238981e-20,0,3.7e-11,1,0.000181,2.5120985976674e-29,0.97736804443603,3.8019905956425e-07
2529,0,0,2529,1.9047117464064e-17,3.6854507525415e-11,-1.0617445960402e-16,1.0491443978133e-20,0,3.7e-11,1,0.000181,2.3897966877019e-29,0.99322364411468,4.1481962362956e-07
2530,0,0,2530,1.9036966673167e-17,3.7760452785502e-11,-1.6397609207572e-16,1.0150790897556e-20,0,3.7e-11,1,0.000181,2.2733748313381e-29,1.0177101668662,4.7330278879898e-07
2531,0,0,2531,1.9027213361398e-17,3.6565779829722e-11,2.1623580499603e-16,9.753311768804e-21,0,3.7e-11,1,0.000181,2.1625539923455e-29,0.98542316497213,3.9747992132481e-07
2532,0,0,2532,1.9017918532622e-17,3.6809802310986e-11,-4.4168069108742e-17,9.2948287758606e-21,0,3.7e-11,1,0.000181,2.0570681971285e-29,0.99201975507778,4.1210398027218e-07
2533,0,0,2533,1.9009147836204e-17,3.6883629785763e-11,-1.3362772934525e-17,8.7706964176502e-21,0,3.7e-11,1,0.000181,1.9566639318494e-29,0.99401640187947,4.1661582164023e-07
2534,0,0,2534,1.9000971772457e-17,3.7694600373575e-11,-1.4678567639409e-16,8.1760637467765e-21,0,3.7e-11,1,0.000181,1.8610995669656e-29,1.0159357467291,4.6885098573769e-07
2535,0,0,2535,1.899346577722e-17,3.6806804579998e-11,1.6069103863745e-16,7.5059952369683e-21,0,3.7e-11,1,0.000181,1.7701448079531e-29,0.99194238662123,4.1192995520995e-07
2536,0,0,2536,1.8986710089049e-17,3.7091786065537e-11,-5.1581648882652e-17,6.7556881714953e-21,0,3.7e-11,1,0.000181,1.6835801710425e-29,0.99964559769646,4.2955347620974e-07
2537,0,0,2537,1.8980789606451e-17,3.6632808055027e-11,8.3075019902318e-17,5.9204825983579e-21,0,3.7e-11,1,0.000181,1.6011964828467e-29,0.98724167065156,4.0146845023298e-07
2538,0,0,2538,1.8975793456692e-17,3.6885141538776e-11,-4.5672360558533e-17,4.9961497588935e-21,0,3.7e-11,1,0.000181,1.5227944028091e-29,0.9940622405647,4.1671987466997e-07
2539,0,0,2539,1.8971814472224e-17,3.7018752320049e-11,-2.4183551410433e-17,3.9789844681303e-21,0,3.7e-11,1,0.000181,1.4481839674451e-29,0.99767393690558,4.2498523999332e-07
2540,0,0,2540,1.8968948437846e-17,3.6238207557937e-11,1.4127860194232e-16,2.8660343777477e-21,0,3.7e-11,1,0.000181,1.3771841554005e-29,0.97657856048212,3.7853886917534e-07
2541,0,0,2541,1.8967293204506e-17,3.7722986544521e-11,-2.6874499657175e-16,1.6552333395593e-21,0,3.7e-11,1,0.000181,1.3096224723888e-29,1.0167079694421,4.7078418283793e-07
2542,0,0,2542,1.8966947763284e-17,3.7601252959634e-11,2.2033778864648e-17,3.4544122238383e-22,0,3.7e-11,1,0.000181,1.2453345551136e-29,1.0134179241348,4.6259272230393e-07
2543,0,0,2543,1.8968010978417e-17,3.7863233325122e-11,-4.7418446153292e-17,-1.0632151327876e-21,0,3.7e-11,1,0.000181,1.1841637933194e-29,1.0204983157934,4.8036749480891e-07
2544,0,0,2544,1.897058035448e-17,3.653657613442e-11,2.4012495151699e-16,-2.5693760632455e-21,0,3.7e-11,1,0.000181,1.1259609691573e-29,0.98464233238399,3.9577726580358e-07
2545,0,0,2545,1.897475065141e-17,3.6268745806869e-11,4.8477289286916e-17,-4.170296930315e-21,0,3.7e-11,1,0.000181,1.0705839130794e-29,0.97740305217139,3.8027281387648e-07
2546,0,0,2546,1.8980612577679e-17,3.7764614296537e-11,-2.7075219663003e-16,-5.861926268648e-21,0,3.7e-11,1,0.000181,1.017897175521e-29,1.0178310549642,4.7360733174277e-07
2547,0,0,2547,1.8988251351983e-17,3.7345517789047e-11,7.5856467855791e-17,-7.6387743038483e-21,0,3.7e-11,1,0.000181,9.6777171365331e-30,1.0065029817031,4.4575457776738e-07
2548,0,0,2548,1.8997745078375e-17,3.6429360357827e-11,1.6582449505066e-16,-9.4937263926604e-21,0,3.7e-11,1,0.000181,9.2008459252782e-30,0.98174055243966,3.8950177611466e-07
2549,0,0,2549,1.9009163314483e-17,3.6626816352145e-11,-3.5739534971515e-17,-1.1418236107268e-20,0,3.7e-11,1,0.000181,8.7471869995979e-30,0.98707549595696,4.0110263010338e-07
2550,0,0,2550,1.9022565705725e-17,3.6790701684467e-11,-2.9663245150331e-17,-1.3402391242764e-20,0,3.7e-11,1,0.000181,8.3156247452957e-30,0.99150282800998,4.1094239176898e-07
2551,0,0,2551,1.9038000552081e-17,3.616521206451e-11,1.1321362121221e-16,-1.5434846355676e-20,0,3.7e-11,1,0.000181,7.9050964610686e-30,0.97459539840589,3.7439457358964e-07
2552,0,0,2552,1.9055503478613e-17,3.7491868177389e-11,-2.4012475643114e-16,-1.7502926532098e-20,0,3.7e-11,1,0.000181,7.5145898833047e-30,1.0104483554769,4.552993147184e-07
2553,0,0,2553,1.9075096300028e-17,3.7286119170041e-11,3.7240570330126e-17,-1.9592821414878e-20,0,3.7e-11,1,0.000181,7.1431408250047e-30,1.0048846458828,4.4188695607515e-07
2554,0,0,2554,1.9096785805071e-17,3.6279904192903e-11,1.8212491086195e-16,-2.1689505043282e-20,0,3.7e-11,1,0.000181,6.7898309236495e-30,0.97768640781101,3.8087021711135e-07
2555,0,0,2555,1.912056282681e-17,3.71003630989e-11,-1.4850306198548e-16,-2.3777021738414e-20,0,3.7e-11,1,0.000181,6.4537854930597e-30,0.99985742243902,4.3004663547215e-07
2556,0,0,2556,1.9146401537579e-17,3.6198078730949e-11,1.6331347059918e-16,-2.583871076907e-20,0,3.7e-11,1,0.000181,6.1341714745166e-30,0.97546750018877,3.7621245905788e-07
2557,0,0,2557,1.917425872539e-17,3.6091028736943e-11,1.9376048915035e-17,-2.7857187811533e-20,0,3.7e-11,1,0.000181,5.8301954826295e-30,0.97257009745578,3.7020047569213e-07
2558,0,0,2558,1.9204073444334e-17,3.6585460284867e-11,-8.9492110174138e-17,-2.9814718943497e-20,0,3.7e-11,1,0.000181,5.5411019416297e-30,0.98592866031306,3.9858536747123e-07
2559,0,0,2559,1.9235766814529e-17,3.7062199329502e-11,-8.6289767079074e-17,-3.1693370195387e-20,0,3.7e-11,1,0.000181,5.2661713079717e-30,0.99880876688449,4.2760971739179e-07
2560,0,0,2560,1.9269241994721e-17,3.6854768405207e-11,3.7544997297495e-17,-3.3475180192043e-20,0,3.7e-11,1,0.000181,5.0047183753029e-30,0.99319752715361,4.1476055650526e-07
2561,0,0,2561,1.9304384397192e-17,3.6316428350847e-11,9.7439549839178e-17,-3.51424024705e-20,0,3.7e-11,1,0.000181,4.7560906580425e-30,0.97864254847037,3.8289171404099e-07
2562,0,0,2562,1.9341062211663e-17,3.6949946827715e-11,-1.1466684431309e-16,-3.6677814471135e-20,0,3.7e-11,1,0.000181,4.5196668499768e-30,0.99575919271386,4.205868664707e-07
2563,0,0,2563,1.9379127210353e-17,3.6824204677171e-11,2.2759329248357e-17,-3.8064998690204e-20,0,3.7e-11,1,0.000181,4.2948553544416e-30,0.99235507232457,4.1285890322332e-07
2564,0,0,2564,1.941841569577e-17,3.6790585267155e-11,6.0851132130074e-18,-3.9288485417095e-20,0,3.7e-11,1,0.000181,4.0810928828169e-30,0.99144057304155,4.1080267872443e-07
2565,0,0,2565,1.9458749780468e-17,3.6322868610444e-11,8.4656714864622e-17,-4.0334084697838e-20,0,3.7e-11,1,0.000181,3.8778431182041e-30,0.97879355961026,3.8321178403797e-07
2566,0,0,2566,1.9499938920148e-17,3.7771465968587e-11,-2.6219612182382e-16,-4.1189139679764e-20,0,3.7e-11,1,0.000181,3.6845954413001e-30,1.0179386891734,4.7387861974705e-07
2567,0,0,2567,1.9541781726558e-17,3.6656115825206e-11,2.0187837595185e-16,-4.1842806410404e-20,0,3.7e-11,1,0.000181,3.5008637156168e-30,0.98778784271104,4.0267272067787e-07
2568,0,0,2568,1.9584067804991e-17,3.6205370730145e-11,8.1584862206135e-17,-4.2286078432482e-20,0,3.7e-11,1,0.000181,3.3261851293195e-30,0.97559922866227,3.7648766997795e-07
2569,0,0,2569,1.9626580043526e-17,3.6557062643674e-11,-6.3656236348703e-17,-4.2512238535705e-20,0,3.7e-11,1,0.000181,3.1601190910875e-30,0.98509806756181,3.9677030143591e-07
2570,0,0,2570,1.9669097014769e-17,3.7163400918418e-11,-1.0974722772863e-16,-4.2516971242312e-20,0,3.7e-11,1,0.000181,3.0022461775112e-30,1.0014792398415,4.3383778495009e-07
2571,0,0,2571,1.9711395437899e-17,3.6302517676602e-11,1.5581986676868e-16,-4.2298423129779e-20,0,3.7e-11,1,0.000181,2.8521671296574e-30,0.97820580917232,3.8196726618448e-07
2572,0,0,2572,1.9753252747506e-17,3.7539293850033e-11,-2.2385648739109e-16,-4.1857309607741e-20,0,3.7e-11,1,0.000181,2.709501896538e-30,1.0116259420798,4.5818022234908e-07
2573,0,0,2573,1.9794449883764e-17,3.7173452929204e-11,6.6217206670179e-17,-4.1197136257472e-20,0,3.7e-11,1,0.000181,2.5738887233222e-30,1.0017321980442,4.3443154712278e-07
2574,0,0,2574,1.9834773893145e-17,3.747485301407e-11,-5.4553415360821e-17,-4.0324009380957e-20,0,3.7e-11,1,0.000181,2.444983282231e-30,1.0098721250789,4.5389498714058e-07
2575,0,0,2575,1.9874020668597e-17,3.7346851323255e-11,2.316830603756e-17,-3.924677545196e-20,0,3.7e-11,1,0.000181,2.3224578441424e-30,1.00640675957,4.4552384981155e-07
2576,0,0,2576,1.9911997549265e-17,3.714214397874e-11,3.7052029357324e-17,-3.797688066836e-20,0,3.7e-11,1,0.000181,2.2060004890298e-30,1.0008684579069,4.3240683970479e-07
2577,0,0,2577,1.9948525838289e-17,3.746686968746e-11,-5.8775353278411e-17,-3.6528289023533e-20,0,3.7e-11,1,0.000181,2.09531435344e-30,1.0096393739872,4.5332875319368e-07
2578,0,0,2578,1.9983443173448e-17,3.7565252389236e-11,-1.7807269021539e-17,-3.4917335158932e-20,0,3.7e-11,1,0.000181,1.9901169132965e-30,1.0122931520499,4.5981910346312e-07
2579,0,0,2579,2.0016605637156e-17,3.7262317980317e-11,5.4831128014411e-17,-3.3162463708828e-20,0,3.7e-11,1,0.000181,1.8901393003945e-30,1.0041007837539,4.4002348391244e-07
2580,0,0,2580,2.0047889644252e-17,3.7273760228828e-11,-2.0710469804775e-18,-3.1284007095852e-20,0,3.7e-11,1,0.000181,1.7951256510296e-30,1.0044053623673,4.4074679471476e-07
2581,0,0,2581,2.0077193591764e-17,3.761040667359e-11,-6.0933006501916e-17,-2.9303947511761e-20,0,3.7e-11,1,0.000181,1.7048324852672e-30,1.0134995392456,4.6279450975816e-07
2582,0,0,2582,2.0104439154352e-17,3.6565507124881e-11,1.8912681831622e-16,-2.7245562588105e-20,0,3.7e-11,1,0.000181,1.6190281154363e-30,0.98525494257864,3.9711259782607e-07
2583,0,0,2583,2.0129572203214e-17,3.6451154321985e-11,2.069785732418e-17,-2.5133048861745e-20,0,3.7e-11,1,0.000181,1.5374920824884e-30,0.98216057340244,3.9040507203237e-07
2584,0,0,2584,2.0152563521868e-17,3.7071649692607e-11,-1.1230966208251e-16,-2.2991318654394e-20,0,3.7e-11,1,0.000181,1.4600146189291e-30,0.99892728547709,4.278845711203e-07
2585,0,0,2585,2.0173409086093e-17,3.7829423992158e-11,-1.3715714821873e-16,-2.0845564224538e-20,0,3.7e-11,1,0.000181,1.3863961370871e-30,1.0194045592795,4.775859213846e-07
2586,0,0,2586,2.0192129929997e-17,3.7733676983329e-11,1.7330208598076e-17,-1.8720843903901e-20,0,3.7e-11,1,0.000181,1.3164467415424e-30,1.0168140068766,4.7105014570163e-07
2587,0,0,2587,2.0208771648202e-17,3.6829617848669e-11,1.6363470337347e-16,-1.6641718205482e-20,0,3.7e-11,1,0.000181,1.2499857645894e-30,0.99237749125891,4.1290941670934e-07
2588,0,0,2588,2.0223403616724e-17,3.6103061954205e-11,1.315066168981e-16,-1.4631968521886e-20,0,3.7e-11,1,0.000181,1.1868413236623e-30,0.97273866060838,3.7054807670888e-07
2589,0,0,2589,2.0236117958871e-17,3.6982386141036e-11,-1.5915767781638e-16,-1.2714342147318e-20,0,3.7e-11,1,0.000181,1.1268498996984e-30,0.9965022806583,4.2228939062918e-07
2590,0,0,2590,2.0247028211082e-17,3.7764401121017e-11,-1.4154471137664e-16,-1.0910252211033e-20,0,3.7e-11,1,0.000181,1.0698559354637e-30,1.0176361915325,4.7311650789202e-07
2591,0,0,2591,2.0256267585617e-17,3.7711471088111e-11,9.5803359561325e-18,-9.2393745342244e-21,0,3.7e-11,1,0.000181,1.0157114529095e-30,1.0162042704737,4.6952247777527e-07
2592,0,0,2592,2.0263987023937e-17,3.7242297267586e-11,8.4920461514936e-17,-7.7194383206846e-21,0,3.7e-11,1,0.000181,9.6427568866895e-31,1.0035227442749,4.3865342181875e-07
2593,0,0,2593,2.0270353133597e-17,3.7671082017532e-11,-7.7610039740281e-17,-6.3661096595343e-21,0,3.7e-11,1,0.000181,9.1541474684821e-31,1.0151105707092,4.6679238278019e-07
2594,0,0,2594,2.0275545977889e-17,3.6556177456534e-11,2.0179772554045e-16,-5.192844292409e-21,0,3.7e-11,1,0.000181,8.6900126830177e-31,0.98497723960801,3.9650682264443e-07
2595,0,0,2595,2.0279756630164e-17,3.6396124359419e-11,2.8969610577939e-17,-4.2106522745422e-21,0,3.7e-11,1,0.000181,8.2491411562058e-31,0.98065085148943,3.8716621093807e-07
2596,0,0,2596,2.0283184811682e-17,3.7176140105409e-11,-1.4118285002426e-16,-3.4281815181174e-21,0,3.7e-11,1,0.000181,7.8303807309721e-31,1.0017318462397,4.3443072088145e-07
2597,0,0,2597,2.0286036405691e-17,3.7783556885969e-11,-1.0994243728133e-16,-2.8515940094908e-21,0,3.7e-11,1,0.000181,7.4326356096579e-31,1.0181480901829,4.7440677020117e-07
2598,0,0,2598,2.0288520865277e-17,3.6357037481875e-11,2.5820001214121e-16,-2.4844595860877e-21,0,3.7e-11,1,0.000181,7.0548636324712e-31,0.97959314071286,3.8491014384852e-07
2599,0,0,2599,2.029084866457e-17,3.6805281183232e-11,-8.1132109945511e-17,-2.327799292752e-21,0,3.7e-11,1,0.000181,6.6960736856012e-31,0.99170748775576,4.1140196368762e-07
2600,0,0,2600,2.0293229004647e-17,3.683081172226e-11,-4.6210275641377e-18,-2.3803400766511e-21,0,3.7e-11,1,0.000181,6.3553232329085e-31,0.99239714689031,4.1295370817242e-07
2601,0,0,2601,2.0295867410641e-17,3.7585866856702e-11,-1.3666497933407e-16,-2.6384059945004e-21,0,3.7e-11,1,0.000181,6.0317159653768e-31,1.0128036484474,4.6107627077252e-07
2602,0,0,2602,2.0298963491231e-17,3.661249348352e-11,1.7618058054596e-16,-3.0960805900471e-21,0,3.7e-11,1,0.000181,5.7243995627894e-31,0.98649579767447,3.9982859843916e-07
2603,0,0,2603,2.0302708765649e-17,3.6685996241235e-11,-1.3303999146397e-17,-3.7452744178667e-21,0,3.7e-11,1,0.000181,5.432563562345e-31,0.9884817994472,4.0420709278661e-07
2604,0,0,2604,2.0307284829576e-17,3.746374675893e-11,-1.4077284370274e-16,-4.5760639263974e-21,0,3.7e-11,1,0.000181,5.1554373291758e-31,1.0095014004087,4.5299336478941e-07
2605,0,0,2605,2.0312861593432e-17,3.6905406035476e-11,1.0105967094525e-16,-5.5767638558869e-21,0,3.7e-11,1,0.000181,4.8922881239619e-31,0.99441027785988,4.1751060477448e-07
2606,0,0,2606,2.0319595647062e-17,3.6896006508728e-11,1.7013143412799e-18,-6.7340536304503e-21,0,3.7e-11,1,0.000181,4.6424192630624e-31,0.99415523106357,4.1693102660275e-07
2607,0,0,2607,2.0327628972515e-17,3.609103583105e-11,1.4569969265973e-16,-8.0333254533051e-21,0,3.7e-11,1,0.000181,4.4051683667939e-31,0.97239806726109,3.6984599931352e-07
2608,0,0,2608,2.0337087806939e-17,3.6213153613801e-11,-2.2103318677953e-17,-9.4588344234175e-21,0,3.7e-11,1,0.000181,4.179905691692e-31,0.97569713547724,3.7669232603762e-07
2609,0,0,2609,2.034808181998e-17,3.6855303359674e-11,-1.1622910400304e-16,-1.0994013040814e-20,0,3.7e-11,1,0.000181,3.9660325427846e-31,0.99305089238183,4.144290489855e-07
2610,0,0,2610,2.0360703435558e-17,3.6260804902109e-11,1.0760422081941e-16,-1.2621615578172e-20,0,3.7e-11,1,0.000181,3.7629797620918e-31,0.97698148183457,3.7938542446331e-07
2611,0,0,2611,2.0375027345898e-17,3.7604151772132e-11,-2.4314578347428e-16,-1.4323910339927e-20,0,3.7e-11,1,0.000181,3.5702062897416e-31,1.0132860151426,4.6226673853927e-07
2612,0,0,2612,2.0391110380481e-17,3.6844049599962e-11,1.3757849316276e-16,-1.6083034583288e-20,0,3.7e-11,1,0.000181,3.3871977942618e-31,0.99274031166384,4.1372761071137e-07
2613,0,0,2613,2.040899136604e-17,3.6799009303695e-11,8.1522936243686e-18,-1.7880985559358e-20,0,3.7e-11,1,0.000181,3.2134653687677e-31,0.99152033635998,4.1098169111218e-07
2614,0,0,2614,2.0428691389997e-17,3.7348627255841e-11,-9.9480849338266e-17,-1.9700023956362e-20,0,3.7e-11,1,0.000181,3.0485442899179e-31,1.0063719339879,4.4544036667205e-07
2615,0,0,2615,2.0450214165728e-17,3.7777437854211e-11,-7.7614718304991e-17,-2.1522775730948e-20,0,3.7e-11,1,0.000181,2.8919928366591e-31,1.017958195826,4.7392779909551e-07
2616,0,0,2616,2.0473546468335e-17,3.6276190325576e-11,2.717258026828e-16,-2.3332302607458e-20,0,3.7e-11,1,0.000181,2.7433911659167e-31,0.97738045430208,3.8022520334093e-07
2617,0,0,2617,2.049865870859e-17,3.6657948131283e-11,-6.9098162832848e-17,-2.5112240254696e-20,0,3.7e-11,1,0.000181,2.6023402425253e-31,0.98769448306012,4.0246666087239e-07
2618,0,0,2618,2.05255058063e-17,3.6494226706321e-11,2.9633577918006e-17,-2.6847097709942e-20,0,3.7e-11,1,0.000181,2.4684608208169e-31,0.98326557085828,3.927896369614e-07
2619,0,0,2619,2.0554027961251e-17,3.7329225177349e-11,-1.5113472325581e-16,-2.8522154950833e-20,0,3.7e-11,1,0.000181,2.3413924754067e-31,1.0058288381572,4.4414011847509e-07
2620,0,0,2620,2.0584151578325e-17,3.7700041767173e-11,-6.7117802758198e-17,-3.0123617074679e-20,0,3.7e-11,1,0.000181,2.2207926788327e-31,1.0158464100761,4.6862775699633e-07
2621,0,0,2621,2.0615790166697e-17,3.7880755564962e-11,-3.2709197399933e-17,-3.1638588371535e-20,0,3.7e-11,1,0.000181,2.1063359238138e-31,1.0207258424804,4.8094778281094e-07
2622,0,0,2622,2.064884531217e-17,3.7042444003914e-11,1.5173439254984e-16,-3.3055145473247e-20,0,3.7e-11,1,0.000181,1.9977128879982e-31,0.99806383744904,4.2588546263339e-07
2623,0,0,2623,2.0683207680358e-17,3.7603040403617e-11,-1.0146794834626e-16,-3.4362368187725e-20,0,3.7e-11,1,0.000181,1.8946296391722e-31,1.0132099604859,4.6207887149781e-07
2624,0,0,2624,2.0718758116631e-17,3.6831423840812e-11,1.3966259786768e-16,-3.5550436273669e-20,0,3.7e-11,1,0.000181,1.7968068789958e-31,0.99235015037633,4.1284781395221e-07
2625,0,0,2625,2.0755368593719e-17,3.7149625951825e-11,-5.7594582093414e-17,-3.6610477087363e-20,0,3.7e-11,1,0.000181,1.7039792234232e-31,1.0009447407327,4.3258534518591e-07
2626,0,0,2626,2.0792903307724e-17,3.7763431495754e-11,-1.110988034512e-16,-3.7534714005002e-20,0,3.7e-11,1,0.000181,1.6158945180516e-31,1.0175284750521,4.728453686501e-07
2627,0,0,2627,2.0831219655742e-17,3.7252718720201e-11,9.2439012375162e-17,-3.8316348018458e-20,0,3.7e-11,1,0.000181,1.532313186727e-31,1.0037197056444,4.3911986601904e-07
2628,0,0,2628,2.0870169156103e-17,3.6808958343176e-11,8.0320628241442e-17,-3.894950036096e-20,0,3.7e-11,1,0.000181,1.4530076118117e-31,0.99172036597862,4.1143089627742e-07
2629,0,0,2629,2.0909598464742e-17,3.7027290108104e-11,-3.9518049451944e-17,-3.9429308639145e-20,0,3.7e-11,1,0.000181,1.3777615445955e-31,0.99761533688251,4.2485007543038e-07
2630,0,0,2630,2.0949350344237e-17,3.6389405800048e-11,1.1545705975819e-16,-3.975187949453e-20,0,3.7e-11,1,0.000181,1.3063695444053e-31,0.9803692846744,3.8656458663884e-07
2631,0,0,2631,2.0989264542828e-17,3.7355711798982e-11,-1.7490138580703e-16,-3.9914198591559e-20,0,3.7e-11,1,0.000181,1.2386364450323e-31,1.0064797030122,4.4569874961213e-07
2632,0,0,2632,2.1029178752502e-17,3.6855416898698e-11,9.0553376951373e-17,-3.9914209673585e-20,0,3.7e-11,1,0.000181,1.1743768471661e-31,0.99295225920738,4.1420618360217e-07
2633,0,0,2633,2.1068929378782e-17,3.7475025417335e-11,-1.1214914187334e-16,-3.9750626279537e-20,0,3.7e-11,1,0.000181,1.1134146355844e-31,1.0096924997997,4.5345794625177e-07
2634,0,0,2634,2.1108352431679e-17,3.6478624384041e-11,1.8034858702628e-16,-3.9423052897385e-20,0,3.7e-11,1,0.000181,1.0555825199059e-31,0.98275685546957,3.9169036749281e-07
2635,0,0,2635,2.1147284251425e-17,3.6392203815505e-11,1.5642122905002e-17,-3.8931819746485e-20,0,3.7e-11,1,0.000181,1.0007215977731e-31,0.98041535110571,3.8666296467447e-07
2636,0,0,2636,2.1185562378536e-17,3.784342764676e-11,-2.6267151345726e-16,-3.8278127111037e-20,0,3.7e-11,1,0.000181,9.4868093938282e-32,1.0196319011027,4.7816299905064e-07
2637,0,0,2637,2.1223026307227e-17,3.753386240012e-11,5.6031309641953e-17,-3.7463928690089e-20,0,3.7e-11,1,0.000181,8.9931719233578e-32,1.0112596786792,4.5728258911672e-07
2638,0,0,2638,2.1259518039358e-17,3.7339857036971e-11,3.5114970729846e-17,-3.6491732131342e-20,0,3.7e-11,1,0.000181,8.5249420582389e-32,1.006010841519,4.4457551502264e-07
2639,0,0,2639,2.1294882781725e-17,3.656228437929e-11,1.4074065104031e-16,-3.5364742367429e-20,0,3.7e-11,1,0.000181,8.0808267322176e-32,0.98499008360008,3.9653482361952e-07
2640,0,0,2640,2.1328969556718e-17,3.6155237484944e-11,7.3675487876576e-17,-3.4086774992705e-20,0,3.7e-11,1,0.000181,7.659597921929e-32,0.97398372632793,3.7312382905848e-07
2641,0,0,2641,2.1361631828578e-17,3.747879999242e-11,-2.3956481385307e-16,-3.2662271859789e-20,0,3.7e-11,1,0.000181,7.2600894146347e-32,1.0097508088397,4.5359977860289e-07
2642,0,0,2642,2.1392728077966e-17,3.7876317146981e-11,-7.1950604975654e-17,-3.1096249388485e-20,0,3.7e-11,1,0.000181,6.8811937345704e-32,1.0204898724094,4.803459716464e-07
2643,0,0,2643,2.1422122164788e-17,3.7302663206553e-11,1.0383136321757e-16,-2.9394086821628e-20,0,3.7e-11,1,0.000181,6.5218592202222e-32,1.0049813227148,4.4211723053939e-07
2644,0,0,2644,2.1449683742992e-17,3.6295115703559e-11,1.8236609804184e-16,-2.7561578203927e-20,0,3.7e-11,1,0.000181,6.1810872452167e-32,0.97774619360925,3.8099636217317e-07
2645,0,0,2645,2.1475288732744e-17,3.7567159592954e-11,-2.3023994398059e-16,-2.5604989752228e-20,0,3.7e-11,1,0.000181,5.8579295758593e-32,1.0121219348353,4.5939808404795e-07
2646,0,0,2646,2.1498819799387e-17,3.7407677656364e-11,2.8866230522697e-17,-2.3531066642614e-20,0,3.7e-11,1,0.000181,5.5514858586916e-32,1.007808098552,4.4889371008928e-07
2647,0,0,2647,2.1520166561511e-17,3.6879064544356e-11,9.5678973273513e-17,-2.1346762124638e-20,0,3.7e-11,1,0.000181,5.2609012317501e-32,0.99351807017573,4.1548598355883e-07
2648,0,0,2648,2.1539225948685e-17,3.7099051686149e-11,-3.9817672664509e-17,-1.9059387173989e-20,0,3.7e-11,1,0.000181,4.9853640535187e-32,0.9994608226436,4.2912366924921e-07
2649,0,0,2649,2.1555902595805e-17,3.7596141974289e-11,-8.9973342153466e-17,-1.6676647120138e-20,0,3.7e-11,1,0.000181,4.7241037438481e-32,1.0128932051292,4.6129710503007e-07
2650,0,0,2650,2.1570109149199e-17,3.7367323966229e-11,4.1416059458941e-17,-1.4206553393716e-20,0,3.7e-11,1,0.000181,4.4763887313944e-32,1.0067068133102,4.462436608074e-07
2651,0,0,2651,2.1581766554755e-17,3.6860070271758e-11,9.1812918699228e-17,-1.1657405556047e-20,0,3.7e-11,1,0.000181,4.2415245023904e-32,0.99299551330947,4.1430390584631e-07
2652,0,0,2652,2.1590804442131e-17,3.6856021946394e-11,7.3274689088661e-19,-9.0378873756263e-21,0,3.7e-11,1,0.000181,4.0188517458097e-32,0.99288474956775,4.1405369935994e-07
2653,0,0,2653,2.1597161567684e-17,3.7396522264776e-11,-9.7830557627025e-17,-6.3571255535714e-21,0,3.7e-11,1,0.000181,3.8077445902257e-32,1.007491917031,4.481315652563e-07
2654,0,0,2654,2.1600786238063e-17,3.6695575107003e-11,1.2687143555681e-16,-3.6246703789457e-21,0,3.7e-11,1,0.000181,3.6076089278868e-32,0.98854685801545,4.0435118450288e-07
2655,0,0,2655,2.1601636732173e-17,3.7509939037504e-11,-1.4739987142073e-16,-8.5049410990382e-22,0,3.7e-11,1,0.000181,3.4178808217538e-32,1.0105565669786,4.5556343097615e-07
2656,0,0,2656,2.1599681913004e-17,3.7085039056803e-11,7.6906896506791e-17,1.9548191693123e-21,0,3.7e-11,1,0.000181,3.23802499144e-32,0.99907307561123,4.2822286720861e-07
2657,0,0,2657,2.1594901721029e-17,3.7797319560629e-11,-1.2892277119252e-16,4.7801919748224e-21,0,3.7e-11,1,0.000181,3.0675333742013e-32,1.0183246138201,4.7485237020413e-07
2658,0,0,2658,2.1587287848627e-17,3.7773417156867e-11,4.326335081013e-18,7.6138724024997e-21,0,3.7e-11,1,0.000181,2.905923757299e-32,1.0176797398155,4.7322616171544e-07
2659,0,0,2659,2.1576844309662e-17,3.6932760487764e-11,1.5215885710754e-16,1.0443538964972e-20,0,3.7e-11,1,0.000181,2.7527384782429e-32,0.99496084873461,4.1876398305083e-07
2660,0,0,2660,2.1563588092619e-17,3.7595370465764e-11,-1.1993240601801e-16,1.3256217042364e-20,0,3.7e-11,1,0.000181,2.6075431895892e-32,1.0128712059446,4.6124285012759e-07
2661,0,0,2661,2.1547549893298e-17,3.7148417752572e-11,8.089844108774e-17,1.6038199321297e-20,0,3.7e-11,1,0.000181,2.4699256851246e-32,1.0007937977187,4.3223218943359e-07
2662,0,0,2662,2.15287746536e-17,3.7725600437199e-11,-1.0447006591758e-16,1.8775239698061e-20,0,3.7e-11,1,0.000181,2.3394947844287e-32,1.0163961332656,4.7000274540282e-07
2663,0,0,2663,2.1507322167832e-17,3.6487947603277e-11,2.2401516293996e-16,2.1452485768286e-20,0,3.7e-11,1,0.000181,2.2158792729448e-32,0.98294925997093,3.9210583389475e-07
2664,0,0,2664,2.1483267504144e-17,3.7621001479993e-11,-2.0508275168554e-16,2.4054663687594e-20,0,3.7e-11,1,0.000181,2.0987268948338e-32,1.0135759295766,4.6298344434003e-07
2665,0,0,2665,2.1456701520758e-17,3.7265134561935e-11,6.4411912168572e-17,2.6565983386242e-20,0,3.7e-11,1,0.000181,1.9877033960149e-32,1.0039618716126,4.3969391801612e-07
2666,0,0,2666,2.1427731002439e-17,3.7604552032484e-11,-6.1434562169452e-17,2.8970518318945e-20,0,3.7e-11,1,0.000181,1.882491614924e-32,1.0131396426575,4.6190523071983e-07
2667,0,0,2667,2.1396478813478e-17,3.7444313368563e-11,2.9003198169839e-17,3.1252188961226e-20,0,3.7e-11,1,0.000181,1.7827906186413e-32,1.0088135345522,4.5132430645977e-07
2668,0,0,2668,2.1363083810346e-17,3.7790748182444e-11,-6.2704701312573e-17,3.3395003131216e-20,0,3.7e-11,1,0.000181,1.6883148821513e-32,1.0181816241917,4.7449139412052e-07
2669,0,0,2669,2.1327700600946e-17,3.6839875642141e-11,1.7210792979476e-16,3.5383209400126e-20,0,3.7e-11,1,0.000181,1.5987935086098e-32,0.99248764978746,4.1315769491338e-07
2670,0,0,2670,2.1290499037429e-17,3.6774411471963e-11,1.1849014802296e-17,3.7201563517484e-20,0,3.7e-11,1,0.000181,1.5139694885946e-32,0.99072390285021,4.0919710958824e-07
2671,0,0,2671,2.1251663633674e-17,3.6876686991494e-11,-1.8511869035107e-17,3.8835403754853e-20,0,3.7e-11,1,0.000181,1.433598996415e-32,0.99349390500623,4.1543125887184e-07
2672,0,0,2672,2.1211392687785e-17,3.7796355334294e-11,-1.6645997004681e-16,4.0270945888507e-20,0,3.7e-11,1,0.000181,1.3574507216493e-32,1.0183558194444,4.7493117829046e-07
2673,0,0,2673,2.1169897180916e-17,3.6811749748202e-11,1.7821361108265e-16,4.1495506869178e-20,0,3.7e-11,1,0.000181,1.285305234169e-32,0.99175105379179,4.1149984709734e-07
2674,0,0,2674,2.1127399387845e-17,3.720803066702e-11,-7.1726846306103e-17,4.2497793071286e-20,0,3.7e-11,1,0.000181,1.2169543809938e-32,1.0024676946906,4.361617242668e-07
2675,0,0,2675,2.1084131484725e-17,3.6911336488819e-11,5.3701646254392e-17,4.3267903119571e-20,0,3.7e-11,1,0.000181,1.1522007133992e-32,0.99445539390646,4.1761319656231e-07
2676,0,0,2676,2.1040333813848e-17,3.7456724059466e-11,-9.8715150287071e-17,4.3797670877863e-20,0,3.7e-11,1,0.000181,1.0908569427817e-32,1.0092021384127,4.5226660915649e-07
2677,0,0,2677,2.0996253039088e-17,3.6391841473145e-11,1.9274374812421e-16,4.4080774759365e-20,0,3.7e-11,1,0.000181,1.0327454238529e-32,0.98042811013888,3.8669021607787e-07
2678,0,0,2678,2.0952140063889e-17,3.7405367570406e-11,-1.8344822360427e-16,4.4112975199202e-20,0,3.7e-11,1,0.000181,9.7769766380864e-33,1.0078272943377,4.4894001488648e-07
2679,0,0,2679,2.0908247975985e-17,3.6386290798074e-11,1.8445289579192e-16,4.3892087904072e-20,0,3.7e-11,1,0.000181,9.2555385618351e-33,0.9802912328618,3.8639794820243e-07
2680,0,0,2680,2.0864829649066e-17,3.6492333547637e-11,-1.9193737670846e-17,4.34183269193e-20,0,3.7e-11,1,0.000181,8.7616243816406e-33,0.98316373637049,3.9256938442155e-07
2681,0,0,2681,2.0822135471894e-17,3.6516200899344e-11,-4.3199906589715e-18,4.2694177171313e-20,0,3.7e-11,1,0.000181,8.2937967019554e-33,0.98381517504992,3.9398008740867e-07
2682,0,0,2682,2.0780410898992e-17,3.6282501952856e-11,4.2299509314336e-17,4.1724572902112e-20,0,3.7e-11,1,0.000181,7.8506923677265e-33,0.9775052176449,3.8048812284283e-07
2683,0,0,2683,2.073989399035e-17,3.7355495280629e-11,-1.9421179232693e-16,4.0516908641795e-20,0,3.7e-11,1,0.000181,7.4310186736047e-33,1.0065110873232,4.4577401842128e-07
2684,0,0,2684,2.0700813008711e-17,3.75693403687e-11,-3.8705960940892e-17,3.9080981639564e-20,0,3.7e-11,1,0.000181,7.0335497644255e-33,1.0122965198934,4.5982738807091e-07
2685,0,0,2685,2.0663383929382e-17,3.7943785915813e-11,-6.7774644027391e-17,3.7429079328477e-20,0,3.7e-11,1,0.000181,6.6571232174333e-33,1.0224222587476,4.8529239483016e-07
2686,0,0,2686,2.0627808118603e-17,3.7656065881137e-11,5.2077326276274e-17,3.557581077974e-20,0,3.7e-11,1,0.000181,6.3006367971817e-33,1.0146513537953,4.6564994988216e-07
2687,0,0,2687,2.0594270089796e-17,3.7013048392633e-11,1.1638616541925e-16,3.3538028807073e-20,0,3.7e-11,1,0.000181,5.9630453744941e-33,0.99727751067295,4.2407154176585e-07
2688,0,0,2688,2.056293546133e-17,3.7258116843592e-11,-4.4357389623586e-17,3.133462846537e-20,0,3.7e-11,1,0.000181,5.6433580012928e-33,1.0039056612257,4.3956061736061e-07
2689,0,0,2689,2.0533949129582e-17,3.6432506505742e-11,1.4943547115074e-16,2.8986331748572e-20,0,3.7e-11,1,0.000181,5.3406351335049e-33,0.98159619656709,3.8919171854449e-07
2690,0,0,2690,2.0507433578194e-17,3.6947419663055e-11,-9.3199281473367e-17,2.6515551387154e-20,0,3.7e-11,1,0.000181,5.0539859946436e-33,0.99551672770415,4.2003255591912e-07
2691,0,0,2691,2.0483487587031e-17,3.7770047592302e-11,-1.4889565519384e-16,2.3945991162938e-20,0,3.7e-11,1,0.000181,4.7825660730228e-33,1.0177534906107,4.7341191220353e-07
2692,0,0,2692,2.0462185102429e-17,3.6902600875189e-11,1.570078557975e-16,2.1302484602777e-20,0,3.7e-11,1,0.000181,4.5255747459153e-33,0.99431216564235,4.1728757309558e-07
2693,0,0,2693,2.0443574396322e-17,3.7655459055083e-11,-1.3626733056087e-16,1.8610706106625e-20,0,3.7e-11,1,0.000181,4.2822530242954e-33,1.0146624629795,4.6567756020859e-07
2694,0,0,2694,2.0427677732897e-17,3.7338238007828e-11,5.7417009553172e-17,1.5896663425259e-20,0,3.7e-11,1,0.000181,4.0518814121163e-33,1.006091294861,4.4476808997608e-07
2695,0,0,2695,2.0414491173551e-17,3.6121942945092e-11,2.2014940635512e-16,1.3186559346154e-20,0,3.7e-11,1,0.000181,3.8337778743796e-33,0.97322042435242,3.7154300899978e-07
2696,0,0,2696,2.0403984813518e-17,3.6356056123182e-11,-4.2374485234229e-17,1.050636003284e-20,0,3.7e-11,1,0.000181,3.6272959085333e-33,0.97954937635993,3.8481702717532e-07
2697,0,0,2697,2.0396103449359e-17,3.7033234935467e-11,-1.2256936502354e-16,7.8813641592156e-21,0,3.7e-11,1,0.000181,3.4318227140063e-33,0.99785268327164,4.2539774609756e-07
2698,0,0,2698,2.0390767411071e-17,3.6499279896663e-11,9.6645862023421e-17,5.3360382879576e-21,0,3.7e-11,1,0.000181,3.2467774549481e-33,0.98342226278707,3.9312873459932e-07
2699,0,0,2699,2.0387873659367e-17,3.6913612836424e-11,-7.4994262096623e-17,2.8937517034062e-21,0,3.7e-11,1,0.000181,3.0716096114836e-33,0.99462088244488,4.1798968577576e-07
2700,0,0,2700,2.0387297277179e-17,3.6198946847593e-11,1.2935454397833e-16,5.7638218831666e-22,0,3.7e-11,1,0.000181,2.9057974150271e-33,0.97530567151517,3.7587458648843e-07
2701,0,0,2701,2.0388893091986e-17,3.7138118093957e-11,-1.6998999559185e-16,-1.5958148066415e-21,0,3.7e-11,1,0.000181,2.7488463634216e-33,1.0006884398856,4.3198582696435e-07
2702,0,0,2702,2.0392497624294e-17,3.7396048565172e-11,-4.668541528997e-17,-3.6045323085817e-21,0,3.7e-11,1,0.000181,2.6002878118807e-33,1.0076589954714,4.4853417060253e-07
2703,0,0,2703,2.0397931027072e-17,3.6273217962424e-11,2.032323390973e-16,-5.433402778292e-21,0,3.7e-11,1,0.000181,2.4596776359075e-33,0.97731141110523,3.8007976913423e-07
2704,0,0,2704,2.0404999220336e-17,3.6913489591693e-11,-1.1588916489768e-16,-7.0681932633328e-21,0,3.7e-11,1,0.000181,2.3265949625605e-33,0.99461499430732,4.1797628541724e-07
2705,0,0,2705,2.0413496259466e-17,3.6638116720339e-11,4.9842489715057e-17,-8.4970391302075e-21,0,3.7e-11,1,0.000181,2.2006409666116e-33,0.98717121548782,4.0131331569365e-07
2706,0,0,2706,2.0423206579196e-17,3.7428285386725e-11,-1.4302052861588e-16,-9.7103197295085e-21,0,3.7e-11,1,0.000181,2.0814377283194e-33,1.0085256754395,4.5062732636895e-07
2707,0,0,2707,2.0433907373752e-17,3.7131947049822e-11,5.3637238979436e-17,-1.0700794556382e-20,0,3.7e-11,1,0.000181,1.9686271496998e-33,1.0005149333499,4.3158035916988e-07
2708,0,0,2708,2.0445370871596e-17,3.7194584910378e-11,-1.1337452760693e-17,-1.1463497844338e-20,0,3.7e-11,1,0.000181,1.8618699263344e-33,1.0022061367638,4.3554579471499e-07
2709,0,0,2709,2.0457366685468e-17,3.7166563045599e-11,5.0719575249878e-18,-1.1995813871926e-20,0,3.7e-11,1,0.000181,1.7608445719046e-33,1.001446997845,4.3376215172211e-07
2710,0,0,2710,2.0469664057144e-17,3.6392087708668e-11,1.4018003598454e-16,-1.2297371676337e-20,0,3.7e-11,1,0.000181,1.665246492779e-33,0.98051339573118,3.8687241368068e-07
2711,0,0,2711,2.0482034030621e-17,3.7083378725687e-11,-1.2512367408047e-16,-1.2369973476605e-20,0,3.7e-11,1,0.000181,1.5747871101166e-33,0.99919508963995,4.2850616006168e-07
2712,0,0,2712,2.0494251622564e-17,3.7195345607335e-11,-2.026600557827e-17,-1.22175919425e-20,0,3.7e-11,1,0.000181,1.4891930270748e-33,1.0022193972383,4.3557700406148e-07
2713,0,0,2713,2.0506097735611e-17,3.6629232716736e-11,1.0246643319847e-16,-1.1846113047383e-20,0,3.7e-11,1,0.000181,1.4082052388321e-33,0.98691727997515,4.0075458305114e-07
2714,0,0,2714,2.0517361027569e-17,3.7424397693164e-11,-1.439248607335e-16,-1.1263291958223e-20,0,3.7e-11,1,0.000181,1.3315783832501e-33,1.0084065434426,4.5033913439469e-07
2715,0,0,2715,2.0527839725768e-17,3.6569385035522e-11,1.5475729103301e-16,-1.0478698198308e-20,0,3.7e-11,1,0.000181,1.2590800301094e-33,0.98529652855065,3.9720337748012e-07
2716,0,0,2716,2.0537343156153e-17,3.6671918856926e-11,-1.8558621674142e-17,-9.5034303852997e-21,0,3.7e-11,1,0.000181,1.1904900069563e-33,0.98806629385509,4.0328781820001e-07
2717,0,0,2717,2.054569331949e-17,3.7314070761728e-11,-1.1622949476904e-16,-8.3501633372962e-21,0,3.7e-11,1,0.000181,1.1255997596966e-33,1.0054205038903,4.4316454796747e-07
2718,0,0,2718,2.0552726234044e-17,3.6857628121159e-11,8.2616117942966e-17,-7.0329145543779e-21,0,3.7e-11,1,0.000181,1.0642117461677e-33,0.99308316614838,4.1450199400618e-07
2719,0,0,2719,2.0558293090655e-17,3.7748385454881e-11,-1.6122707740365e-16,-5.5668566107363e-21,0,3.7e-11,1,0.000181,1.0061388610064e-33,1.0171568574351,4.7191092127322e-07
2720,0,0,2720,2.0562261395079e-17,3.7611538935024e-11,2.4769220093951e-17,-3.9683044236986e-21,0,3.7e-11,1,0.000181,9.5120389021762e-34,1.0134577102948,4.6269108174147e-07
2721,0,0,2721,2.0564515819466e-17,3.7648586429164e-11,-6.7055964392826e-18,-2.2544243872603e-21,0,3.7e-11,1,0.000181,8.9923899392681e-34,1.0144586572882,4.6517124194478e-07
2722,0,0,2722,2.056495900312e-17,3.7315882148545e-11,6.0219474792089e-17,-4.4318365336479e-22,0,3.7e-11,1,0.000181,8.5008521587796e-34,1.0054665835275,4.4327455144675e-07
2723,0,0,2723,2.056351218202e-17,3.7932663175813e-11,-1.1163736593561e-16,1.4468210998228e-21,0,3.7e-11,1,0.000181,8.0359201830944e-34,1.0221365570614,4.8455846553212e-07
2724,0,0,2724,2.056011569715e-17,3.7914154838146e-11,3.3500091176941e-18,3.3964848701598e-21,0,3.7e-11,1,0.000181,7.5961684091032e-34,1.0216368388842,4.8327693246445e-07
2725,0,0,2725,2.0554729242111e-17,3.7554420132333e-11,6.5111981752137e-17,5.386455038669e-21,0,3.7e-11,1,0.000181,7.1802468262476e-34,1.0119150835763,4.5888986058417e-07
2726,0,0,2726,2.0547332008844e-17,3.7741591636797e-11,-3.3878042307912e-17,7.3972332668002e-21,0,3.7e-11,1,0.000181,6.7868770513472e-34,1.0169748774453,4.7145387481497e-07
2727,0,0,2727,2.053792267799e-17,3.6525211687452e-11,2.2016477083144e-16,9.4093308538161e-21,0,3.7e-11,1,0.000181,6.4148485691009e-34,0.9841011486861,3.9460067289434e-07
2728,0,0,2728,2.0526519152702e-17,3.6515489834055e-11,1.7596554647411e-18,1.14035252878e-20,0,3.7e-11,1,0.000181,6.0630151677173e-34,0.98384009867274,3.9403414197279e-07
2729,0,0,2729,2.0513158256998e-17,3.6685113669757e-11,-3.0701914261981e-17,1.3360895704902e-20,0,3.7e-11,1,0.000181,5.7302915596641e-34,0.98842652172152,4.040846965808e-07
2730,0,0,2730,2.0497895135257e-17,3.7053433716604e-11,-6.6665928479309e-17,1.526312174064e-20,0,3.7e-11,1,0.000181,5.4156501780328e-34,0.99838339668062,4.2662443638356e-07
2731,0,0,2731,2.0480802472466e-17,3.7757149374432e-11,-1.2737253406676e-16,1.7092662790743e-20,0,3.7e-11,1,0.000181,5.1181181394958e-34,1.0174052910706,4.7253545059005e-07
2732,0,0,2732,2.0461969518311e-17,3.6620345620238e-11,2.0576147950895e-16,1.8832954154833e-20,0,3.7e-11,1,0.000181,4.8367743652941e-34,0.98668367742942,4.0024114917114e-07
2733,0,0,2733,2.044150087486e-17,3.6222991994574e-11,7.1921006245338e-17,2.0468643451155e-20,0,3.7e-11,1,0.000181,4.5707468521263e-34,0.97594744663924,3.772159675805e-07
2734,0,0,2734,2.0419515299956e-17,3.756278927956e-11,-2.425033085826e-16,2.1985574904326e-20,0,3.7e-11,1,0.000181,4.319210085223e-34,1.0121614669703,4.5949526479139e-07
2735,0,0,2735,2.0396144268441e-17,3.6820861373389e-11,1.3428895101678e-16,2.3371031515366e-20,0,3.7e-11,1,0.000181,4.0813825862837e-34,0.99211285117441,4.1231346100973e-07
2736,0,0,2736,2.0371530213518e-17,3.7143772530235e-11,-5.844691938898e-17,2.4614054922152e-20,0,3.7e-11,1,0.000181,3.8565245893269e-34,1.000843855123,4.3234928081756e-07
2737,0,0,2737,2.0345824862144e-17,3.6344764190047e-11,1.4462050957403e-16,2.5705351374483e-20,0,3.7e-11,1,0.000181,3.6439358378542e-34,0.97925287345622,3.841866465864e-07
2738,0,0,2738,2.0319187352324e-17,3.7518356655029e-11,-2.1242023616183e-16,2.663750981957e-20,0,3.7e-11,1,0.000181,3.4429534970717e-34,1.0109755662547,4.5658727830577e-07
2739,0,0,2739,2.0291782377605e-17,3.6503889762839e-11,1.8361850748635e-16,2.7404974719688e-20,0,3.7e-11,1,0.000181,3.2529501752247e-34,0.98356163426852,3.9343054952084e-07
2740,0,0,2740,2.0263778091799e-17,3.7708549936449e-11,-2.1804349142323e-16,2.8004285805466e-20,0,3.7e-11,1,0.000181,3.0733320484092e-34,1.0161241989556,4.6932216251256e-07
2741,0,0,2741,2.0235344229763e-17,3.7624592380768e-11,1.5196317578309e-17,2.8433862036487e-20,0,3.7e-11,1,0.000181,2.9035370835094e-34,1.0138593215902,4.6368490127924e-07
2742,0,0,2742,2.0206649994565e-17,3.6233410899372e-11,2.5180384813264e-16,2.8694235197967e-20,0,3.7e-11,1,0.000181,2.7430333541859e-34,0.97626410673313,3.7787925877015e-07
2743,0,0,2743,2.0177862104552e-17,3.7055788528861e-11,-1.4885035093753e-16,2.8787890012899e-20,0,3.7e-11,1,0.000181,2.5913174450955e-34,0.99849482777652,4.2688236406128e-07
2744,0,0,2744,2.0149143049354e-17,3.7059754780161e-11,-7.1789148530677e-19,2.8719055197743e-20,0,3.7e-11,1,0.000181,2.447912939774e-34,0.9986063121039,4.2714054217251e-07
2745,0,0,2745,2.0120649212869e-17,3.6872025036112e-11,3.3979083672937e-17,2.8493836485065e-20,0,3.7e-11,1,0.000181,2.3123689878428e-34,0.99353678995422,4.1552838059839e-07
2746,0,0,2746,2.0092529220276e-17,3.6603050075953e-11,4.8684467788849e-17,2.8119992593397e-20,0,3.7e-11,1,0.000181,2.1842589474277e-34,0.98627139533032,3.993363049903e-07
2747,0,0,2747,2.0064922464344e-17,3.6620033466776e-11,-3.0739937390917e-18,2.7606755931507e-20,0,3.7e-11,1,0.000181,2.0631790988846e-34,0.98673452815024,4.0035286802588e-07
2748,0,0,2748,2.0037957822395e-17,3.7691849836229e-11,-1.939987628709e-16,2.696464194909e-20,0,3.7e-11,1,0.000181,1.9487474261279e-34,1.0157065645117,4.6827849380657e-07
2749,0,0,2749,2.0011752547529e-17,3.6718203789781e-11,1.7622993440705e-16,2.6205274866275e-20,0,3.7e-11,1,0.000181,1.8406024620513e-34,0.98939571948676,4.0623508423476e-07
2750,0,0,2750,1.998641125642e-17,3.6070527314005e-11,1.1722944211542e-16,2.5341291108942e-20,0,3.7e-11,1,0.000181,1.7384021947045e-34,0.97189473384777,3.6881044599526e-07
2751,0,0,2751,1.9962025345453e-17,3.6725972573979e-11,-1.1863559205527e-16,2.438591096639e-20,0,3.7e-11,1,0.000181,1.6418230310678e-34,0.98961311192247,4.0671869800355e-07
2752,0,0,2752,1.9938672604496e-17,3.7148444075236e-11,-7.64673417275e-17,2.3352740957356e-20,0,3.7e-11,1,0.000181,1.5505588154227e-34,1.0010347476502,4.3279604296684e-07
2753,0,0,2753,1.9916416933696e-17,3.684718377121e-11,5.4528115028625e-17,2.2255670800502e-20,0,3.7e-11,1,0.000181,1.4643198994764e-34,0.99289590050103,4.1407888285302e-07
2754,0,0,2754,1.9895308327372e-17,3.7088139304168e-11,-4.3612951465247e-17,2.1108606323964e-20,0,3.7e-11,1,0.000181,1.38283226154e-34,0.99941136415215,4.2900868290465e-07
2755,0,0,2755,1.9875383148899e-17,3.7297307327581e-11,-3.7859412237885e-17,1.9925178473025e-20,0,3.7e-11,1,0.000181,1.3058366722032e-34,1.0050675292136,4.4232264823704e-07
2756,0,0,2756,1.9856664545915e-17,3.7571650127479e-11,-4.9656046781544e-17,1.8718602983603e-20,0,3.7e-11,1,0.000181,1.233087904077e-34,1.012484994554,4.6029121368925e-07
2757,0,0,2757,1.9839163046425e-17,3.7064690138805e-11,9.1759757950105e-17,1.7501499489721e-20,0,3.7e-11,1,0.000181,1.1643539833033e-34,0.99878598657268,4.2755690459452e-07
2758,0,0,2758,1.9822877311801e-17,3.7723613251167e-11,-1.1926508333751e-16,1.62857346241e-20,0,3.7e-11,1,0.000181,1.0994154806482e-34,1.0165971511347,4.705063594549e-07
2759,0,0,2759,1.9807795088669e-17,3.6358914418675e-11,2.4701048868093e-16,1.5082223132018e-20,0,3.7e-11,1,0.000181,1.038064840109e-34,0.97971565099172,3.8517090459469e-07
2760,0,0,2760,1.9793894147237e-17,3.7155906005128e-11,-1.4425547714791e-16,1.39009414322e-20,0,3.7e-11,1,0.000181,9.8010574307116e-35,1.0012580398359,4.3331911040126e-07
2761,0,0,2761,1.9781143506601e-17,3.6414962287171e-11,1.341108129503e-16,1.2750640636385e-20,0,3.7e-11,1,0.000181,9.25352506154e-35,0.98123443787836,3.8841559207836e-07
2762,0,0,2762,1.9769504515978e-17,3.7535452899567e-11,-2.0280880084355e-16,1.1638990622338e-20,0,3.7e-11,1,0.000181,8.7362951098023e-35,1.0115197058841,4.5791971237444e-07
2763,0,0,2763,1.9758932131558e-17,3.6330802792904e-11,2.1804166930597e-16,1.0572384420122e-20,0,3.7e-11,1,0.000181,8.2477066419458e-35,0.97896317356787,3.8357154302021e-07
2764,0,0,2764,1.9749376036666e-17,3.7498824474648e-11,-2.1141192439576e-16,9.5560948923035e-21,0,3.7e-11,1,0.000181,7.7861888614537e-35,1.0105327540503,4.5550529906609e-07
2765,0,0,2765,1.9740781997327e-17,3.7547213880563e-11,-8.7584824704917e-18,8.5940393387445e-21,0,3.7e-11,1,0.000181,7.3502562672372e-35,1.0118418590988,4.5871006151184e-07
2766,0,0,2766,1.9733092948683e-17,3.6425668500109e-11,2.0299971386222e-16,7.6890486438208e-21,0,3.7e-11,1,0.000181,6.9385040693406e-35,0.9815309699225,3.8905168625041e-07
2767,0,0,2767,1.9726250137439e-17,3.6388651436402e-11,6.700088530913e-18,6.8428112446795e-21,0,3.7e-11,1,0.000181,6.5496038484326e-35,0.98053153051386,3.8691116446302e-07
2768,0,0,2768,1.9720194327169e-17,3.6766601677968e-11,-6.8408993723441e-17,6.0558102697435e-21,0,3.7e-11,1,0.000181,6.1822994462608e-35,0.99074730616471,4.0924945951624e-07
2769,0,0,2769,1.9714866816957e-17,3.6488300568297e-11,5.0372500850392e-17,5.3275102116957e-21,0,3.7e-11,1,0.000181,5.8354030749161e-35,0.98322645005896,3.9270501269536e-07
2770,0,0,2770,1.9710210344812e-17,3.6157099286858e-11,5.9947431940444e-17,4.6564721452306e-21,0,3.7e-11,1,0.000181,5.5077916333807e-35,0.9742757593813,3.7373008629304e-07
2771,0,0,2771,1.9706169988463e-17,3.7473761701377e-11,-2.383158970281e-16,4.0403563486915e-21,0,3.7e-11,1,0.000181,5.1984032204384e-35,1.0098618333524,4.5386993737745e-07
2772,0,0,2772,1.9702693983465e-17,3.7636800313966e-11,-2.9509988878428e-17,3.4760049982206e-21,0,3.7e-11,1,0.000181,4.9062338335915e-35,1.0142688013804,4.646999832939e-07
2773,0,0,2773,1.9699734271393e-17,3.7482744624392e-11,2.7884079812914e-17,2.9597120723672e-21,0,3.7e-11,1,0.000181,4.6303342441728e-35,1.0101055760405,4.5446350285186e-07
2774,0,0,2774,1.9697247038386e-17,3.6716178956433e-11,1.3874838590043e-16,2.4872330062477e-21,0,3.7e-11,1,0.000181,4.3698070393476e-35,0.98938795640974,4.0621782307679e-07
2775,0,0,2775,1.9695193143833e-17,3.7034864463537e-11,-5.7682076785794e-17,2.0538945530078e-21,0,3.7e-11,1,0.000181,4.1238038221892e-35,0.99800138491211,4.2574116449146e-07
2776,0,0,2776,1.9693538460719e-17,3.6578283825583e-11,8.2641095469674e-17,1.6546831141994e-21,0,3.7e-11,1,0.000181,3.8915225614748e-35,0.98566161474838,3.980010650496e-07
2777,0,0,2777,1.9692253980578e-17,3.7071152960051e-11,-8.9209313338686e-17,1.2844801414521e-21,0,3.7e-11,1,0.000181,3.6722050832781e-35,0.99898259396576,4.2801288504349e-07
2778,0,0,2778,1.9691315882606e-17,3.7507672250051e-11,-7.9009991489932e-17,9.3809797173393e-22,0,3.7e-11,1,0.000181,3.4651346968567e-35,1.0107805526917,4.561105190101e-07
2779,0,0,2779,1.9690705385049e-17,3.7145338584612e-11,6.5582393444461e-17,6.104975567515e-22,0,3.7e-11,1,0.000181,3.2696339477213e-35,1.000987842083,4.3268623098035e-07
2780,0,0,2780,1.9690408470978e-17,3.7278478790895e-11,-2.409837733719e-17,2.9691407136437e-22,0,3.7e-11,1,0.000181,3.0850624911453e-35,1.004586270372,4.411768722658e-07
2781,0,0,2781,1.969041556423e-17,3.7000754971284e-11,5.0268011349533e-17,-7.0932521609315e-24,0,3.7e-11,1,0.000181,2.9108150797302e-35,0.99708022013412,4.2361741631894e-07
2782,0,0,2782,1.969072102638e-17,3.6957105343034e-11,7.9005827132317e-18,-3.0546215046101e-22,0,3.7e-11,1,0.000181,2.7463196589734e-35,0.99590045483991,4.2091008726691e-07
2783,0,0,2783,1.9691322580808e-17,3.6404707249267e-11,9.9984054971883e-17,-6.0155442750578e-22,0,3.7e-11,1,0.000181,2.5910355651053e-35,0.98097068680552,3.8785052950598e-07
2784,0,0,2784,1.9692220629139e-17,3.7073926408381e-11,-1.2112866779967e-16,-8.9804833099235e-22,0,3.7e-11,1,0.000181,2.4444518197622e-35,0.99905755700879,4.2818684697971e-07
2785,0,0,2785,1.969341755632e-17,3.7131574641086e-11,-1.0434330119629e-17,-1.1969271810568e-21,0,3.7e-11,1,0.000181,2.3060855163465e-35,1.0006154386263,4.318151923339e-07
2786,0,0,2786,1.9694916863196e-17,3.6335179378702e-11,1.4414754249154e-16,-1.4993068758285e-21,0,3.7e-11,1,0.000181,2.1754802931983e-35,0.97909101846826,3.8384288988087e-07
2787,0,0,2787,1.9696722332482e-17,3.6635160610116e-11,-5.4296602885864e-17,-1.8054692865687e-21,0,3.7e-11,1,0.000181,2.0522048889577e-35,0.98719834972354,4.0137305651497e-07
2788,0,0,2788,1.9698837271479e-17,3.6210282782599e-11,7.6902886780694e-17,-2.1149389969191e-21,0,3.7e-11,1,0.000181,1.9358517757392e-35,0.9757148493921,3.767293633835e-07
2789,0,0,2789,1.9701263671561e-17,3.7450964892107e-11,-2.2456346182111e-16,-2.42640008215e-21,0,3.7e-11,1,0.000181,1.8260358659729e-35,1.0092464359862,4.5237412551361e-07
2790,0,0,2790,1.9704001501649e-17,3.7136929258345e-11,5.6840449710923e-17,-2.7378300880392e-21,0,3.7e-11,1,0.000181,1.7223932889844e-35,1.0007585776107,4.3214982009155e-07
2791,0,0,2791,1.970704791134e-17,3.7425977134159e-11,-5.2317665522234e-17,-3.0464096904227e-21,0,3.7e-11,1,0.000181,1.6245802335905e-35,1.0085702274707,4.5073514072285e-07
2792,0,0,2792,1.9710396658655e-17,3.6430106285486e-11,1.8025262360977e-16,-3.3487473153287e-21,0,3.7e-11,1,0.000181,1.5322718531881e-35,0.98165429909128,3.8931649097407e-07
2793,0,0,2793,1.971403756176e-17,3.7136703712905e-11,-1.2789413436291e-16,-3.640903105237e-21,0,3.7e-11,1,0.000181,1.4451612299972e-35,1.0007509831976,4.3213206069876e-07
2794,0,0,2794,1.9717956181535e-17,3.7507845425554e-11,-6.7176649989442e-17,-3.918619774167e-21,0,3.7e-11,1,0.000181,1.3629583952948e-35,1.0107812551656,4.5611223565383e-07
2795,0,0,2795,1.9722133455334e-17,3.746830720108e-11,7.1564186298101e-18,-4.177273799346e-21,0,3.7e-11,1,0.000181,1.2853894026459e-35,1.0097120307511,4.5350544979298e-07
2796,0,0,2796,1.9726545487186e-17,3.76806857528e-11,-3.8440517861322e-17,-4.4120318520495e-21,0,3.7e-11,1,0.000181,1.2121954512955e-35,1.0154513328012,4.6764160178679e-07
2797,0,0,2797,1.9731163486213e-17,3.6817625345494e-11,1.562139337223e-16,-4.6179990272494e-21,0,3.7e-11,1,0.000181,1.143132057033e-35,0.99212468628465,4.1234009807275e-07
2798,0,0,2798,1.9735953774096e-17,3.737332735642e-11,-1.0058206397748e-16,-4.7902878829056e-21,0,3.7e-11,1,0.000181,1.077968267988e-35,1.0071429442643,4.4729160342725e-07
2799,0,0,2799,1.9740877989522e-17,3.6148350967895e-11,2.2172072632293e-16,-4.9242154257503e-21,0,3.7e-11,1,0.000181,1.0164859229461e-35,0.9740347390174,3.7322967296926e-07
2800,0,0,2800,1.9745893240521e-17,3.6365900573154e-11,-3.9376478551796e-17,-5.0152509986658e-21,0,3.7e-11,1,0.000181,9.5847894990382e-36,0.9799137091982,3.8559277227658e-07
2801,0,0,2801,1.9750952536946e-17,3.6847470623114e-11,-8.7164179042761e-17,-5.0592964254553e-21,0,3.7e-11,1,0.000181,9.0375270270321e-36,0.99292836049674,4.1415219827243e-07
2802,0,0,2802,1.9756005175895e-17,3.6735957330225e-11,2.0183906012858e-17,-5.0526389487081e-21,0,3.7e-11,1,0.000181,8.5212333369896e-36,0.98991373325292,4.0738823705214e-07
2803,0,0,2803,1.9760997177208e-17,3.6173685915512e-11,1.0177112606303e-16,-4.9920013131457e-21,0,3.7e-11,1,0.000181,8.0341720052275e-36,0.97471646312237,3.7464650251644e-07
2804,0,0,2804,1.9765871861341e-17,3.7230669832024e-11,-1.9131408888863e-16,-4.8746841334072e-21,0,3.7e-11,1,0.000181,7.5747030510982e-36,1.0032828681103,4.3808589241619e-07
2805,0,0,2805,1.9770570539753e-17,3.7786973595932e-11,-1.0069098126738e-16,-4.6986784115183e-21,0,3.7e-11,1,0.000181,7.1412776325185e-36,1.0183174033633,4.7483416210912e-07
2806,0,0,2806,1.9775033097726e-17,3.7643250478277e-11,2.6013884295671e-17,-4.4625579729512e-21,0,3.7e-11,1,0.000181,6.732433030323e-36,1.0144323284262,4.6510586541518e-07
2807,0,0,2807,1.9779198670806e-17,3.76578403177e-11,-2.6407609356946e-18,-4.1655730803141e-21,0,3.7e-11,1,0.000181,6.3467879058768e-36,1.0148260264048,4.6608422879711e-07
2808,0,0,2808,1.9783006394391e-17,3.6243773219455e-11,2.5594614478241e-16,-3.8077235849005e-21,0,3.7e-11,1,0.000181,5.9830378172158e-36,0.97660742815096,3.7859947013562e-07
2809,0,0,2809,1.9786396122056e-17,3.6508584180492e-11,-4.7930783947726e-17,-3.3897276645447e-21,0,3.7e-11,1,0.000181,5.6399509797673e-36,0.98376397499583,3.9386906326536e-07
2810,0,0,2810,1.9789309294196e-17,3.7160827416614e-11,-1.1805602573802e-16,-2.9131721409188e-21,0,3.7e-11,1,0.000181,5.3163642584455e-36,1.0013917355701,4.3363254256396e-07
2811,0,0,2811,1.9791689641754e-17,3.6682437133984e-11,8.6588641156158e-17,-2.380347557493e-21,0,3.7e-11,1,0.000181,5.0111793786267e-36,0.98846191303708,4.0416305672108e-07
2812,0,0,2812,1.9793483837726e-17,3.6081549977915e-11,1.0876057524843e-16,-1.7941959722613e-21,0,3.7e-11,1,0.000181,4.7233593441697e-36,0.97222145171941,3.694823625663e-07
2813,0,0,2813,1.9794642234592e-17,3.6150768659295e-11,-1.2528581329806e-17,-1.1583968657881e-21,0,3.7e-11,1,0.000181,4.4519250512909e-36,0.97409205391934,3.7334862225677e-07
2814,0,0,2814,1.9795119561278e-17,3.6237162160516e-11,-1.563722372103e-17,-4.7732668637197e-22,0,3.7e-11,1,0.000181,4.1959520876878e-36,0.9764269421371,3.7822071154569e-07
2815,0,0,2815,1.9794875517097e-17,3.7663670871055e-11,-2.5819807660746e-16,2.4404418100038e-22,0,3.7e-11,1,0.000181,3.9545677068848e-36,1.0149812680519,4.6647047469526e-07
2816,0,0,2816,1.9793875327495e-17,3.7445418537911e-11,3.9503672298935e-17,1.000189602101e-21,0,3.7e-11,1,0.000181,3.7269479683071e-36,1.0090827056942,4.5197683318781e-07
2817,0,0,2817,1.9792090104197e-17,3.7657176614691e-11,-3.832821189712e-17,1.7852232984151e-21,0,3.7e-11,1,0.000181,3.5123150340966e-36,1.0148061635292,4.6603482818587e-07
2818,0,0,2818,1.9789497286967e-17,3.7618109285255e-11,7.0711866279065e-18,2.592817229423e-21,0,3.7e-11,1,0.000181,3.3099346141673e-36,1.0137506769216,4.6341587972059e-07
2819,0,0,2819,1.9786080933704e-17,3.6772847108629e-11,1.5299245396921e-16,3.4163532634622e-21,0,3.7e-11,1,0.000181,3.1191135514559e-36,0.99090626336093,4.0960516896047e-07
2820,0,0,2820,1.9781831924338e-17,3.6437164794836e-11,6.0758498796503e-17,4.2490093654902e-21,0,3.7e-11,1,0.000181,2.9391975397507e-36,0.98183440285815,3.8970346257219e-07
2821,0,0,2821,1.9776748175037e-17,3.7754381755514e-11,-2.3841626988259e-16,5.0837493011585e-21,0,3.7e-11,1,0.000181,2.7695689668948e-36,1.0174356203633,4.7261174055641e-07
2822,0,0,2822,1.977083473426e-17,3.7190144547085e-11,1.0212693472565e-16,5.9134407778141e-21,0,3.7e-11,1,0.000181,2.6096448765467e-36,1.0021868490799,4.3550040321362e-07
2823,0,0,2823,1.9764103649596e-17,3.6965997392766e-11,4.0570634931862e-17,6.7310846636219e-21,0,3.7e-11,1,0.000181,2.4588750420469e-36,0.99612982297163,4.2143533412287e-07
2824,0,0,2824,1.975657396844e-17,3.7340471340581e-11,-6.777978455453e-17,7.5296811563383e-21,0,3.7e-11,1,0.000181,2.3167401462861e-36,1.0062518648166,4.451526372135e-07
2825,0,0,2825,1.9748271643249e-17,3.7585163553785e-11,-4.4289290589926e-17,8.3023251909962e-21,0,3.7e-11,1,0.000181,2.1827500618025e-36,1.0128664075843,4.6123101699071e-07
2826,0,0,2826,1.9739229306917e-17,3.6459769276625e-11,2.0369636416575e-16,9.042336331813e-21,0,3.7e-11,1,0.000181,2.0564422256428e-36,0.98245169624641,3.9103216163194e-07
2827,0,0,2827,1.9729486023298e-17,3.7611483430213e-11,-2.0846026179938e-16,9.7432836189855e-21,0,3.7e-11,1,0.000181,1.9373801038194e-36,1.0135805606757,4.6299490036056e-07
2828,0,0,2828,1.9719087123837e-17,3.6364638333372e-11,2.2567896252815e-16,1.0398899460544e-20,0,3.7e-11,1,0.000181,1.8251517404738e-36,0.9798835973147,3.8552860912855e-07
2829,0,0,2829,1.9708083777502e-17,3.7676364685447e-11,-2.3742246972545e-16,1.1003346335086e-20,0,3.7e-11,1,0.000181,1.7193683871202e-36,1.0153373039105,4.6735728833264e-07
2830,0,0,2830,1.9696532776366e-17,3.7295705433484e-11,6.8899324605225e-17,1.1551001136001e-20,0,3.7e-11,1,0.000181,1.6196632075941e-36,1.0050509408219,4.4228311443846e-07
2831,0,0,2831,1.9684496024781e-17,3.6548219093227e-11,1.3529502758645e-16,1.2036751585345e-20,0,3.7e-11,1,0.000181,1.5256900545669e-36,0.98485040463631,3.9623039837174e-07
2832,0,0,2832,1.9672040159642e-17,3.7337397456766e-11,-1.4284128380045e-16,1.2455865138896e-20,0,3.7e-11,1,0.000181,1.4371223137113e-36,1.006181409514,4.4498387121307e-07
2833,0,0,2833,1.9659236173257e-17,3.6547065706052e-11,1.4305004687928e-16,1.2803986384684e-20,0,3.7e-11,1,0.000181,1.353651811813e-36,0.9848230038259,3.9617070166006e-07
2834,0,0,2834,1.96461588361e-17,3.6414103269873e-11,2.4066200948384e-17,1.3077337157249e-20,0,3.7e-11,1,0.000181,1.2749877853295e-36,0.98123137718543,3.8840903097626e-07
2835,0,0,2835,1.9632886267111e-17,3.7357861687694e-11,-1.7082027362554e-16,1.3272568989348e-20,0,3.7e-11,1,0.000181,1.2008559060792e-36,1.0067403433187,4.4632415615956e-07
2836,0,0,2836,1.9619499415549e-17,3.6523784403401e-11,1.5096798845665e-16,1.3386851561611e-20,0,3.7e-11,1,0.000181,1.1309973609309e-36,0.98419971294611,3.9481474975827e-07
2837,0,0,2837,1.9606081410207e-17,3.6961768670328e-11,-7.9275152313614e-17,1.3418005342059e-20,0,3.7e-11,1,0.000181,1.0651679825296e-36,0.99603912915023,4.2122758386922e-07
2838,0,0,2838,1.9592717069507e-17,3.6732622899375e-11,4.1475384542344e-17,1.3364340699838e-20,0,3.7e-11,1,0.000181,1.0031374282558e-36,0.98984799577683,4.0724175087537e-07
2839,0,0,2839,1.9579492255319e-17,3.6832522330848e-11,-1.8081797096512e-17,1.3224814188178e-20,0,3.7e-11,1,0.000181,9.4468840477031e-37,0.9925499551483,4.1329817426545e-07
2840,0,0,2840,1.9566493278731e-17,3.7705077009559e-11,-1.5793239684675e-16,1.2998976588399e-20,0,3.7e-11,1,0.000181,8.8961593563662e-37,1.0161344550473,4.6934781632969e-07
2841,0,0,2841,1.9553806257132e-17,3.6809780838046e-11,1.6204860704385e-16,1.2687021598468e-20,0,3.7e-11,1,0.000181,8.3772666965367e-37,0.99193915565613,4.1192268909566e-07
2842,0,0,2842,1.9541516359362e-17,3.6409516446875e-11,7.244785480183e-17,1.2289897769746e-20,0,3.7e-11,1,0.000181,7.8883822765676e-37,0.98112303427281,3.8817683820958e-07
2843,0,0,2843,1.9529707198602e-17,3.6310469133168e-11,1.7927563781023e-17,1.1809160760761e-20,0,3.7e-11,1,0.000181,7.4277858566928e-37,0.97844784319916,3.8247935551323e-07
2844,0,0,2844,1.9518460166693e-17,3.7485555936518e-11,-2.1269071140646e-16,1.1247031908091e-20,0,3.7e-11,1,0.000181,6.9938549240188e-37,1.0102086254059,4.5471464033357e-07
2845,0,0,2845,1.9507853737799e-17,3.6598527587907e-11,1.6055213109871e-16,1.0606428893954e-20,0,3.7e-11,1,0.000181,6.5850591920565e-37,0.98623647001244,3.992597303568e-07
2846,0,0,2846,1.949796266565e-17,3.718705416113e-11,-1.0652330975322e-16,9.8910721499225e-21,0,3.7e-11,1,0.000181,6.1999554068882e-37,1.0021440705538,4.3539974229099e-07
2847,0,0,2847,1.9488857394276e-17,3.6303503449348e-11,1.5992267883248e-16,9.1052713739662e-21,0,3.7e-11,1,0.000181,5.837182443044e-37,0.97826568119124,3.8209388978281e-07
2848,0,0,2848,1.9480603342055e-17,3.7232669497098e-11,-1.6817905464278e-16,8.2540522201216e-21,0,3.7e-11,1,0.000181,5.4954566730865e-37,1.0033795095763,4.3831446697638e-07
2849,0,0,2849,1.9473260366903e-17,3.6666763064585e-11,1.0242906428496e-16,7.3429751526292e-21,0,3.7e-11,1,0.000181,5.1735675957792e-37,0.98808583758741,4.0333101898562e-07
2850,0,0,2850,1.9466882118755e-17,3.7474059542855e-11,-1.4612066256698e-16,6.3782481475979e-21,0,3.7e-11,1,0.000181,4.8703737085371e-37,1.0099056137282,4.5397650534082e-07
2851,0,0,2851,1.9461515606426e-17,3.6749885865491e-11,1.3107543560267e-16,5.366512329326e-21,0,3.7e-11,1,0.000181,4.5847986106451e-37,0.99033415350867,4.0832609731928e-07
2852,0,0,2852,1.9457200707182e-17,3.6961264058804e-11,-3.8259452989506e-17,4.3148992436711e-21,0,3.7e-11,1,0.000181,4.3158273244691e-37,0.99604772195555,4.2124726362938e-07
2853,0,0,2853,1.9453969908608e-17,3.6684671180701e-11,5.0063310936592e-17,3.2307985744093e-21,0,3.7e-11,1,0.000181,4.062502822581e-37,0.98857272118834,4.0440847789051e-07
2854,0,0,2854,1.9451848062827e-17,3.7266187188648e-11,-1.0525439743837e-16,2.1218457804227e-21,0,3.7e-11,1,0.000181,3.8239227493878e-37,1.004289686887,4.4047197544463e-07
2855,0,0,2855,1.9450852303281e-17,3.7532148103787e-11,-4.8138925640211e-17,9.9575954677502e-22,0,3.7e-11,1,0.000181,3.5992363264752e-37,1.011477968416,4.5781739775749e-07
2856,0,0,2856,1.9450991993517e-17,3.7080985086608e-11,8.1660506109434e-17,-1.3969023637001e-22,0,3.7e-11,1,0.000181,3.3876414314718e-37,0.9992843524985,4.287135078362e-07
2857,0,0,2857,1.9452268805231e-17,3.6689553796966e-11,7.0849063425099e-17,-1.2768117144209e-21,0,3.7e-11,1,0.000181,3.188381840798e-37,0.98870493779986,4.0470147412734e-07
2858,0,0,2858,1.9454676954955e-17,3.6363518398155e-11,5.9012407184867e-17,-2.4081497233578e-21,0,3.7e-11,1,0.000181,3.0007446271954e-37,0.97989281067807,3.8554824026732e-07
2859,0,0,2859,1.9458203511978e-17,3.6268613909048e-11,1.7177712528287e-17,-3.5265570233823e-21,0,3.7e-11,1,0.000181,2.8240577034316e-37,0.97732729789843,3.801132294293e-07
2860,0,0,2860,1.946282879147e-17,3.7398790702046e-11,-2.045619995326e-16,-4.6252794917602e-21,0,3.7e-11,1,0.000181,2.6576875040497e-37,1.0078719259786,4.4904769206578e-07
2861,0,0,2861,1.9468526796498e-17,3.652974712687e-11,1.5729688710678e-16,-5.6980050279045e-21,0,3.7e-11,1,0.000181,2.501036797479e-37,0.98438341095519,3.952139857608e-07
2862,0,0,2862,1.9475265579666e-17,3.6744033759195e-11,-3.8785880450823e-17,-6.7387831684619e-21,0,3.7e-11,1,0.000181,2.3535426212474e-37,0.99017393531948,4.0796848025182e-07
2863,0,0,2863,1.9483007827869e-17,3.7905521758586e-11,-2.1022932788978e-16,-7.7422482027346e-21,0,3.7e-11,1,0.000181,2.2146743334365e-37,1.0215643467935,4.8309125539756e-07
2864,0,0,2864,1.94917113272e-17,3.7492515191014e-11,7.4754188730383e-17,-8.7034993312644e-21,0,3.7e-11,1,0.000181,2.0839317738964e-37,1.0104007075178,4.5518305798375e-07
2865,0,0,2865,1.9501329278874e-17,3.6346397972268e-11,2.0744721659308e-16,-9.6179516733741e-21,0,3.7e-11,1,0.000181,1.9608435290996e-37,0.97942313031232,3.8454851850099e-07
2866,0,0,2866,1.9511810716627e-17,3.765482280838e-11,-2.3682489533607e-16,-1.0481437753726e-20,0,3.7e-11,1,0.000181,1.8449652948465e-37,1.0147843986263,4.6598070197792e-07
2867,0,0,2867,1.9523100913907e-17,3.7349718689172e-11,5.5223845576637e-17,-1.1290197279698e-20,0,3.7e-11,1,0.000181,1.7358783313579e-37,1.0065366554915,4.4583534607015e-07
2868,0,0,2868,1.9535141451151e-17,3.6961629781091e-11,7.0244092362699e-17,-1.2040537243571e-20,0,3.7e-11,1,0.000181,1.6331880055925e-37,0.99604596818371,4.2124324697463e-07
2869,0,0,2869,1.9547870346451e-17,3.6215834100092e-11,1.3498901826084e-16,-1.2728895300445e-20,0,3.7e-11,1,0.000181,1.5365224159094e-37,0.97588742747054,3.7709035567573e-07
2870,0,0,2870,1.9561222086094e-17,3.6166834878285e-11,8.8688591470146e-18,-1.335173964316e-20,0,3.7e-11,1,0.000181,1.4455310944712e-37,0.9745611304888,3.7432328905184e-07
2871,0,0,2871,1.9575127585186e-17,3.6168593285296e-11,-3.1827166889201e-19,-1.3905499091845e-20,0,3.7e-11,1,0.000181,1.359883783033e-37,0.97460657862525,3.7441783321242e-07
2872,0,0,2872,1.9589514025838e-17,3.7565524915435e-11,-2.5284462505516e-16,-1.4386440652071e-20,0,3.7e-11,1,0.000181,1.2792692780073e-37,1.0123593393561,4.5998194090147e-07
2873,0,0,2873,1.9604304659009e-17,3.7843765585996e-11,-5.0361561371529e-17,-1.4790633170417e-20,0,3.7e-11,1,0.000181,1.2033943409234e-37,1.0198771489333,4.7878616612724e-07
2874,0,0,2874,1.9619418431906e-17,3.7160014049485e-11,1.2375902810847e-16,-1.5113772897856e-20,0,3.7e-11,1,0.000181,1.1319826706104e-37,1.0013951208787,4.3364048137615e-07
2875,0,0,2875,1.9634769696414e-17,3.7528771218846e-11,-6.6745047654373e-17,-1.5351264507658e-20,0,3.7e-11,1,0.000181,1.0647739336441e-37,1.0113592386016,4.5752644715444e-07
2876,0,0,2876,1.9650267987229e-17,3.6575325223047e-11,1.7257372523952e-16,-1.549829081515e-20,0,3.7e-11,1,0.000181,1.0015228497837e-37,0.98558811369036,3.9784036550836e-07
2877,0,0,2877,1.9665817694274e-17,3.6691671952934e-11,-2.1058758109539e-17,-1.5549707044428e-20,0,3.7e-11,1,0.000181,9.4199832930968e-38,0.98873029801207,4.0475769294585e-07
2878,0,0,2878,1.9681317909708e-17,3.6076885223347e-11,1.1127639805524e-16,-1.550021543467e-20,0,3.7e-11,1,0.000181,8.8598265934589e-38,0.97211212595433,3.6925741599638e-07
2879,0,0,2879,1.9696662242012e-17,3.6358322133805e-11,-5.0940080792832e-17,-1.5344332303888e-20,0,3.7e-11,1,0.000181,8.3327073641012e-38,0.9797162377149,3.8517215377003e-07
2880,0,0,2880,1.9711738810365e-17,3.7251140757352e-11,-1.6160017086192e-16,-1.5076568353e-20,0,3.7e-11,1,0.000181,7.8366934259162e-38,1.0038442195416,4.3941494858982e-07
2881,0,0,2881,1.9726430276331e-17,3.7128108844556e-11,2.2268776215914e-17,-1.4691465965472e-20,0,3.7e-11,1,0.000181,7.3699646289895e-38,1.0005168389709,4.3158481073391e-07
2882,0,0,2882,1.9740613928855e-17,3.6443629941111e-11,1.2389068152368e-16,-1.4183652524212e-20,0,3.7e-11,1,0.000181,6.9308064145851e-38,0.9820152912367,3.90092435599e-07
2883,0,0,2883,1.9754161985635e-17,3.631909778485e-11,2.254032028318e-17,-1.3548056780475e-20,0,3.7e-11,1,0.000181,6.5176037437328e-38,0.97864753427986,3.8290227804587e-07
2884,0,0,2884,1.9766942078953e-17,3.7737833689982e-11,-2.5679119882897e-16,-1.2780093317719e-20,0,3.7e-11,1,0.000181,6.1288353717412e-38,1.016989839601,4.7149143895185e-07
2885,0,0,2885,1.977881781963e-17,3.7281104853311e-11,8.2667919437472e-17,-1.1875740676536e-20,0,3.7e-11,1,0.000181,5.7630684491092e-38,1.0046440436956,4.4131429043152e-07
2886,0,0,2886,1.9789649348613e-17,3.7683981203469e-11,-7.2920619378517e-17,-1.0831528983304e-20,0,3.7e-11,1,0.000181,5.4189534304033e-38,1.0155309763296,4.6784026427602e-07
2887,0,0,2887,1.9799294192406e-17,3.6419417475504e-11,2.2888603476185e-16,-9.644843793207e-21,0,3.7e-11,1,0.000181,5.0952192737002e-38,0.9813521381027,3.8866797056327e-07
2888,0,0,2888,1.9807608136078e-17,3.7668636873732e-11,-2.2610871107929e-16,-8.3139436720275e-21,0,3.7e-11,1,0.000181,4.7906689141632e-38,1.0151135830983,4.6679988449368e-07
2889,0,0,2889,1.9814446361841e-17,3.7023894495849e-11,1.1669837039674e-16,-6.8382257627641e-21,0,3.7e-11,1,0.000181,4.5041749962479e-38,0.99768709233789,4.2501558862686e-07
2890,0,0,2890,1.9819664438285e-17,3.7205397574219e-11,-3.2852057184967e-17,-5.2180764435193e-21,0,3.7e-11,1,0.000181,4.2346758498937e-38,1.0025918017762,4.3645422610456e-07
2891,0,0,2891,1.9823119598615e-17,3.7528070529164e-11,-5.8403804844976e-17,-3.4551603305313e-21,0,3.7e-11,1,0.000181,3.9811716968852e-38,1.0113121765238,4.5741116199833e-07
2892,0,0,2892,1.9824672018177e-17,3.7297486756041e-11,4.1735662935208e-17,-1.55241956211e-21,0,3.7e-11,1,0.000181,3.7427210743382e-38,1.0050799508474,4.4235225361861e-07
2893,0,0,2893,1.9824186130544e-17,3.6979840310442e-11,5.749400665352e-17,4.8588763308728e-22,0,3.7e-11,1,0.000181,3.5184374629994e-38,0.99649498433021,4.2227264639221e-07
2894,0,0,2894,1.9821532052647e-17,3.7003489356033e-11,-4.280477251916e-18,2.6540778968236e-21,0,3.7e-11,1,0.000181,3.3074861087393e-38,0.99713454403304,4.2374242006608e-07
2895,0,0,2895,1.9816587045206e-17,3.6472229680928e-11,9.6158001193852e-17,4.9450074407397e-21,0,3.7e-11,1,0.000181,3.109081026272e-38,0.98277691282706,3.9173366134675e-07
2896,0,0,2896,1.9809236955087e-17,3.6401647352448e-11,1.2775401454856e-17,7.3500901190802e-21,0,3.7e-11,1,0.000181,2.9224821747494e-38,0.98087037984741,3.876358070169e-07
2897,0,0,2897,1.9799377728109e-17,3.6777575434919e-11,-6.80429829272e-17,9.8592269785463e-21,0,3.7e-11,1,0.000181,2.7469927954641e-38,0.99103207047816,4.0988687486676e-07
2898,0,0,2898,1.9786916868704e-17,3.6405366954388e-11,6.736973497614e-17,1.2460859404511e-20,0,3.7e-11,1,0.000181,2.5819569024404e-38,0.98097424247805,3.8785814274991e-07
2899,0,0,2899,1.977177482921e-17,3.6614231224671e-11,-3.7804432921266e-17,1.5142039494519e-20,0,3.7e-11,1,0.000181,2.4267569172155e-38,0.98662148377427,4.0010454448674e-07
2900,0,0,2900,1.9753886434116e-17,3.6904721244468e-11,-5.2578693583298e-17,1.7888395094064e-20,0,3.7e-11,1,0.000181,2.2808114396021e-38,0.99447523649614,4.1765832419414e-07
2901,0,0,2901,1.9733202180472e-17,3.7124144816187e-11,-3.9715666481156e-17,2.0684253643396e-20,0,3.7e-11,1,0.000181,2.1435731466854e-38,1.0004086918843,4.3133223647363e-07
2902,0,0,2902,1.9709689447516e-17,3.7353975143959e-11,-4.1599289326692e-17,2.3512732956173e-20,0,3.7e-11,1,0.000181,2.0145268127471e-38,1.0066238332999,4.460445019348e-07
2903,0,0,2903,1.9683333609212e-17,3.7048513920986e-11,5.5288481358178e-17,2.6355838304279e-20,0,3.7e-11,1,0.000181,1.8931874432186e-38,0.9983720600402,4.2659820277607e-07
2904,0,0,2904,1.9654139019709e-17,3.7338979640802e-11,-5.2574295286787e-17,2.9194589503095e-20,0,3.7e-11,1,0.000181,1.7790985161576e-38,1.0062268442535,4.4509269791642e-07
2905,0,0,2905,1.9622129919547e-17,3.7710164432812e-11,-6.7184447353818e-17,3.2009100161889e-20,0,3.7e-11,1,0.000181,1.6718303251091e-38,1.0162636452769,4.6967106098354e-07
2906,0,0,2906,1.9587351135087e-17,3.7271551823442e-11,7.9388882296083e-17,3.4778784459906e-20,0,3.7e-11,1,0.000181,1.5709784175591e-38,1.0044144436177,4.4076837566764e-07
2907,0,0,2907,1.9549868611254e-17,3.7005654874734e-11,4.8127347716032e-17,3.7482523832819e-20,0,3.7e-11,1,0.000181,1.4761621235168e-38,0.99723363651122,4.2397051745229e-07
2908,0,0,2908,1.9509769867821e-17,3.7574275147377e-11,-1.0292026934832e-16,4.0098743433458e-20,0,3.7e-11,1,0.000181,1.3870231690699e-38,1.0126077395561,4.6059348734584e-07
2909,0,0,2909,1.9467164274256e-17,3.7512033618655e-11,1.1265716698683e-17,4.2605593565109e-20,0,3.7e-11,1,0.000181,1.3032243700534e-38,1.0109318979696,4.5648048500147e-07
2910,0,0,2910,1.9422183065298e-17,3.6392170865303e-11,2.0269515835665e-16,4.498120895724e-20,0,3.7e-11,1,0.000181,1.2244484012405e-38,0.98067205368891,3.8721154460389e-07
2911,0,0,2911,1.9374979252081e-17,3.7127252115797e-11,-1.3304970633931e-16,4.7203813217501e-20,0,3.7e-11,1,0.000181,1.1503966367327e-38,1.0005461630144,4.3165331693092e-07
2912,0,0,2912,1.9325727472026e-17,3.7431524395244e-11,-5.5073282579905e-17,4.9251780055189e-20,0,3.7e-11,1,0.000181,1.0807880574665e-38,1.0087770924395,4.5123602227936e-07
2913,0,0,2913,1.9274623491933e-17,3.7712048378717e-11,-5.0774841008564e-17,5.1103980092623e-20,0,3.7e-11,1,0.000181,1.0153582219862e-38,1.016366452599,4.6992842309351e-07
2914,0,0,2914,1.9221883584018e-17,3.6543854155024e-11,2.1144315448833e-16,5.2739907914977e-20,0,3.7e-11,1,0.000181,9.5385829685427e-39,0.98480151089672,3.961238812722e-07
2915,0,0,2915,1.9167743729303e-17,3.7042197153711e-11,-9.0200082762292e-17,5.4139854714636e-20,0,3.7e-11,1,0.000181,8.9605414327298e-39,0.99827832478608,4.2638134465126e-07
2916,0,0,2916,1.9112458772041e-17,3.6397994305435e-11,1.1660071553792e-16,5.5284957262523e-20,0,3.7e-11,1,0.000181,8.4172545668921e-39,0.98087569217735,3.8764717644592e-07
2917,0,0,2917,1.9056301237361e-17,3.6817263822096e-11,-7.5887782515683e-17,5.6157534680257e-20,0,3.7e-11,1,0.000181,7.906649563359e-39,0.99221568621204,4.1254495679436e-07
2918,0,0,2918,1.8999560100765e-17,3.6678915418525e-11,2.5041061046237e-17,5.6741136596046e-20,0,3.7e-11,1,0.000181,7.4267762183826e-39,0.98848501278966,4.0421420871447e-07
2919,0,0,2919,1.894253929259e-17,3.6292000212452e-11,7.0031652299328e-17,5.7020808174952e-20,0,3.7e-11,1,0.000181,6.9757997417612e-39,0.97803635943873,3.8160908162122e-07
2920,0,0,2920,1.8885556097638e-17,3.7237985601603e-11,-1.7122335543629e-16,5.698319495134e-20,0,3.7e-11,1,0.000181,6.5519939844837e-39,1.0036120408828,4.3886484409079e-07
2921,0,0,2921,1.8828939425707e-17,3.6970823587823e-11,4.8356324494018e-17,5.6616671931454e-20,0,3.7e-11,1,0.000181,6.1537350603089e-39,0.99639989995078,4.2205448812486e-07
2922,0,0,2922,1.8773027790342e-17,3.6709027481593e-11,4.7385095227678e-17,5.591163536483e-20,0,3.7e-11,1,0.000181,5.7794953385723e-39,0.98933267827057,4.0609492973478e-07
2923,0,0,2923,1.8718167248424e-17,3.6716703438418e-11,-1.3893481852423e-18,5.4860541918506e-20,0,3.7e-11,1,0.000181,5.4278377868067e-39,0.98954832837169,4.0657453068087e-07
2924,0,0,2924,1.86647091917e-17,3.7407156086252e-11,-1.2497192925797e-16,5.3458056723305e-20,0,3.7e-11,1,0.000181,5.0974106429887e-39,1.0082171931342,4.498813866967e-07
2925,0,0,2925,1.861300797208e-17,3.7376143255569e-11,5.6133223536137e-18,5.1701219619991e-20,0,3.7e-11,1,0.000181,4.7869423983773e-39,1.0073867285779,4.4787824607081e-07
2926,0,0,2926,1.8563418335178e-17,3.6988780281876e-11,7.0112698238501e-17,4.9589636901998e-20,0,3.7e-11,1,0.000181,4.4952370729981e-39,0.99692486377248,4.2326009452139e-07
2927,0,0,2927,1.8516292807539e-17,3.7549738350937e-11,-1.0153341050022e-16,4.7125527638965e-20,0,3.7e-11,1,0.000181,4.2211697668572e-39,1.0120929294777,4.5932679164657e-07
2928,0,0,2928,1.8471978999283e-17,3.6213997612835e-11,2.4176907359644e-16,4.4313808256546e-20,0,3.7e-11,1,0.000181,3.9636824709327e-39,0.97599844541196,3.7732272783946e-07
2929,0,0,2929,1.8430816723082e-17,3.6553284851219e-11,-6.1410990147502e-17,4.1162276200722e-20,0,3.7e-11,1,0.000181,3.721780122914e-39,0.98517451714911,3.9693708198501e-07
2930,0,0,2930,1.8393135234989e-17,3.6111960056103e-11,7.9879787916024e-17,3.7681488092678e-20,0,3.7e-11,1,0.000181,3.4945268935118e-39,0.97325244660589,3.716092180675e-07
2931,0,0,2931,1.8359250294215e-17,3.6234684698785e-11,-2.2213160325403e-17,3.3884940774086e-20,0,3.7e-11,1,0.000181,3.2810426899813e-39,0.97657438855993,3.7853011184862e-07
2932,0,0,2932,1.8329461317713e-17,3.66773679676e-11,-8.0125671655601e-17,2.9788976502139e-20,0,3.7e-11,1,0.000181,3.0804998642672e-39,0.9885432493382,4.0434319090761e-07
2933,0,0,2933,1.8304048541833e-17,3.6348376427355e-11,5.9547468784441e-17,2.5412775880205e-20,0,3.7e-11,1,0.000181,2.8921201138992e-39,0.97965538073904,3.8504260254035e-07
2934,0,0,2934,1.8283270236875e-17,3.6399590168045e-11,-9.2696870648804e-18,2.0778304958096e-20,0,3.7e-11,1,0.000181,2.7151715644534e-39,0.98104263852161,3.8800461295663e-07
2935,0,0,2935,1.8267360124613e-17,3.7037010326507e-11,-1.153730486817e-16,1.5910112261915e-20,0,3.7e-11,1,0.000181,2.5489660230349e-39,0.99827258607931,4.2636807097474e-07
2936,0,0,2936,1.8256524921466e-17,3.6843859228945e-11,3.4960348658677e-17,1.0835203146684e-20,0,3.7e-11,1,0.000181,2.392856392845e-39,0.99305390406415,4.1443585553341e-07
2937,0,0,2937,1.8250942021482e-17,3.6610248048558e-11,4.228362365015e-17,5.5828999845629e-21,0,3.7e-11,1,0.000181,2.2462342394688e-39,0.98674092201993,4.0036691713439e-07
2938,0,0,2938,1.8250757490787e-17,3.6983036682612e-11,-6.7474742763773e-17,1.8453069496615e-22,0,3.7e-11,1,0.000181,2.1085275000578e-39,0.99681631806211,4.2301058373704e-07
2939,0,0,2939,1.8256084327016e-17,3.7140082055405e-11,-2.8425212475554e-17,-5.3268362289064e-21,0,3.7e-11,1,0.000181,1.9791983270904e-39,1.0010599921907,4.3285515309941e-07
2940,0,0,2940,1.8267000947126e-17,3.6820254881647e-11,5.7888718450196e-17,-1.0916620110657e-20,0,3.7e-11,1,0.000181,1.8577410588752e-39,0.99241438444542,4.1299255399653e-07
2941,0,0,2941,1.8283550008186e-17,3.7007413717919e-11,-3.3875749365264e-17,-1.6549061059559e-20,0,3.7e-11,1,0.000181,1.7436803094103e-39,0.99747026025611,4.245155980505e-07
2942,0,0,2942,1.8305737591842e-17,3.6493562715946e-11,9.3007031357056e-17,-2.2187583656017e-20,0,3.7e-11,1,0.000181,1.6365691706428e-39,0.98357908227481,3.9346834722939e-07
2943,0,0,2943,1.8333532666115e-17,3.6263131034028e-11,4.1708134427112e-17,-2.7795074273094e-20,0,3.7e-11,1,0.000181,1.5359875205697e-39,0.97734704860281,3.8015483112905e-07
2944,0,0,2944,1.8366866956012e-17,3.6662774564594e-11,-7.2335479032343e-17,-3.3334289896849e-20,0,3.7e-11,1,0.000181,1.4415404310054e-39,0.9881432476087,4.0345794379512e-07
2945,0,0,2945,1.8405635144867e-17,3.7275358737496e-11,-1.1087773529539e-16,-3.8768188855483e-20,0,3.7e-11,1,0.000181,1.3528566691946e-39,1.0046937877172,4.4143263826137e-07
2946,0,0,2946,1.8449695361089e-17,3.6543977925758e-11,1.3237992692465e-16,-4.4060216221843e-20,0,3.7e-11,1,0.000181,1.2695872877876e-39,0.98492015965375,3.9638240307992e-07
2947,0,0,2947,1.8498869976083e-17,3.6385764581272e-11,2.8636615351943e-17,-4.9174614993843e-20,0,3.7e-11,1,0.000181,1.1914042980121e-39,0.98063678053371,3.8713612739168e-07
2948,0,0,2948,1.855294683998e-17,3.6289942507363e-11,1.7343795377556e-17,-5.4076863897219e-20,0,3.7e-11,1,0.000181,1.117999421177e-39,0.97803891996309,3.8161449204491e-07
2949,0,0,2949,1.861168076306e-17,3.6446747628857e-11,-2.838172699042e-17,-5.8733923079785e-20,0,3.7e-11,1,0.000181,1.0490829139203e-39,0.98226812603556,3.906366488877e-07
2950,0,0,2950,1.8674795282509e-17,3.6116590894844e-11,5.9758368856367e-17,-6.311451944863e-20,0,3.7e-11,1,0.000181,9.8438246288723e-40,0.97333554676487,3.7178108045878e-07
2951,0,0,2951,1.8741984686184e-17,3.6198836612075e-11,-1.488647481872e-17,-6.7189403675335e-20,0,3.7e-11,1,0.000181,9.2364214476697e-40,0.97554837122583,3.7638139771054e-07
2952,0,0,2952,1.8812916352437e-17,3.7618664297063e-11,-2.5698881098268e-16,-7.0931666253327e-20,0,3.7e-11,1,0.000181,8.6662144785903e-40,1.0139115008834,4.638141508021e-07
2953,0,0,2953,1.8887233289382e-17,3.7045704129974e-11,1.0370579024309e-16,-7.4316936945053e-20,0,3.7e-11,1,0.000181,8.1309435155895e-40,0.99841499391307,4.26697561054e-07
2954,0,0,2954,1.8964556738135e-17,3.6197060358938e-11,1.536045225574e-16,-7.732344875255e-20,0,3.7e-11,1,0.000181,7.6284846036496e-40,0.97546712979389,3.7621168544956e-07
2955,0,0,2955,1.9044489128548e-17,3.6506556496557e-11,-5.6018800908919e-17,-7.9932390412718e-20,0,3.7e-11,1,0.000181,7.1568418920382e-40,0.98381995471826,3.9399045312524e-07
2956,0,0,2956,1.9126617196473e-17,3.7131222901968e-11,-1.1306461937939e-16,-8.2128067925773e-20,0,3.7e-11,1,0.000181,6.7141399706097e-40,1.0006905671285,4.3199080004938e-07
2957,0,0,2957,1.9210515099977e-17,3.7143455947859e-11,-2.2141813063663e-18,-8.3897903503928e-20,0,3.7e-11,1,0.000181,6.2986166607527e-40,1.0010086623059,4.3273497100501e-07
2958,0,0,2958,1.9295747587653e-17,3.6444894025158e-11,1.2643970800886e-16,-8.5232487675278e-20,0,3.7e-11,1,0.000181,5.9086162342458e-40,0.98211588337553,3.9030888066507e-07
2959,0,0,2959,1.938187326493e-17,3.6887973953412e-11,-8.0197467014051e-17,-8.6125677277695e-20,0,3.7e-11,1,0.000181,5.5425830348374e-40,0.99407815623454,4.1675600792309e-07
2960,0,0,2960,1.9468447926747e-17,3.7132540612945e-11,-4.4266565375467e-17,-8.6574661816281e-20,0,3.7e-11,1,0.000181,5.1990554788371e-40,1.000675138572,4.3195473210757e-07
2961,0,0,2961,1.9555027743985e-17,3.7042927725588e-11,1.6219932611657e-17,-8.6579817238284e-20,0,3.7e-11,1,0.000181,4.8766604123912e-40,0.99824024049387,4.2629326166746e-07
2962,0,0,2962,1.9641172408671e-17,3.6974850339668e-11,1.2322006851598e-17,-8.6144664686456e-20,0,3.7e-11,1,0.000181,4.5741078044164e-40,0.9963874479724,4.2202592554857e-07
2963,0,0,2963,1.9726448220347e-17,3.723070643573e-11,-4.6309953387232e-17,-8.5275811675997e-20,0,3.7e-11,1,0.000181,4.2901857553946e-40,1.0032897441611,4.3810215230868e-07
2964,0,0,2964,1.9810431032661e-17,3.6368335348978e-11,1.5608916670214e-16,-8.3982812313718e-20,0,3.7e-11,1,0.000181,4.0237558033909e-40,0.97996987712891,3.857124795635e-07
2965,0,0,2965,1.9892709026406e-17,3.760118377776e-11,-2.2314556560966e-16,-8.2277993745196e-20,0,3.7e-11,1,0.000181,3.7737485097447e-40,1.0132778191352,4.6224649010996e-07
2966,0,0,2966,1.99728854432e-17,3.7516662924706e-11,1.5298274402835e-17,-8.0176416793587e-20,0,3.7e-11,1,0.000181,3.5391593079135e-40,1.0109814997654,4.5660179061933e-07
2967,0,0,2967,2.0050580934145e-17,3.7495641229019e-11,3.8049269194297e-18,-7.769549094505e-20,0,3.7e-11,1,0.000181,3.3190445999127e-40,1.0104017442912,4.5518558736009e-07
2968,0,0,2968,2.0125435855979e-17,3.7697022178067e-11,-3.6449951777828e-17,-7.4854921834366e-20,0,3.7e-11,1,0.000181,3.1125180857121e-40,1.0158332952627,4.6859499383112e-07
2969,0,0,2969,2.0197112351888e-17,3.6971247794889e-11,1.3136516335523e-16,-7.1676495908514e-20,0,3.7e-11,1,0.000181,2.9187473118004e-40,0.99620706861626,4.2161234481909e-07
2970,0,0,2970,2.0265296177223e-17,3.6529109979745e-11,8.0026944541154e-17,-6.8183825335604e-20,0,3.7e-11,1,0.000181,2.7369504259449e-40,0.98424721668756,3.9491795942697e-07
2971,0,0,2971,2.0329698406809e-17,3.6841212587582e-11,-5.6490572018569e-17,-6.440222958556e-20,0,3.7e-11,1,0.000181,2.5663931259311e-40,0.99267280572579,4.1357527848822e-07
2972,0,0,2972,2.0390056901153e-17,3.6684057342122e-11,2.8445099428313e-17,-6.0358494343935e-20,0,3.7e-11,1,0.000181,2.4063857907843e-40,0.98841635389322,4.0406218621727e-07
2973,0,0,2973,2.0446137501157e-17,3.7892581560371e-11,-2.1874288350307e-16,-5.6080600003976e-20,0,3.7e-11,1,0.000181,2.2562807836526e-40,1.0210707966143,4.818286498455e-07
2974,0,0,2974,2.0497735079498e-17,3.7862927824362e-11,5.3673262175279e-18,-5.1597578340875e-20,0,3.7e-11,1,0.000181,2.1154699161656e-40,1.0202616397088,4.7976447790933e-07
2975,0,0,2975,2.0544674223751e-17,3.6994133906168e-11,1.5725169919321e-16,-4.6939144252994e-20,0,3.7e-11,1,0.000181,1.9833820646826e-40,0.9967737140201,4.2291268387635e-07
2976,0,0,2976,2.0586809814321e-17,3.774159872726e-11,-1.3529113261781e-16,-4.2135590570151e-20,0,3.7e-11,1,0.000181,1.8594809294075e-40,1.0169691742302,4.7143955690873e-07
2977,0,0,2977,2.0624027445204e-17,3.6990621746171e-11,1.3592683357714e-16,-3.7217630882854e-20,0,3.7e-11,1,0.000181,1.7432629278811e-40,0.99666694170699,4.2266741285783e-07
2978,0,0,2978,2.0656243429251e-17,3.7205789960889e-11,-3.8945446864088e-17,-3.2215984047335e-20,0,3.7e-11,1,0.000181,1.6342552148582e-40,1.0024774883518,4.3618480065104e-07
2979,0,0,2979,2.068340472836e-17,3.6736277369117e-11,8.4981779110905e-17,-2.7161299109362e-20,0,3.7e-11,1,0.000181,1.5320138210524e-40,0.98978390310314,4.0709897124656e-07
2980,0,0,2980,2.0705488550707e-17,3.7057746125944e-11,-5.8185844985824e-17,-2.2083822346704e-20,0,3.7e-11,1,0.000181,1.4361219036706e-40,0.99846895031286,4.2682245460111e-07
2981,0,0,2981,2.0722501795049e-17,3.7723658231494e-11,-1.2053009110454e-16,-1.7013244342073e-20,0,3.7e-11,1,0.000181,1.3461881020797e-40,1.0164640343595,4.7017281017823e-07
2982,0,0,2982,2.0734480199457e-17,3.779595363678e-11,-1.3085468356808e-17,-1.197840440813e-20,0,3.7e-11,1,0.000181,1.2618449923409e-40,1.0184161756096,4.7508363472239e-07
2983,0,0,2983,2.074148723492e-17,3.7909056268305e-11,-2.047157630595e-17,-7.0070354623804e-21,0,3.7e-11,1,0.000181,1.1827476347156e-40,1.021471957194,4.8285469830484e-07
2984,0,0,2984,2.0743612842943e-17,3.7658729235959e-11,4.5309192854611e-17,-2.1256080234785e-21,0,3.7e-11,1,0.000181,1.1085722085967e-40,1.0147060443281,4.6578588845649e-07
2985,0,0,2985,2.0740971941988e-17,3.7011525240507e-11,1.1714392317685e-16,2.6409009553027e-21,0,3.7e-11,1,0.000181,1.0390147296474e-40,0.99721443879195,4.2392631910079e-07
2986,0,0,2986,2.0733702768682e-17,3.7143599041825e-11,-2.3905358038552e-17,7.2691733054128e-21,0,3.7e-11,1,0.000181,9.7378984423717e-41,1.000785086427,4.3221181512558e-07
2987,0,0,2987,2.0721965082917e-17,3.6341498629779e-11,1.4518017458015e-16,1.1737685765721e-20,0,3.7e-11,1,0.000181,9.1262969655626e-41,0.97910844959042,3.8387989902183e-07
2988,0,0,2988,2.0705938145118e-17,3.642620053364e-11,-1.5331044598894e-17,1.6026937798294e-20,0,3.7e-11,1,0.000181,8.552828640639e-41,0.98140008338716,3.8877081546735e-07
2989,0,0,2989,2.0685818695409e-17,3.7125348659328e-11,-1.2654581074945e-16,2.0119449709314e-20,0,3.7e-11,1,0.000181,8.0151335718157e-41,1.0002989829241,4.3107613765932e-07
2990,0,0,2990,2.0661818762503e-17,3.6234023914374e-11,1.6132977883675e-16,2.399993290615e-20,0,3.7e-11,1,0.000181,7.5109967938724e-41,0.97621270863657,3.7777153328869e-07
2991,0,0,2991,2.063416337316e-17,3.7684221492361e-11,-2.6248576161568e-16,2.7655389343046e-20,0,3.7e-11,1,0.000181,7.0383394409271e-41,1.0154113672905,4.6754193790208e-07
2992,0,0,2992,2.0603088425975e-17,3.7406870563551e-11,5.0200518114334e-17,3.1074947184531e-20,0,3.7e-11,1,0.000181,6.5952104490223e-41,1.007920036371,4.491637855759e-07
2993,0,0,2993,2.0568838328449e-17,3.7525449954735e-11,-2.1462869804191e-17,3.4250097526411e-20,0,3.7e-11,1,0.000181,6.1797787605212e-41,1.0111299990262,4.5696511595588e-07
2994,0,0,2994,2.0531663842635e-17,3.6514666840319e-11,1.8295174370926e-16,3.7174485813538e-20,0,3.7e-11,1,0.000181,5.7903260002146e-41,0.98381708739064,3.9398423469524e-07
2995,0,0,2995,2.0491819943185e-17,3.6573570478509e-11,-1.0661558512427e-17,3.9843899450506e-20,0,3.7e-11,1,0.000181,5.4252395948308e-41,0.98541502712662,3.9746214548594e-07
2996,0,0,2996,2.0449563883312e-17,3.7543916003831e-11,-1.7563254008316e-16,4.2256059873361e-20,0,3.7e-11,1,0.000181,5.0830063093224e-41,1.0116468915649,4.5823160845922e-07
2997,0,0,2997,2.0405153282118e-17,3.7374803806797e-11,3.0609307663152e-17,4.4410601193522e-20,0,3.7e-11,1,0.000181,4.762206174892e-41,1.0070829230623,4.4714726454646e-07
2998,0,0,2998,2.0358844249688e-17,3.6333603261089e-11,1.8845729877305e-16,4.6309032429569e-20,0,3.7e-11,1,0.000181,4.4615067852098e-41,0.97894928266499,3.8354206942946e-07
2999,0,0,2999,2.0310889776624e-17,3.6966175292461e-11,-1.1449553767838e-16,4.7954473064347e-20,0,3.7e-11,1,0.000181,4.1796579386768e-41,0.99605298464371,4.2125931692485e-07
3000,0,0,3000,2.0261538355468e-17,3.7073401417665e-11,-1.9407928661881e-17,4.9351421156579e-20,0,3.7e-11,1,0.000181,3.9154866059137e-41,0.99895835721098,4.2795665268704e-07
3001,0,0,3001,2.0211032567949e-17,3.6394238968794e-11,1.2292840324567e-16,5.0505787518006e-20,0,3.7e-11,1,0.000181,3.6678922028916e-41,0.98061015690366,3.8707921158226e-07
3002,0,0,3002,2.0159607893794e-17,3.7680829961401e-11,-2.3287296966191e-16,5.1424674155741e-20,0,3.7e-11,1,0.000181,3.4358421512943e-41,1.0153905651963,4.6749006958936e-07
3003,0,0,3003,2.0107491754839e-17,3.7410322986955e-11,4.8961762374847e-17,5.2116138954676e-20,0,3.7e-11,1,0.000181,3.2183677088006e-41,1.0080873478996,4.4956770974111e-07
3004,0,0,3004,2.0054902481763e-17,3.7256463865803e-11,2.7848500928371e-17,5.2589273076088e-20,0,3.7e-11,1,0.000181,3.0145600530079e-41,1.0039368459353,4.396345665662e-07
3005,0,0,3005,2.0002048561642e-17,3.7304190519775e-11,-8.6385243689178e-18,5.285392012112e-20,0,3.7e-11,1,0.000181,2.8235666036953e-41,1.0052346476807,4.4272108918059e-07
3006,0,0,3006,1.9949127973781e-17,3.697325287052e-11,5.989971451531e-17,5.2920587860472e-20,0,3.7e-11,1,0.000181,2.6445875690358e-41,0.99629828902348,4.2182145715657e-07
3007,0,0,3007,1.9896327589926e-17,3.6929234991803e-11,7.9672360477691e-18,5.2800383855628e-20,0,3.7e-11,1,0.000181,2.4768727022332e-41,0.99511650081026,4.1911888174216e-07
3008,0,0,3008,1.9843822703048e-17,3.6429155772996e-11,9.0514338604089e-17,5.2504886877418e-20,0,3.7e-11,1,0.000181,2.319718255865e-41,0.98160868630867,3.8921853692388e-07
3009,0,0,3009,1.9791776623117e-17,3.7527080344355e-11,-1.9872434741611e-16,5.2046079931148e-20,0,3.7e-11,1,0.000181,2.1724641219786e-41,1.0112900949239,4.573570781883e-07
3010,0,0,3010,1.9740340404148e-17,3.656532221967e-11,1.7407822056801e-16,5.1436218969493e-20,0,3.7e-11,1,0.000181,2.0344911467022e-41,0.98530431258118,3.9722037142635e-07
3011,0,0,3011,1.968965249737e-17,3.7298438427871e-11,-1.3269403368427e-16,5.0687906777508e-20,0,3.7e-11,1,0.000181,1.9052186088073e-41,1.0051258329024,4.4246162165605e-07
3012,0,0,3012,1.9639838698746e-17,3.7425239752601e-11,-2.2951039776196e-17,4.9813798624263e-20,0,3.7e-11,1,0.000181,1.7841018522938e-41,1.0085603339588,4.5071119695435e-07
3013,0,0,3013,1.9591011996722e-17,3.6778480097725e-11,1.1706349753253e-16,4.8826702024063e-20,0,3.7e-11,1,0.000181,1.6706300636649e-41,0.9910876341185,4.1001134263594e-07
3014,0,0,3014,1.9543272546683e-17,3.6771494050395e-11,1.2644745667444e-18,4.7739450038686e-20,0,3.7e-11,1,0.000181,1.5643241851186e-41,0.99090595051141,4.0960446862809e-07
3015,0,0,3015,1.9496707794165e-17,3.6329105441576e-11,8.0072338196288e-17,4.656475251788e-20,0,3.7e-11,1,0.000181,1.4647349554129e-41,0.97895645470078,3.8355728675885e-07
3016,0,0,3016,1.9451392603839e-17,3.6885257245992e-11,-1.0066347659933e-16,4.5315190326108e-20,0,3.7e-11,1,0.000181,1.3714410706554e-41,0.99399435104088,4.1656577416154e-07
3017,0,0,3017,1.9407389513916e-17,3.661073043945e-11,4.9689351984107e-17,4.4003089922788e-20,0,3.7e-11,1,0.000181,1.2840474577347e-41,0.98658127818823,4.0001625552793e-07
3018,0,0,3018,1.9364748969287e-17,3.6452575060389e-11,2.8626123610016e-17,4.264054462954e-20,0,3.7e-11,1,0.000181,1.20218365355e-41,0.98231317559522,3.9073368058143e-07
3019,0,0,3019,1.9323509711924e-17,3.70882183206e-11,-1.1505143009819e-16,4.1239257363267e-20,0,3.7e-11,1,0.000181,1.1255022836087e-41,0.99949888103878,4.292121685482e-07
3020,0,0,3020,1.9283699225806e-17,3.6873655820315e-11,3.8835812551651e-17,3.9810486117303e-20,0,3.7e-11,1,0.000181,1.053677633947e-41,0.99370583906991,4.1591140719942e-07
3021,0,0,3021,1.9245334150706e-17,3.6311236210656e-11,1.0179794934822e-16,3.8365075099976e-20,0,3.7e-11,1,0.000181,9.8640431069602e-42,0.97851103777484,3.8261315307562e-07
3022,0,0,3022,1.9208420834309e-17,3.7062501435911e-11,-1.3597900577111e-16,3.6913316397397e-20,0,3.7e-11,1,0.000181,9.2339598195565e-42,0.9988210152405,4.2763811559965e-07
3023,0,0,3023,1.9172955968048e-17,3.7352825507276e-11,-5.2548656917102e-17,3.5464866260608e-20,0,3.7e-11,1,0.000181,8.6438419696389e-42,1.0066729073987,4.4616227506348e-07
3024,0,0,3024,1.9138927129035e-17,3.6709883213417e-11,1.1637255518859e-16,3.4028839012947e-20,0,3.7e-11,1,0.000181,8.0911727784901e-42,0.98930116985209,4.0602489436339e-07
3025,0,0,3025,1.9106313401623e-17,3.6769135941663e-11,-1.0724743812543e-17,3.2613727412436e-20,0,3.7e-11,1,0.000181,7.5735927953971e-42,0.99090746484088,4.0960785855429e-07
3026,0,0,3026,1.9075086126796e-17,3.7834268511198e-11,-1.9278899508585e-16,3.1227274826602e-20,0,3.7e-11,1,0.000181,7.0888901367379e-42,1.0196994944602,4.7833468560581e-07
3027,0,0,3027,1.9045209608371e-17,3.7520730948116e-11,5.6750298917791e-17,2.9876518425584e-20,0,3.7e-11,1,0.000181,6.6349913259888e-42,1.0112299674482,4.572098361673e-07
3028,0,0,3028,1.9016641738139e-17,3.6519968029577e-11,1.8113808825566e-16,2.8567870232122e-20,0,3.7e-11,1,0.000181,6.2099526979509e-42,0.98418658677248,3.9478623487182e-07
3029,0,0,3029,1.8989334775184e-17,3.7163839126736e-11,-1.165406685857e-16,2.7306962954563e-20,0,3.7e-11,1,0.000181,5.811952332713e-42,1.0015925858092,4.3410375710288e-07
3030,0,0,3030,1.8963236195499e-17,3.6298120715928e-11,1.566950323561e-16,2.6098579685307e-20,0,3.7e-11,1,0.000181,5.4392824869642e-42,0.97819868797783,3.8195220781565e-07
3031,0,0,3031,1.8938289393836e-17,3.6463511111273e-11,-2.9935661557436e-17,2.4946801662546e-20,0,3.7e-11,1,0.000181,5.0903424922303e-42,0.98267242373401,3.915081641643e-07
3032,0,0,3032,1.891443457961e-17,3.7727924488771e-11,-2.2885882132701e-16,2.3854814226675e-20,0,3.7e-11,1,0.000181,4.763632091455e-42,1.0168493202759,4.7113874588102e-07
3033,0,0,3033,1.8891609609849e-17,3.7125072657778e-11,1.091161814099e-16,2.2824969760254e-20,0,3.7e-11,1,0.000181,4.4577451870833e-42,1.0005594357844,4.3168432740416e-07
3034,0,0,3034,1.8869750729243e-17,3.6617964922082e-11,9.178650016087e-17,2.1858880605842e-20,0,3.7e-11,1,0.000181,4.1713639754323e-42,0.98685708528709,4.0062223011293e-07
3035,0,0,3035,1.8848793498058e-17,3.640734936442e-11,3.8121415936915e-17,2.0957231185427e-20,0,3.7e-11,1,0.000181,3.90325344367e-42,0.98116790226399,3.8827298233959e-07
3036,0,0,3036,1.8828673697234e-17,3.6037305987261e-11,6.6977851265761e-17,2.0119800823873e-20,0,3.7e-11,1,0.000181,3.652256207162e-42,0.9711697342089,3.6732299484887e-07
3037,0,0,3037,1.8809328195699e-17,3.6034912773294e-11,4.3317172799684e-19,1.9345501535256e-20,0,3.7e-11,1,0.000181,3.4172876662968e-42,0.97110794143206,3.6719644377428e-07
3038,0,0,3038,1.8790695845864e-17,3.6821351654251e-11,-1.4234543745323e-16,1.8632349834587e-20,0,3.7e-11,1,0.000181,3.1973314631752e-42,0.99236582851628,4.1288313803458e-07
3039,0,0,3039,1.8772718351532e-17,3.7601943086212e-11,-1.4128704918495e-16,1.7977494332631e-20,0,3.7e-11,1,0.000181,2.991435219742e-42,1.013465578655,4.6271053593944e-07
3040,0,0,3040,1.8755341035174e-17,3.666178598981e-11,1.7016843444877e-16,1.7377316357451e-20,0,3.7e-11,1,0.000181,2.7987065400621e-42,0.98805852219208,4.0327064023979e-07
3041,0,0,3041,1.8738513554189e-17,3.6793255786721e-11,-2.3796033241019e-17,1.6827480985324e-20,0,3.7e-11,1,0.000181,2.6183092604965e-42,0.99161427263586,4.1119259334561e-07
3042,0,0,3042,1.8722190704154e-17,3.6548937174378e-11,4.4221668834065e-17,1.632285003489e-20,0,3.7e-11,1,0.000181,2.4494599325253e-42,0.98501350423449,3.9658588670836e-07
3043,0,0,3043,1.870633303225e-17,3.6858158160929e-11,-5.5968998565767e-17,1.5857671904056e-20,0,3.7e-11,1,0.000181,2.2914245238964e-42,0.99337319607227,4.1515798819068e-07
3044,0,0,3044,1.8690907411216e-17,3.7496329897443e-11,-1.1550908430896e-16,1.5425621034377e-20,0,3.7e-11,1,0.000181,2.1435153246521e-42,1.0106233842058,4.5572657689911e-07
3045,0,0,3045,1.8675887470583e-17,3.6514823578258e-11,1.7765264377246e-16,1.5019940632816e-20,0,3.7e-11,1,0.000181,2.0050880454085e-42,0.98409842917637,3.945947675911e-07
3046,0,0,3046,1.8661253895554e-17,3.7704354740145e-11,-2.1530514030153e-16,1.4633575028608e-20,0,3.7e-11,1,0.000181,1.8755390960336e-42,1.0162501051323,4.696371739076e-07
3047,0,0,3047,1.8646994768872e-17,3.719477903356e-11,9.223320289194e-17,1.4259126682188e-20,0,3.7e-11,1,0.000181,1.7543030335955e-42,1.0024799179193,4.3619052549099e-07
3048,0,0,3048,1.8633105574488e-17,3.6496821205858e-11,1.2633036681391e-16,1.3889194383761e-20,0,3.7e-11,1,0.000181,1.6408501691334e-42,0.983618266789,3.9355324364135e-07
3049,0,0,3049,1.8619589247513e-17,3.7414293408702e-11,-1.660624687146e-16,1.351632697539e-20,0,3.7e-11,1,0.000181,1.5346843234437e-42,1.0084168310777,4.503640152624e-07
3050,0,0,3050,1.8606456131384e-17,3.6925785468774e-11,8.8419937126945e-17,1.3133116128777e-20,0,3.7e-11,1,0.000181,1.4353407226729e-42,0.99521587482704,4.1934559036901e-07
3051,0,0,3051,1.8593723675516e-17,3.758871818744e-11,-1.1999082207855e-16,1.2732455868422e-20,0,3.7e-11,1,0.000181,1.3423840250771e-42,1.0131348765494,4.6189346335805e-07
3052,0,0,3052,1.8581416177152e-17,3.6975356171442e-11,1.1101852489563e-16,1.2307498363988e-20,0,3.7e-11,1,0.000181,1.2554064708332e-42,0.99655936252857,4.2242040566648e-07
3053,0,0,3053,1.8569564317432e-17,3.6671833008332e-11,5.4937692522855e-17,1.1851859719938e-20,0,3.7e-11,1,0.000181,1.1740261472885e-42,0.98835780352257,4.0393258254911e-07
3054,0,0,3054,1.8558204735136e-17,3.7253943895253e-11,-1.0536207053263e-16,1.1359582295631e-20,0,3.7e-11,1,0.000181,1.0978853625009e-42,1.0040922264157,4.4000317600228e-07
3055,0,0,3055,1.85473794999e-17,3.619129345932e-11,1.923397289039e-16,1.0825235235603e-20,0,3.7e-11,1,0.000181,1.0266491203612e-42,0.97537356079393,3.7601629838287e-07
3056,0,0,3056,1.8537135439986e-17,3.6260529035228e-11,-1.2531639239409e-17,1.0244059914322e-20,0,3.7e-11,1,0.000181,9.6000369100292e-43,0.97724632222432,3.7994270592804e-07
3057,0,0,3057,1.8527523588215e-17,3.6256527704766e-11,7.2424081353046e-19,9.6118517708117e-21,0,3.7e-11,1,0.000181,8.9765527058914e-43,0.97713961340518,3.7971808726393e-07
3058,0,0,3058,1.8518598504338e-17,3.7585640546035e-11,-2.4056942426963e-16,8.9250838769286e-21,0,3.7e-11,1,0.000181,8.393287249321e-43,1.0130629147869,4.6171582187379e-07
3059,0,0,3059,1.8510417586018e-17,3.6356049103754e-11,2.2255605105278e-16,8.1809183206714e-21,0,3.7e-11,1,0.000181,7.8476641174167e-43,0.97983193522375,3.8541854654402e-07
3060,0,0,3060,1.8503040242509e-17,3.6752422912353e-11,-7.1743659356401e-17,7.3773435087595e-21,0,3.7e-11,1,0.000181,7.3372707661895e-43,0.99054584245085,4.087989922511e-07
3061,0,0,3061,1.8496527290093e-17,3.6769218698815e-11,-3.0400373496961e-18,6.5129524160355e-21,0,3.7e-11,1,0.000181,6.859848182129e-43,0.99100075514342,4.0981673915337e-07
3062,0,0,3062,1.8490940185791e-17,3.780385199044e-11,-1.872686257841e-16,5.5871043020499e-21,0,3.7e-11,1,0.000181,6.4132811823975e-43,1.0189646513489,4.7647088474575e-07
3063,0,0,3063,1.8486340287375e-17,3.7033331001423e-11,1.3946429901235e-16,4.5998984159168e-21,0,3.7e-11,1,0.000181,5.9955893233076e-43,0.99814044661343,4.2606252447275e-07
3064,0,0,3064,1.8482788014928e-17,3.7227520173526e-11,-3.5148240150798e-17,3.5522724471506e-21,0,3.7e-11,1,0.000181,5.6049183792234e-43,1.0033893330437,4.383377066981e-07
3065,0,0,3065,1.8480342153431e-17,3.62351995518e-11,1.7961003253241e-16,2.4458614970947e-21,0,3.7e-11,1,0.000181,5.2395323563726e-43,0.97657022199827,3.7852136593911e-07
3066,0,0,3066,1.8479059035641e-17,3.6016793339837e-11,3.9531524365436e-17,1.2831177894879e-21,0,3.7e-11,1,0.000181,4.8978060082373e-43,0.97066754300056,3.6629554070704e-07
3067,0,0,3067,1.8478991826463e-17,3.6277216949826e-11,-4.7136673408171e-17,6.7209178122854e-23,0,3.7e-11,1,0.000181,4.5782178212637e-43,0.97770602898195,3.8091161305184e-07
3068,0,0,3068,1.8480189757194e-17,3.6931583928831e-11,-1.1844042319975e-16,-1.197930731086e-21,0,3.7e-11,1,0.000181,4.2793434415608e-43,0.99539144413337,4.1974637280497e-07
3069,0,0,3069,1.8482697355156e-17,3.7793898432577e-11,-1.5607892517805e-16,-2.5075979618211e-21,0,3.7e-11,1,0.000181,3.9998495150678e-43,1.0186968670959,4.757931707318e-07
3070,0,0,3070,1.8486553675116e-17,3.6782117240133e-11,1.8313239583228e-16,-3.856319960036e-21,0,3.7e-11,1,0.000181,3.7384879153826e-43,0.99135085363432,4.1060139791834e-07
3071,0,0,3071,1.8491791544042e-17,3.700656171627e-11,-4.0624450180654e-17,-5.2378689262775e-21,0,3.7e-11,1,0.000181,3.4940903350362e-43,0.99741613843523,4.243908739943e-07
3072,0,0,3072,1.8498437021894e-17,3.6487582041028e-11,9.3935321218742e-17,-6.645477851827e-21,0,3.7e-11,1,0.000181,3.2655632175002e-43,0.98338866841932,3.9305601279835e-07
3073,0,0,3073,1.8506508807979e-17,3.6467484392449e-11,3.6376743927418e-18,-8.0717860846166e-21,0,3.7e-11,1,0.000181,3.0518830086237e-43,0.98284428344413,3.9187910954752e-07
3074,0,0,3074,1.8516017813109e-17,3.609369049461e-11,6.7656695508953e-17,-9.5090051303631e-21,0,3.7e-11,1,0.000181,2.8520917075182e-43,0.97274032577442,3.7055151184323e-07
3075,0,0,3075,1.8526966817159e-17,3.652784987627e-11,-7.8582848080387e-17,-1.0949004050181e-20,0,3.7e-11,1,0.000181,2.6652926981472e-43,0.98447272820481,3.95408220323e-07
3076,0,0,3076,1.85393503082e-17,3.682118484489e-11,-5.3093629320296e-17,-1.2383491040475e-20,0,3.7e-11,1,0.000181,2.4906468440432e-43,0.99239885121948,4.1295754884374e-07
3077,0,0,3077,1.8553154405726e-17,3.6554017683364e-11,4.8357256236216e-17,-1.3804097526563e-20,0,3.7e-11,1,0.000181,2.3273688296667e-43,0.98517605588818,3.9694043944723e-07
3078,0,0,3078,1.8568356966829e-17,3.7469111194656e-11,-1.6563192554367e-16,-1.5202561102675e-20,0,3.7e-11,1,0.000181,2.1747237329465e-43,1.0099060428947,4.5397755009697e-07
3079,0,0,3079,1.8584927912779e-17,3.7494368346425e-11,-4.5715444702708e-18,-1.6570945949769e-20,0,3.7e-11,1,0.000181,2.0320238145023e-43,1.0105861942348,4.5563576521612e-07
3080,0,0,3080,1.860282959408e-17,3.7493038493484e-11,2.4070338224478e-19,-1.7901681301399e-20,0,3.7e-11,1,0.000181,1.8986255099528e-43,1.0105475791737,4.5554148931572e-07
3081,0,0,3081,1.8622017368466e-17,3.6745734707121e-11,1.3526198533172e-16,-1.9187774385855e-20,0,3.7e-11,1,0.000181,1.7739266125601e-43,0.99034731441249,4.0835548464002e-07
3082,0,0,3082,1.8642440281847e-17,3.6281419333096e-11,8.4041082698511e-17,-2.0422913381079e-20,0,3.7e-11,1,0.000181,1.6573636342543e-43,0.97779520068816,3.810997900773e-07
3083,0,0,3083,1.866404189985e-17,3.6435411837665e-11,-2.7872643326807e-17,-2.1601618003125e-20,0,3.7e-11,1,0.000181,1.548409333828e-43,0.98195393470471,3.8996046222169e-07
3084,0,0,3084,1.8686761186838e-17,3.6762490071586e-11,-5.9201160339778e-17,-2.2719286987958e-20,0,3.7e-11,1,0.000181,1.4465704017904e-43,0.99079049451549,4.0934608012843e-07
3085,0,0,3085,1.871053337689e-17,3.6713180644159e-11,8.9250063643408e-18,-2.3772190051629e-20,0,3.7e-11,1,0.000181,1.3513852920243e-43,0.98945425761025,4.0636526268002e-07
3086,0,0,3086,1.8735290848559e-17,3.6847594517526e-11,-2.4328911079569e-17,-2.4757471669094e-20,0,3.7e-11,1,0.000181,1.2624221910072e-43,0.99308336819826,4.1450245071137e-07
3087,0,0,3087,1.8760964017683e-17,3.7204328137889e-11,-6.4568785285604e-17,-2.5673169123983e-20,0,3.7e-11,1,0.000181,1.1792771159339e-43,1.0027209838645,4.3675885882581e-07
3088,0,0,3088,1.8787482156675e-17,3.6988618126129e-11,3.9043512128457e-17,-2.6518138992253e-20,0,3.7e-11,1,0.000181,1.1015721336172e-43,0.99688702384242,4.2317309938303e-07
3089,0,0,3089,1.8814774109629e-17,3.678813444235e-11,3.6287546764128e-17,-2.7291952953575e-20,0,3.7e-11,1,0.000181,1.0289536925562e-43,0.99146447065188,4.1085630533145e-07
3090,0,0,3090,1.8842768972858e-17,3.7624115266101e-11,-1.5131252909897e-16,-2.7994863229162e-20,0,3.7e-11,1,0.000181,9.6109106103175e-44,1.0140543667599,4.6416818377495e-07
3091,0,0,3091,1.8871396661433e-17,3.6631056143943e-11,1.7974370111063e-16,-2.8627688574621e-20,0,3.7e-11,1,0.000181,8.976748645413e-44,0.98721065632256,4.0140015406035e-07
3092,0,0,3092,1.8900588250942e-17,3.6205128028741e-11,7.7092988851564e-17,-2.9191589509477e-20,0,3.7e-11,1,0.000181,8.3841571629923e-44,0.97569472673602,3.766872899222e-07
3093,0,0,3093,1.893027639181e-17,3.7573284876637e-11,-2.476363894691e-16,-2.9688140868487e-20,0,3.7e-11,1,0.000181,7.8304293492589e-44,1.0126675057906,4.6074072713595e-07
3094,0,0,3094,1.8960395564183e-17,3.6838059084258e-11,1.3307586842066e-16,-3.0119172372079e-20,0,3.7e-11,1,0.000181,7.3130334381424e-44,0.99279204101634,4.1384437284052e-07
3095,0,0,3095,1.8990882069641e-17,3.7580127011317e-11,-1.3431429479773e-16,-3.0486505458567e-20,0,3.7e-11,1,0.000181,6.829601470102e-44,1.0128433786738,4.6117422931646e-07
3096,0,0,3096,1.9021674142095e-17,3.6466555785176e-11,2.0155639193149e-16,-3.0792072453487e-20,0,3.7e-11,1,0.000181,6.3779187676599e-44,0.98274226115795,3.9165886808855e-07
3097,0,0,3097,1.905271182034e-17,3.6184448776254e-11,5.1061368614791e-17,-3.1037678245758e-20,0,3.7e-11,1,0.000181,5.9559140823031e-44,0.97511311283884,3.7547287693536e-07
3098,0,0,3098,1.908393693117e-17,3.6897701127128e-11,-1.2909867550802e-16,-3.1225110829434e-20,0,3.7e-11,1,0.000181,5.5616503702378e-44,0.99438554085098,4.1745436269173e-07
3099,0,0,3099,1.9115292951399e-17,3.6243299177154e-11,1.184467529453e-16,-3.1356020229649e-20,0,3.7e-11,1,0.000181,5.1933161571533e-44,0.97669431956301,3.7878192619703e-07
3100,0,0,3100,1.9146724751331e-17,3.6867451763654e-11,-1.1297161815651e-16,-3.1431799931092e-20,0,3.7e-11,1,0.000181,4.8492174546596e-44,0.99355861497238,4.1557781491883e-07
3101,0,0,3101,1.9178178475847e-17,3.7002886865992e-11,-2.4513753523125e-17,-3.1453724516241e-20,0,3.7e-11,1,0.000181,4.5277701934109e-44,0.99721432645493,4.2392606048157e-07
3102,0,0,3102,1.92096012972e-17,3.666709390468e-11,6.0778525997516e-17,-3.142282135359e-20,0,3.7e-11,1,0.000181,4.227493140128e-44,0.98813414893979,4.0343782585316e-07
3103,0,0,3103,1.9240941230665e-17,3.7546582227569e-11,-1.5918738644292e-16,-3.1339933464202e-20,0,3.7e-11,1,0.000181,3.9470012677996e-44,1.0118994239151,4.5885140423347e-07
3104,0,0,3104,1.9272147030784e-17,3.7723746767276e-11,-3.206678168703e-17,-3.1205800119472e-20,0,3.7e-11,1,0.000181,3.6849995502809e-44,1.0166829950495,4.7072155993827e-07
3105,0,0,3105,1.9303167992613e-17,3.7020336292428e-11,1.2731729594756e-16,-3.10209618285e-20,0,3.7e-11,1,0.000181,3.4402771543121e-44,0.99766726906628,4.2496985844369e-07
3106,0,0,3106,1.9333953854659e-17,3.6847697709382e-11,3.1247583531426e-17,-3.0785862046663e-20,0,3.7e-11,1,0.000181,3.2117020036971e-44,0.99299676445325,4.1430673278459e-07
3107,0,0,3107,1.9364454832323e-17,3.7217201922154e-11,-6.6880262511783e-17,-3.0500977663962e-20,0,3.7e-11,1,0.000181,2.9982156919607e-44,1.0029788103744,4.3736737465594e-07
3108,0,0,3108,1.9394621642344e-17,3.6561319167993e-11,1.1871477850302e-16,-3.0166810021039e-20,0,3.7e-11,1,0.000181,2.7988287213098e-44,0.98524774492524,3.9709688750279e-07
3109,0,0,3109,1.9424405543726e-17,3.7393976549827e-11,-1.5071098611189e-16,-2.978390138188e-20,0,3.7e-11,1,0.000181,2.6126160471177e-44,1.0077475511386,4.4874768085032e-07
3110,0,0,3110,1.9453758555282e-17,3.739279221241e-11,2.1436507236235e-19,-2.935301155567e-20,0,3.7e-11,1,0.000181,2.4387129084687e-44,1.0077111590102,4.4865992835974e-07
3111,0,0,3111,1.9482633590282e-17,3.7815760281271e-11,-7.6557220463846e-17,-2.8875034999771e-20,0,3.7e-11,1,0.000181,2.2763109265283e-44,1.0191384168015,4.7691107492318e-07
3112,0,0,3112,1.9510984719778e-17,3.7161492356407e-11,1.1842249440053e-16,-2.835112949654e-20,0,3.7e-11,1,0.000181,2.1246544536584e-44,1.0014512665059,4.3377216452298e-07
3113,0,0,3113,1.9538767418551e-17,3.662701966088e-11,9.6739557890376e-17,-2.7782698772582e-20,0,3.7e-11,1,0.000181,1.9830371572794e-44,0.98700190998965,4.0094072340447e-07
3114,0,0,3114,1.9565938918814e-17,3.6122781313315e-11,9.1267140909139e-17,-2.7171500263289e-20,0,3.7e-11,1,0.000181,1.8507988234937e-44,0.97336978927748,3.7185191746707e-07
3115,0,0,3115,1.9592458556337e-17,3.6205530925069e-11,-1.4977679727451e-17,-2.6519637523472e-20,0,3.7e-11,1,0.000181,1.7273223664339e-44,0.97560230534287,3.7649409982881e-07
3116,0,0,3116,1.9618288121167e-17,3.6569609506568e-11,-6.5898223251367e-17,-2.5829564829759e-20,0,3.7e-11,1,0.000181,1.6120310301896e-44,0.98543841011912,3.9751322368637e-07
3117,0,0,3117,1.9643392154107e-17,3.6459427117233e-11,1.9943012469805e-17,-2.5104032940039e-20,0,3.7e-11,1,0.000181,1.5043857710018e-44,0.98245675915559,3.9104307459045e-07
3118,0,0,3118,1.9667738202317e-17,3.6825956797072e-11,-6.6341872050842e-17,-2.4346048209792e-20,0,3.7e-11,1,0.000181,1.4038828081931e-44,0.9923593313525,4.1286849911457e-07
3119,0,0,3119,1.969129708374e-17,3.6499352275016e-11,5.9115418492159e-17,-2.3558881423202e-20,0,3.7e-11,1,0.000181,1.3100513330344e-44,0.98352866428163,3.933591345459e-07
3120,0,0,3120,1.9714043048e-17,3.6918591810301e-11,-7.5882355886601e-17,-2.2745964259817e-20,0,3.7e-11,1,0.000181,1.2224513654376e-44,0.99485606609174,4.1852520859838e-07
3121,0,0,3121,1.9735953950762e-17,3.7548149184641e-11,-1.1394988475562e-16,-2.1910902761807e-20,0,3.7e-11,1,0.000181,1.1406717490027e-44,1.0118678585142,4.5877389520886e-07
3122,0,0,3122,1.9757011278758e-17,3.6560905991881e-11,1.786910178895e-16,-2.1057327996246e-20,0,3.7e-11,1,0.000181,1.064328275552e-44,0.98518246576852,3.9695442577858e-07
3123,0,0,3123,1.9777200065322e-17,3.6437134582994e-11,2.2402625008639e-17,-2.0188786563898e-20,0,3.7e-11,1,0.000181,9.9306193084887e-45,0.98183427795379,3.8970319409361e-07
3124,0,0,3124,1.9796508893157e-17,3.7397400917586e-11,-1.7380820656114e-16,-1.9308827834914e-20,0,3.7e-11,1,0.000181,9.2653725372554e-45,1.0077845389264,4.4883688399587e-07
3125,0,0,3125,1.9814929734773e-17,3.7423600206972e-11,-4.7420713789488e-18,-1.8420841616224e-20,0,3.7e-11,1,0.000181,8.6444080134032e-45,1.0084898772177,4.5054071116358e-07
3126,0,0,3126,1.9832457621664e-17,3.7870883229263e-11,-8.0958227034543e-17,-1.7527886891093e-20,0,3.7e-11,1,0.000181,8.0647971374898e-45,1.0205759902755,4.8056553294002e-07
3127,0,0,3127,1.9849090349005e-17,3.7724937045231e-11,2.6416259309674e-17,-1.6632727341215e-20,0,3.7e-11,1,0.000181,7.5238037140864e-45,1.0166290152065,4.7058622952908e-07
3128,0,0,3128,1.9864828063373e-17,3.7800512619519e-11,-1.3679178946052e-17,-1.5737714367692e-20,0,3.7e-11,1,0.000181,7.0188713964031e-45,1.0186692483305,4.7572331731506e-07
3129,0,0,3129,1.9879672820862e-17,3.6158076034206e-11,2.9728102194156e-16,-1.4844757489082e-20,0,3.7e-11,1,0.000181,6.5476119445704e-45,0.97427685372114,3.7373235963939e-07
3130,0,0,3130,1.9893628053575e-17,3.6214851682805e-11,-1.0276392396433e-17,-1.3955232712468e-20,0,3.7e-11,1,0.000181,6.1077942452206e-45,0.9758092469067,3.7692678560451e-07
3131,0,0,3131,1.9906698177714e-17,3.7013486801598e-11,-1.4455295650144e-16,-1.3070124139692e-20,0,3.7e-11,1,0.000181,5.697334043354e-45,0.99739202820838,4.2433532145445e-07
3132,0,0,3132,1.9918888027534e-17,3.6870972824631e-11,2.5795029830946e-17,-1.218984981923e-20,0,3.7e-11,1,0.000181,5.3142843406131e-45,0.99353847890559,4.1553220595271e-07
3133,0,0,3133,1.9930202240089e-17,3.7537330856974e-11,-1.2061080385402e-16,-1.1314212555054e-20,0,3.7e-11,1,0.000181,4.9568264170152e-45,1.0115464660105,4.5798532156386e-07
3134,0,0,3134,1.9940644769366e-17,3.723539501674e-11,5.4650387082322e-17,-1.0442529277152e-20,0,3.7e-11,1,0.000181,4.6232614359483e-45,1.0033844786114,4.3832622227167e-07
3135,0,0,3135,1.9950218334528e-17,3.6925861826616e-11,5.6025507412624e-17,-9.5735651625271e-21,0,3.7e-11,1,0.000181,4.3120025948021e-45,0.99501728718574,4.1889263872915e-07
3136,0,0,3136,1.9958924003919e-17,3.7374823926939e-11,-8.1262140158494e-17,-8.7056693907881e-21,0,3.7e-11,1,0.000181,4.0215677860207e-45,1.0071500980696,4.4730880941907e-07
3137,0,0,3137,1.9966760840923e-17,3.7204384839264e-11,3.0849474869202e-17,-7.836837003652e-21,0,3.7e-11,1,0.000181,3.7505727356179e-45,1.0025424660394,4.3633793000584e-07
3138,0,0,3138,1.9973725555423e-17,3.774686414718e-11,-9.8188754732802e-17,-6.964714500025e-21,0,3.7e-11,1,0.000181,3.4977245883083e-45,1.0172030289808,4.7202693949043e-07
3139,0,0,3139,1.9979812311486e-17,3.6775363284619e-11,1.758416561236e-16,-6.0867560630819e-21,0,3.7e-11,1,0.000181,3.2618159103876e-45,0.99094534003354,4.0969265210729e-07
3140,0,0,3140,1.9985012566995e-17,3.7562039757842e-11,-1.4238844165344e-16,-5.2002555089755e-21,0,3.7e-11,1,0.000181,3.0417190833455e-45,1.0122060898316,4.5960498006238e-07
3141,0,0,3141,1.9989315174381e-17,3.6894533757198e-11,1.2081858611656e-16,-4.302607385788e-21,0,3.7e-11,1,0.000181,2.8363810629348e-45,0.99416474464365,4.16952633844e-07
3142,0,0,3142,1.999270640923e-17,3.613652613535e-11,1.371993795545e-16,-3.3912348495746e-21,0,3.7e-11,1,0.000181,2.6448184800352e-45,0.97367754578008,3.7248906309915e-07
3143,0,0,3143,1.9995170267011e-17,3.6542466796189e-11,-7.3475259611744e-17,-2.4638577804294e-21,0,3.7e-11,1,0.000181,2.4661130611795e-45,0.98464854708723,3.9579079384554e-07
3144,0,0,3144,1.9996688901931e-17,3.6641967116509e-11,-1.8009557977867e-17,-1.5186349207224e-21,0,3.7e-11,1,0.000181,2.2994073480287e-45,0.98733751817024,4.0167957445346e-07
3145,0,0,3145,1.9997243086556e-17,3.7774416562618e-11,-2.0497334974585e-16,-5.5418462453859e-22,0,3.7e-11,1,0.000181,2.1439006964148e-45,1.0179441772058,4.7389245552195e-07
3146,0,0,3146,1.999681283805e-17,3.7106460712282e-11,1.2090000891091e-16,4.3024850608068e-22,0,3.7e-11,1,0.000181,1.9988455368207e-45,0.99989138063087,4.3012573807156e-07
3147,0,0,3147,1.9995378041202e-17,3.7015846770095e-11,1.6401123535736e-17,1.4347968480289e-21,0,3.7e-11,1,0.000181,1.8635438793307e-45,0.99744256941109,4.2445178060119e-07
3148,0,0,3148,1.9992919323035e-17,3.6496239608063e-11,9.4048896327923e-17,2.4587181672541e-21,0,3.7e-11,1,0.000181,1.7373440471805e-45,0.98339949973664,3.9307945817635e-07
3149,0,0,3149,1.9989418918112e-17,3.6135894843514e-11,6.5222402383217e-17,3.5004049224429e-21,0,3.7e-11,1,0.000181,1.619637624058e-45,0.97366097472868,3.7245473353643e-07
3150,0,0,3150,1.9984861629553e-17,3.6848859514704e-11,-1.2904660548535e-16,4.557288559238e-21,0,3.7e-11,1,0.000181,1.5098566012642e-45,0.99293097066327,4.1415809415666e-07
3151,0,0,3151,1.997923582999e-17,3.6971500111577e-11,-2.2197948033895e-17,5.6257995627721e-21,0,3.7e-11,1,0.000181,1.4074707117387e-45,0.99624642143726,4.2170254628584e-07
3152,0,0,3152,1.9972534382162e-17,3.6911464869966e-11,1.0866378731525e-17,6.7014478283113e-21,0,3.7e-11,1,0.000181,1.3119849387953e-45,0.99462484800383,4.1799871088318e-07
3153,0,0,3153,1.9964755626862e-17,3.7167623914148e-11,-4.6364786996935e-17,7.7787553000129e-21,0,3.7e-11,1,0.000181,1.2229371881966e-45,1.0015492269425,4.3400199759146e-07
3154,0,0,3154,1.995590436423e-17,3.7162521530012e-11,9.2353152868487e-19,8.851262631983e-21,0,3.7e-11,1,0.000181,1.1398961129316e-45,1.0014126463443,4.3368158185158e-07
3155,0,0,3155,1.9945992744631e-17,3.6617449950837e-11,9.8657955830579e-17,9.9116195990586e-21,0,3.7e-11,1,0.000181,1.0624590807488e-45,0.9866824620512,4.0023847930052e-07
3156,0,0,3156,1.9935041121291e-17,3.7022579149365e-11,-7.3328384933583e-17,1.0951623339822e-20,0,3.7e-11,1,0.000181,9.9025027514007e-46,0.99763353515213,4.2489204710741e-07
3157,0,0,3157,1.9923078869264e-17,3.622552991269e-11,1.4426591183825e-16,1.1962252027195e-20,0,3.7e-11,1,0.000181,9.2291892107346e-46,0.97609345010118,3.7752167528493e-07
3158,0,0,3158,1.9910145020143e-17,3.7639101679048e-11,-2.5585648971078e-16,1.2933849120479e-20,0,3.7e-11,1,0.000181,8.6013762733487e-46,1.0143000237252,4.6477745636553e-07
3159,0,0,3159,1.9896288925924e-17,3.7590076550887e-11,8.8735481971984e-18,1.3856094219611e-20,0,3.7e-11,1,0.000181,8.0160083786876e-46,1.0129770892616,4.61504029784e-07
3160,0,0,3160,1.9881570578873e-17,3.7210084624085e-11,6.8778538751125e-17,1.471834705026e-20,0,3.7e-11,1,0.000181,7.4702338499812e-46,1.0027092349381,4.3673114575063e-07
3161,0,0,3161,1.9866060945608e-17,3.7873078889893e-11,-1.2000196211123e-16,1.5509633265803e-20,0,3.7e-11,1,0.000181,6.9613913786858e-46,1.0206303147865,4.8070407775879e-07
3162,0,0,3162,1.9849842178572e-17,3.7084337840747e-11,1.4276212989553e-16,1.6218767035231e-20,0,3.7e-11,1,0.000181,6.4869973989074e-46,0.99931541092975,4.2878567232693e-07
3163,0,0,3163,1.9833007542927e-17,3.6689833755053e-11,7.1405239510452e-17,1.6834635645681e-20,0,3.7e-11,1,0.000181,6.0447342936093e-46,0.9886556521012,4.0459223521694e-07
3164,0,0,3164,1.9815661330784e-17,3.6847691864869e-11,-2.8572317876693e-17,1.7346212142582e-20,0,3.7e-11,1,0.000181,5.6324393781755e-46,0.99292467764828,4.1414387951421e-07
3165,0,0,3165,1.9797918583273e-17,3.7275845372091e-11,-7.7495784807124e-17,1.7742747511313e-20,0,3.7e-11,1,0.000181,5.2480946104395e-46,1.0044990434172,4.4096946254245e-07
3166,0,0,3166,1.9779904607191e-17,3.7114727911634e-11,2.9162260342779e-17,1.8013976081503e-20,0,3.7e-11,1,0.000181,4.889816979599e-46,1.0001472073165,4.307220450916e-07
3167,0,0,3167,1.9761754318505e-17,3.6643358754673e-11,8.5317817409877e-17,1.8150288686704e-20,0,3.7e-11,1,0.000181,4.5558495295306e-46,0.98741021058344,4.0183975506262e-07
3168,0,0,3168,1.9743611485206e-17,3.6180872960772e-11,8.3709928695965e-17,1.8142833298687e-20,0,3.7e-11,1,0.000181,4.2445529749105e-46,0.97491330363067,3.7505641169442e-07
3169,0,0,3169,1.9725627855348e-17,3.7136164336611e-11,-1.7290773902682e-16,1.7983629857807e-20,0,3.7e-11,1,0.000181,3.9543978712622e-46,1.0007346747904,4.3209392580518e-07
3170,0,0,3170,1.9707962151979e-17,3.6845988708928e-11,5.2521788610508e-17,1.7665703368622e-20,0,3.7e-11,1,0.000181,3.6839573025753e-46,0.9928947281117,4.1407623504651e-07
3171,0,0,3171,1.9690778809256e-17,3.7113498633307e-11,-4.8419296312457e-17,1.7183342723576e-20,0,3.7e-11,1,0.000181,3.4319000525175e-46,1.0001272918948,4.3067560000864e-07
3172,0,0,3172,1.9674246731118e-17,3.7831742866618e-11,-1.3000220622943e-16,1.6532078138188e-20,0,3.7e-11,1,0.000181,3.1969842274735e-46,1.0195417667802,4.7793413680862e-07
3173,0,0,3173,1.9658537883626e-17,3.7514428709826e-11,5.7433862379349e-17,1.5708847492124e-20,0,3.7e-11,1,0.000181,2.9780513017146e-46,1.0109680541429,4.5656890555338e-07
3174,0,0,3174,1.9643825724839e-17,3.6979880318856e-11,9.6753258765599e-17,1.4712158786509e-20,0,3.7e-11,1,0.000181,2.774020556946e-46,0.99652299716114,4.2233693558023e-07
3175,0,0,3175,1.9630283643596e-17,3.7339402527389e-11,-6.5073519744491e-17,1.3542081242768e-20,0,3.7e-11,1,0.000181,2.5838838902873e-46,1.0062418357196,4.4512861070394e-07
3176,0,0,3176,1.9618083330228e-17,3.6855381743226e-11,8.760776193353e-17,1.2200313368305e-20,0,3.7e-11,1,0.000181,2.4067009664379e-46,0.99316201466234,4.1468025109033e-07
3177,0,0,3177,1.9607392993351e-17,3.7097310194063e-11,-4.3789049601536e-17,1.0690336877011e-20,0,3.7e-11,1,0.000181,2.2415946913636e-46,0.99970221772915,4.2968525082514e-07
3178,0,0,3178,1.9598375634863e-17,3.7696250625664e-11,-1.0840821811975e-16,9.017358488335e-21,0,3.7e-11,1,0.000181,2.0877469863243e-46,1.0158911434389,4.6873952304083e-07
3179,0,0,3179,1.9591187233342e-17,3.7103749720242e-11,1.0724266388163e-16,7.1884015209817e-21,0,3.7e-11,1,0.000181,1.9443948424457e-46,0.99987867883088,4.3009614896509e-07
3180,0,0,3180,1.9585974880726e-17,3.6794820732629e-11,5.591614675783e-17,5.2123526156979e-21,0,3.7e-11,1,0.000181,1.8108266373356e-46,0.99153002504482,4.1100343970693e-07
3181,0,0,3181,1.9582875047974e-17,3.6490842709352e-11,5.5020022213121e-17,3.0998327517132e-21,0,3.7e-11,1,0.000181,1.6863786964585e-46,0.98331486566295,3.9289629032625e-07
3182,0,0,3182,1.9582011862275e-17,3.7300297004454e-11,-1.4651122741335e-16,8.6318569964675e-22,0,3.7e-11,1,0.000181,1.5704320831102e-46,1.0051921376652,4.4261970980027e-07
3183,0,0,3183,1.95834954483e-17,3.6281360878364e-11,1.8442743882213e-16,-1.4835860257277e-21,0,3.7e-11,1,0.000181,1.4624096018986e-46,0.97765310191662,3.8079995810099e-07
3184,0,0,3184,1.9587420259261e-17,3.6802339489081e-11,-9.4297128539752e-17,-3.9248109609893e-21,0,3.7e-11,1,0.000181,1.3617730016232e-46,0.99173301885387,4.1145932421041e-07
3185,0,0,3185,1.9593863707203e-17,3.636381565006e-11,7.9372814862725e-17,-6.4434479417621e-21,0,3.7e-11,1,0.000181,1.2680203643732e-46,0.9798800610652,3.8552107457165e-07
3186,0,0,3186,1.9602884778657e-17,3.6800505382784e-11,-7.9040841623073e-17,-9.0210714543562e-21,0,3.7e-11,1,0.000181,1.1806836685291e-46,0.99168113924224,4.1134277352038e-07
3187,0,0,3187,1.9614522905869e-17,3.6398299055077e-11,7.2799345315003e-17,-1.1638127211341e-20,0,3.7e-11,1,0.000181,1.0993265141617e-46,0.98080896014082,3.8750437652873e-07
3188,0,0,3188,1.9628796932889e-17,3.6155530110785e-11,4.3941178916867e-17,-1.4274027020642e-20,0,3.7e-11,1,0.000181,1.0235420000778e-46,0.97424550591596,3.7366724318257e-07
3189,0,0,3189,1.9645704355928e-17,3.6124324294464e-11,5.6482527540286e-18,-1.6907423038669e-20,0,3.7e-11,1,0.000181,9.5295074246922e-47,0.97339958084846,3.7191355582606e-07
3190,0,0,3190,1.9665220770322e-17,3.6888329877318e-11,-1.3828501049643e-16,-1.9516414394236e-20,0,3.7e-11,1,0.000181,8.871990257842e-47,0.99404546618249,4.1668179465193e-07
3191,0,0,3191,1.9687299526781e-17,3.6517548587262e-11,6.7111413499996e-17,-2.2078756458509e-20,0,3.7e-11,1,0.000181,8.2595707705323e-47,0.98402105342209,3.9442677951878e-07
3192,0,0,3192,1.9711871548291e-17,3.6465558836642e-11,9.4101448622083e-18,-2.4572021510364e-20,0,3.7e-11,1,0.000181,7.6891745548339e-47,0.98261225591817,3.9137836444648e-07
3193,0,0,3193,1.973884551411e-17,3.7658632553008e-11,-2.1594634266219e-16,-2.6973965818767e-20,0,3.7e-11,1,0.000181,7.1579354967181e-47,1.0148534637271,4.6615247470456e-07
3194,0,0,3194,1.9768108247091e-17,3.6328458406618e-11,2.4076152049629e-16,-2.9262732980689e-20,0,3.7e-11,1,0.000181,6.6631817529377e-47,0.97889844159337,3.8343421105516e-07
3195,0,0,3195,1.9799525208663e-17,3.66279971836e-11,-5.4216518633647e-17,-3.1416961572885e-20,0,3.7e-11,1,0.000181,6.2024226659191e-47,0.98698939301522,4.0091318837558e-07
3196,0,0,3196,1.983294148849e-17,3.6562068283127e-11,1.1933130985632e-17,-3.3416279826346e-20,0,3.7e-11,1,0.000181,5.7733365543356e-47,0.98520254110161,3.9699823266905e-07
3197,0,0,3197,1.9868182874513e-17,3.7716204278217e-11,-2.0889861511128e-16,-3.5241386022685e-20,0,3.7e-11,1,0.000181,5.3737593211449e-47,1.0163901435692,4.6998774604368e-07
3198,0,0,3198,1.9905057205792e-17,3.777855478093e-11,-1.1285440991113e-17,-3.687433127966e-20,0,3.7e-11,1,0.000181,5.0016738247153e-47,1.0180697861942,4.7420921601973e-07
3199,0,0,3199,1.9943355827266e-17,3.6669432805517e-11,2.0075107754969e-16,-3.8298621473402e-20,0,3.7e-11,1,0.000181,4.6551999622625e-47,0.98808779781563,4.0333535221463e-07
3200,0,0,3200,1.9982855338207e-17,3.6396306372536e-11,4.9435884369491e-17,-3.9499510941686e-20,0,3.7e-11,1,0.000181,4.3325854181717e-47,0.98070010423935,3.8727152778101e-07
3201,0,0,3201,2.0023319644996e-17,3.7665385268425e-11,-2.2970328015582e-16,-4.0464306788491e-20,0,3.7e-11,1,0.000181,4.0321970329169e-47,1.0149934917037,4.6650089858961e-07
3202,0,0,3202,2.0064502103934e-17,3.7632439014213e-11,5.9632720122917e-18,-4.1182458938363e-20,0,3.7e-11,1,0.000181,3.7525127512222e-47,1.0140969030116,4.6427363453611e-07
3203,0,0,3203,2.010614766137e-17,3.6736967958849e-11,1.6208026102101e-16,-4.1645557435748e-20,0,3.7e-11,1,0.000181,3.4921141108421e-47,0.98988876405707,4.0733259185808e-07
3204,0,0,3204,2.0147995252246e-17,3.7259271080214e-11,-9.4536864966951e-17,-4.1847590876573e-20,0,3.7e-11,1,0.000181,3.2496792359014e-47,1.0039988159275,4.3978154791156e-07
3205,0,0,3205,2.0189780365408e-17,3.7319697557118e-11,-1.0937192319685e-17,-4.1785113161677e-20,0,3.7e-11,1,0.000181,3.023976301121e-47,1.0056257245741,4.4365463167545e-07
3206,0,0,3206,2.0231237499711e-17,3.680781113292e-11,9.2651442779798e-17,-4.1457134302446e-20,0,3.7e-11,1,0.000181,2.8138574354893e-47,0.99178476594876,4.1157560401475e-07
3207,0,0,3207,2.027210267978e-17,3.6606926864062e-11,3.6360052663311e-17,-4.0865180069755e-20,0,3.7e-11,1,0.000181,2.6182530360251e-47,0.98634935937218,3.9950728630462e-07
3208,0,0,3208,2.0312116009591e-17,3.7320513243233e-11,-1.2915913462993e-16,-4.001332981087e-20,0,3.7e-11,1,0.000181,2.4361664642237e-47,1.0056295029141,4.4366365879995e-07
3209,0,0,3209,2.0351024119159e-17,3.6877215521032e-11,8.0236887718394e-17,-3.8908109567932e-20,0,3.7e-11,1,0.000181,2.2666690995988e-47,0.99364267361319,4.1576825506159e-07
3210,0,0,3210,2.0388582413322e-17,3.7506867605592e-11,-1.1396702730539e-16,-3.7558294162407e-20,0,3.7e-11,1,0.000181,2.1088957264337e-47,1.0106546892935,4.5580303012126e-07
3211,0,0,3211,2.0424557290149e-17,3.7015332725975e-11,8.8967813210588e-17,-3.5974876827126e-20,0,3.7e-11,1,0.000181,1.9620402314389e-47,0.99736459102753,4.2427211046981e-07
3212,0,0,3212,2.0458728051932e-17,3.7447961170311e-11,-7.8305748424845e-17,-3.4170761783179e-20,0,3.7e-11,1,0.000181,1.8253515914991e-47,1.0090521492869,4.5190271943187e-07
3213,0,0,3213,2.0490888709681e-17,3.7938927703733e-11,-8.8864942549388e-17,-3.2160657749403e-20,0,3.7e-11,1,0.000181,1.6981301320773e-47,1.0223167128066,4.850211559757e-07
3214,0,0,3214,2.0520849443596e-17,3.77782997133e-11,2.9073666268402e-17,-2.9960733914403e-20,0,3.7e-11,1,0.000181,1.5797240381348e-47,1.0179709420134,4.7395993649275e-07
3215,0,0,3215,2.0548437762078e-17,3.6336710941033e-11,2.6092756778032e-16,-2.7588318482811e-20,0,3.7e-11,1,0.000181,1.4695261006346e-47,0.97900496379945,3.8366022428666e-07
3216,0,0,3216,2.0573499426732e-17,3.6656387211425e-11,-5.7861404941046e-17,-2.5061664653964e-20,0,3.7e-11,1,0.000181,1.3669706828251e-47,0.98764112077666,4.0234892032762e-07
3217,0,0,3217,2.0595899222365e-17,3.7745744373153e-11,-1.971736462726e-16,-2.239979563225e-20,0,3.7e-11,1,0.000181,1.2715308915531e-47,1.017079861478,4.717175002867e-07
3218,0,0,3218,2.061552126117e-17,3.6744745554336e-11,1.8118078620586e-16,-1.9622038804987e-20,0,3.7e-11,1,0.000181,1.1827159398366e-47,0.99002290937339,4.0763161470227e-07
3219,0,0,3219,2.0632268953702e-17,3.7606268303888e-11,-1.559356176687e-16,-1.6747692532189e-20,0,3.7e-11,1,0.000181,1.1000686878505e-47,1.0133048072346,4.623131675748e-07
3220,0,0,3220,2.0646064949506e-17,3.6703239876822e-11,1.6344814529877e-16,-1.3795995804383e-20,0,3.7e-11,1,0.000181,1.0231633503333e-47,0.98889657350386,4.0512645218376e-07
3221,0,0,3221,2.0656850631436e-17,3.6666388886855e-11,6.6700291841151e-18,-1.0785681929866e-20,0,3.7e-11,1,0.000181,9.5160335922228e-48,0.98789899027763,4.0291815343863e-07
3222,0,0,3222,2.0664585591548e-17,3.691827622346e-11,-4.5591607925534e-17,-7.7349601114858e-21,0,3.7e-11,1,0.000181,8.8501937107647e-48,0.99470560114301,4.181825293127e-07
3223,0,0,3223,2.066924687183e-17,3.7774304809252e-11,-1.5494117402835e-16,-4.6612802823199e-21,0,3.7e-11,1,0.000181,8.2306740954005e-48,1.017840812842,4.7363192088835e-07
3224,0,0,3224,2.0670828044584e-17,3.6510742339476e-11,2.2870480702925e-16,-1.5811727538823e-21,0,3.7e-11,1,0.000181,7.6542713375375e-48,0.98369023971936,3.9370921771248e-07
3225,0,0,3225,2.0669338142757e-17,3.681094711573e-11,-5.4337064501924e-17,1.4899018268518e-21,0,3.7e-11,1,0.000181,7.1180022422861e-48,0.99180410479384,4.1161906680216e-07
3226,0,0,3226,2.0664800751252e-17,3.6556654626024e-11,4.6026940636743e-17,4.5373915051367e-21,0,3.7e-11,1,0.000181,6.6190887826479e-48,0.98493201232778,3.9640823623034e-07
3227,0,0,3227,2.0657252919412e-17,3.7521211260549e-11,-1.7458475084895e-16,7.5478318396893e-21,0,3.7e-11,1,0.000181,6.1549440752861e-48,1.0110022376049,4.5665251464731e-07
3228,0,0,3228,2.0646744158781e-17,3.7124260182769e-11,7.1848145078139e-17,1.0508760630862e-20,0,3.7e-11,1,0.000181,5.7231593089514e-48,1.0002753992717,4.310211014174e-07
3229,0,0,3229,2.0633335378148e-17,3.7744781388571e-11,-1.1231433825007e-16,1.3408780633326e-20,0,3.7e-11,1,0.000181,5.3214915612648e-48,1.0170482448788,4.7163809517945e-07
3230,0,0,3230,2.0617098025433e-17,3.7162448422481e-11,1.0540226686233e-16,1.6237352714795e-20,0,3.7e-11,1,0.000181,4.9478524438651e-48,1.0013119406366,4.3344545154774e-07
3231,0,0,3231,2.0598113202365e-17,3.7474565443609e-11,-5.6493180824277e-17,1.8984823068442e-20,0,3.7e-11,1,0.000181,4.6002975199573e-48,1.0097503706273,4.5359871254933e-07
3232,0,0,3232,2.0576470995532e-17,3.7252399164762e-11,4.0212096471345e-17,2.1642206832357e-20,0,3.7e-11,1,0.000181,4.2770164420508e-48,1.0037491082315,4.3918953194615e-07
3233,0,0,3233,2.0552269826988e-17,3.7797524918858e-11,-9.8667761491275e-17,2.4201168544713e-20,0,3.7e-11,1,0.000181,3.976323761186e-48,1.0184858504534,4.752596792528e-07
3234,0,0,3234,2.052561597134e-17,3.7440974072321e-11,6.4535703222999e-17,2.6653855647798e-20,0,3.7e-11,1,0.000181,3.6966503622209e-48,1.008853321057,4.5142070880073e-07
3235,0,0,3235,2.0496623095186e-17,3.6848477220367e-11,1.0724193020366e-16,2.8992876153408e-20,0,3.7e-11,1,0.000181,3.436535482796e-48,0.99284422185923,4.1396218128091e-07
3236,0,0,3236,2.0465411973633e-17,3.6378963813905e-11,8.4981926569698e-17,3.1211121553238e-20,0,3.7e-11,1,0.000181,3.1946192764559e-48,0.98015933079635,3.8611647410651e-07
3237,0,0,3237,2.0432110325729e-17,3.7627760936385e-11,-2.2603227916883e-16,3.3301647904579e-20,0,3.7e-11,1,0.000181,2.9696358830581e-48,1.0139155769986,4.6382424868688e-07
3238,0,0,3238,2.0396852721725e-17,3.7309455768153e-11,5.7613235450006e-17,3.5257604003708e-20,0,3.7e-11,1,0.000181,2.7604069720829e-48,1.0053179993003,4.4291992400973e-07
3239,0,0,3239,2.0359780371971e-17,3.6337716251632e-11,1.7588485249015e-16,3.7072349753721e-20,0,3.7e-11,1,0.000181,2.565835726776e-48,0.97906030478922,3.8377768676464e-07
3240,0,0,3240,2.0321041114543e-17,3.6553761864016e-11,-3.9104255841502e-17,3.8739257428237e-20,0,3.7e-11,1,0.000181,2.3849012392149e-48,0.98490515996302,3.9634971290862e-07
3241,0,0,3241,2.028078947425e-17,3.631334246884e-11,4.3515910526866e-17,4.0251640292733e-20,0,3.7e-11,1,0.000181,2.2166532884046e-48,0.97841334887051,3.8240633912142e-07
3242,0,0,3242,2.0239186587997e-17,3.6758334903784e-11,-8.054363072483e-17,4.1602886252718e-20,0,3.7e-11,1,0.000181,2.0602074753937e-48,0.99044638360413,4.0857675413919e-07
3243,0,0,3243,2.0196400167828e-17,3.6755213415975e-11,5.649892933965e-19,4.2786420169621e-20,0,3.7e-11,1,0.000181,1.9147406911533e-48,0.99036840796232,4.0840258856688e-07
3244,0,0,3244,2.0152604354736e-17,3.6879279071213e-11,-2.2455883598143e-17,4.3795813091511e-20,0,3.7e-11,1,0.000181,1.7794868945989e-48,0.99372807339628,4.159618065075e-07
3245,0,0,3245,2.0107979548365e-17,3.7167109383773e-11,-5.2097286573272e-17,4.4624806371619e-20,0,3.7e-11,1,0.000181,1.6537331796652e-48,1.0015139344355,4.3391918348775e-07
3246,0,0,3246,2.0062712137101e-17,3.7633102942067e-11,-8.4344834051174e-17,4.5267411263404e-20,0,3.7e-11,1,0.000181,1.5368161117683e-48,1.0141151142865,4.643187877106e-07
3247,0,0,3247,2.0016994088718e-17,3.6572006810584e-11,1.9205839979832e-16,4.5718048382923e-20,0,3.7e-11,1,0.000181,1.4281183153168e-48,0.98544366710871,3.9752470787933e-07
3248,0,0,3248,1.9971022387916e-17,3.676800043089e-11,-3.5474845275402e-17,4.5971700802185e-20,0,3.7e-11,1,0.000181,1.3270652951769e-48,0.99074765650339,4.0925024321616e-07
3249,0,0,3249,1.9924998500654e-17,3.7751514108352e-11,-1.7801597562058e-16,4.6023887262324e-20,0,3.7e-11,1,0.000181,1.2331224761514e-48,1.0173359795597,4.7236114287698e-07
3250,0,0,3250,1.9879127575204e-17,3.7187095182526e-11,1.0215982557444e-16,4.5870925449921e-20,0,3.7e-11,1,0.000181,1.1457924456123e-48,1.0020882634705,4.3526845276142e-07
3251,0,0,3251,1.9833617434449e-17,3.7286362290484e-11,-1.7967346540348e-17,4.5510140754676e-20,0,3.7e-11,1,0.000181,1.064612385433e-48,1.0047779538813,4.4163294000734e-07
3252,0,0,3252,1.9788677598869e-17,3.6814193860464e-11,8.5462485833645e-17,4.4939835579981e-20,0,3.7e-11,1,0.000181,9.8915168030414e-49,0.99202335540468,4.1211207995584e-07
3253,0,0,3253,1.9744518122086e-17,3.7717603175254e-11,-1.6351708597695e-16,4.4159476783253e-20,0,3.7e-11,1,0.000181,9.1900969039529e-49,1.0164464172912,4.7012868172864e-07
3254,0,0,3254,1.9701348389967e-17,3.7578403501595e-11,2.5195140932304e-17,4.3169732119103e-20,0,3.7e-11,1,0.000181,8.5381367713738e-49,1.0126907100789,4.6079790344377e-07
3255,0,0,3255,1.9659375707895e-17,3.6858979819617e-11,1.3021568643791e-16,4.1972682072017e-20,0,3.7e-11,1,0.000181,7.9321687166572e-49,0.99325309416796,4.148862372307e-07
3256,0,0,3256,1.9618803941271e-17,3.7313922225564e-11,-8.2344575476269e-17,4.0571766624214e-20,0,3.7e-11,1,0.000181,7.3689667617215e-49,1.0055548930694,4.4348543036038e-07
3257,0,0,3257,1.9579832181157e-17,3.6576121477215e-11,1.3354193545112e-16,3.8971760114014e-20,0,3.7e-11,1,0.000181,6.8455298907705e-49,0.98562015158948,3.9791040528287e-07
3258,0,0,3258,1.9542653297846e-17,3.7666100444753e-11,-1.9728619312446e-16,3.7178883310263e-20,0,3.7e-11,1,0.000181,6.3590664555039e-49,1.0150845941769,4.667276978364e-07
3259,0,0,3259,1.9507452656273e-17,3.6907383145075e-11,1.3732783124175e-16,3.520064157306e-20,0,3.7e-11,1,0.000181,5.9069796548609e-49,0.9945839773932,4.1790570219487e-07
3260,0,0,3260,1.9474406700126e-17,3.6171666410717e-11,1.3316472891879e-16,3.3045956147671e-20,0,3.7e-11,1,0.000181,5.486854015716e-49,0.97470467577119,3.7462196762373e-07
3261,0,0,3261,1.9443681799507e-17,3.714866564366e-11,-1.768368611626e-16,3.0724900618295e-20,0,3.7e-11,1,0.000181,5.0964428059497e-49,1.0011146483056,4.3298315303426e-07
3262,0,0,3262,1.9415433194773e-17,3.655148542689e-11,1.0808961923523e-16,2.824860473431e-20,0,3.7e-11,1,0.000181,4.7336563159865e-49,0.98497886054538,3.9651035633434e-07
3263,0,0,3263,1.9389803876723e-17,3.6455620870108e-11,1.7351484777528e-17,2.5629318049862e-20,0,3.7e-11,1,0.000181,4.396550949248e-49,0.98239175356322,3.9090297573481e-07
3264,0,0,3264,1.9366923753563e-17,3.6480560755752e-11,-4.5141193014806e-18,2.2880123160681e-20,0,3.7e-11,1,0.000181,4.083319066021e-49,0.98306922100008,3.9236505213401e-07
3265,0,0,3265,1.9346908894463e-17,3.6771238251288e-11,-5.2612626692067e-17,2.0014859099774e-20,0,3.7e-11,1,0.000181,3.792279529032e-49,0.99092835815868,4.0965463195655e-07
3266,0,0,3266,1.932986087726e-17,3.6255925021182e-11,9.327169464913e-17,1.7048017202709e-20,0,3.7e-11,1,0.000181,3.5218689025403e-49,0.97700351918124,3.7943177037131e-07
3267,0,0,3267,1.9315866240145e-17,3.6966902947896e-11,-1.2868700473521e-16,1.3994637114891e-20,0,3.7e-11,1,0.000181,3.270633260053e-49,0.99622122850964,4.216447992102e-07
3268,0,0,3268,1.9304996138512e-17,3.7623960326662e-11,-1.1892738555658e-16,1.0870101632981e-20,0,3.7e-11,1,0.000181,3.0372205588309e-49,1.0139811591739,4.6398674205615e-07
3269,0,0,3269,1.9297305989207e-17,3.7249361327676e-11,6.7802418816366e-17,7.6901493056935e-21,0,3.7e-11,1,0.000181,2.8203735422095e-49,1.0038580102016,4.3944764069458e-07
3270,0,0,3270,1.9292835210087e-17,3.6972592760673e-11,5.0095110627668e-17,4.4707791192028e-21,0,3.7e-11,1,0.000181,2.6189231334245e-49,0.99637844624036,4.2200527819206e-07
3271,0,0,3271,1.9291607131926e-17,3.6424904256992e-11,9.9131619166142e-17,1.2280781611133e-21,0,3.7e-11,1,0.000181,2.4317822871124e-49,0.98157623762635,3.8914886518532e-07
3272,0,0,3272,1.9293628955736e-17,3.6210800386949e-11,3.8752800477823e-17,-2.0218238097493e-21,0,3.7e-11,1,0.000181,2.2579402669717e-49,0.97578934464418,3.76885155153e-07
3273,0,0,3273,1.929889180741e-17,3.6483908263493e-11,-4.9432525654368e-17,-5.2628516737618e-21,0,3.7e-11,1,0.000181,2.0964573202273e-49,0.98316985275269,3.9258261038475e-07
3274,0,0,3274,1.9307370850869e-17,3.7174596758458e-11,-1.2501461758867e-16,-8.4790434591367e-21,0,3.7e-11,1,0.000181,1.9464597215477e-49,1.0018358432776,4.3467502214495e-07
3275,0,0,3275,1.9319025439732e-17,3.691902258697e-11,4.6258925039329e-17,-1.1654588862839e-20,0,3.7e-11,1,0.000181,1.8071351609418e-49,0.99492669296728,4.1868613806995e-07
3276,0,0,3276,1.9333799299851e-17,3.6396709268333e-11,9.4538710673337e-17,-1.4773860119059e-20,0,3.7e-11,1,0.000181,1.6777284519046e-49,0.98080791074636,3.8750213127162e-07
3277,0,0,3277,1.9351620863797e-17,3.6057913937072e-11,6.1321954958279e-17,-1.7821563946425e-20,0,3.7e-11,1,0.000181,1.5575375377106e-49,0.97164861904527,3.6830495307756e-07
3278,0,0,3278,1.9372403700048e-17,3.6621021156828e-11,-1.0192240677585e-16,-2.0782836250983e-20,0,3.7e-11,1,0.000181,1.4459097752671e-49,0.98686462978733,4.0063881661251e-07
3279,0,0,3279,1.9396047020002e-17,3.7416680166503e-11,-1.440142807511e-16,-2.364331995361e-20,0,3.7e-11,1,0.000181,1.3422384773546e-49,1.0083653969116,4.5023963182615e-07
3280,0,0,3280,1.9422436207817e-17,3.7313571679196e-11,1.8662636202497e-17,-2.6389187815338e-20,0,3.7e-11,1,0.000181,1.2459596953958e-49,1.0055747405893,4.4353283653358e-07
3281,0,0,3281,1.9451443422893e-17,3.6339488198427e-11,1.7630911001916e-16,-2.9007215075438e-20,0,3.7e-11,1,0.000181,1.1565492261238e-49,0.97924382865349,3.8416743010773e-07
3282,0,0,3282,1.9482928378283e-17,3.648517267094e-11,-2.6368889524788e-17,-3.1484955390441e-20,0,3.7e-11,1,0.000181,1.0735198266598e-49,0.98317654547735,3.9259708303761e-07
3283,0,0,3283,1.9516739290239e-17,3.6075848025152e-11,7.4087760887635e-17,-3.3810911956467e-20,0,3.7e-11,1,0.000181,9.964186235783e-50,0.97210866854745,3.6925030392507e-07
3284,0,0,3284,1.9552713824133e-17,3.6647537931031e-11,-1.0347587296411e-16,-3.5974533893153e-20,0,3.7e-11,1,0.000181,9.2482470252814e-50,0.98755437534605,4.0215758188907e-07
3285,0,0,3285,1.9590680232946e-17,3.7689008891909e-11,-1.88506243919e-16,-3.7966408813095e-20,0,3.7e-11,1,0.000181,8.583468659023e-50,1.015696569987,4.6825354068849e-07
3286,0,0,3286,1.9630458523653e-17,3.7445133919043e-11,4.4141370088818e-17,-3.9778290707508e-20,0,3.7e-11,1,0.000181,7.9662154691069e-50,1.0090994147862,4.5201736483854e-07
3287,0,0,3287,1.9671861676125e-17,3.7870365730016e-11,-7.696695778616e-17,-4.1403152471964e-20,0,3.7e-11,1,0.000181,7.3931086921213e-50,1.0205859840909,4.8059101791079e-07
3288,0,0,3288,1.9714697065358e-17,3.775525979328e-11,2.0834174549272e-17,-4.2835389232683e-20,0,3.7e-11,1,0.000181,6.8610084200913e-50,1.0174686166221,4.7269475038529e-07
3289,0,0,3289,1.9758767857486e-17,3.7617480483933e-11,2.4938054991761e-17,-4.4070792127979e-20,0,3.7e-11,1,0.000181,6.3669968120471e-50,1.0137382708279,4.6338516834756e-07
3290,0,0,3290,1.9803874473439e-17,3.6638071924522e-11,1.7727294925334e-16,-4.5106615953442e-20,0,3.7e-11,1,0.000181,5.9083624786924e-50,0.98726103387564,4.0151109449217e-07
3291,0,0,3291,1.9849816059917e-17,3.7017308417795e-11,-6.8641805282277e-17,-4.5941586477442e-20,0,3.7e-11,1,0.000181,5.482585958693e-50,0.99750380880409,4.2459292588118e-07
3292,0,0,3292,1.9896392032539e-17,3.7094462585815e-11,-1.3964904411666e-17,-4.6575972622046e-20,0,3.7e-11,1,0.000181,5.0873262107252e-50,0.99958210183665,4.2940573833703e-07
3293,0,0,3293,1.9943403456285e-17,3.727745628706e-11,-3.31218599253e-17,-4.7011423746578e-20,0,3.7e-11,1,0.000181,4.7204080506707e-50,1.0045208577724,4.4102132562708e-07
3294,0,0,3294,1.9990654405464e-17,3.7068787084783e-11,3.7769125612034e-17,-4.7250949179019e-20,0,3.7e-11,1,0.000181,4.3798104682175e-50,0.99887409406306,4.277611983304e-07
3295,0,0,3295,2.0037953222742e-17,3.6344193498726e-11,1.3115143907648e-16,-4.7298817277674e-20,0,3.7e-11,1,0.000181,4.0636557616739e-50,0.97928342094172,3.8425155319872e-07
3296,0,0,3296,2.0085113696181e-17,3.6471740514452e-11,-2.3086009846488e-17,-4.7160473439388e-20,0,3.7e-11,1,0.000181,3.7701994340346e-50,0.98272359555319,3.9161858448244e-07
3297,0,0,3297,2.0131956162107e-17,3.6603414304246e-11,-2.383295595259e-17,-4.6842465925711e-20,0,3.7e-11,1,0.000181,3.4978207972816e-50,0.98627535208397,3.993449810268e-07
3298,0,0,3298,2.0178308388908e-17,3.6694086085944e-11,-1.6411592487347e-17,-4.6352226800849e-20,0,3.7e-11,1,0.000181,3.2450142355664e-50,0.9887190194366,4.0473268968012e-07
3299,0,0,3299,2.022400633289e-17,3.7396132223119e-11,-1.2707035082864e-16,-4.569794398219e-20,0,3.7e-11,1,0.000181,3.0103810813458e-50,1.0076864157162,4.4860027274288e-07
3300,0,0,3300,2.0268894763012e-17,3.7679163262054e-11,-5.1228618047322e-17,-4.4888430121474e-20,0,3.7e-11,1,0.000181,2.7926220617209e-50,1.0153292004881,4.6733708906355e-07
3301,0,0,3301,2.0312827662822e-17,3.7207052905406e-11,8.5451974553294e-17,-4.3932899810592e-20,0,3.7e-11,1,0.000181,2.5905302751947e-50,1.0025629010327,4.3638609709327e-07
3302,0,0,3302,2.0355668512944e-17,3.7443368648467e-11,-4.2773149494019e-17,-4.2840850121852e-20,0,3.7e-11,1,0.000181,2.4029846618203e-50,1.0089434159862,4.5163907005428e-07
3303,0,0,3303,2.0397290484614e-17,3.6832686225394e-11,1.1053351857628e-16,-4.1621971670094e-20,0,3.7e-11,1,0.000181,2.2289439322859e-50,0.99243227061545,4.1303286466135e-07
3304,0,0,3304,2.0437576403706e-17,3.6893400805587e-11,-1.0989339015082e-17,-4.0285919091805e-20,0,3.7e-11,1,0.000181,2.0674409238687e-50,0.99406718969802,4.1673111038504e-07
3305,0,0,3305,2.0476418674314e-17,3.6823231555619e-11,1.2700634244298e-17,-3.884227060806e-20,0,3.7e-11,1,0.000181,1.9175773534204e-50,0.99216492353184,4.1243066979276e-07
3306,0,0,3306,2.0513719035945e-17,3.7531154709404e-11,-1.2813409083509e-16,-3.7300361630626e-20,0,3.7e-11,1,0.000181,1.7785189396195e-50,1.0112924120302,4.5736275316343e-07
3307,0,0,3307,2.0549388247867e-17,3.6812152809463e-11,1.3013934388942e-16,-3.5669211922606e-20,0,3.7e-11,1,0.000181,1.6494908686548e-50,0.99185460210017,4.1173257383375e-07
3308,0,0,3308,2.0583345629778e-17,3.7131048767218e-11,-5.7720168353649e-17,-3.3957381910706e-20,0,3.7e-11,1,0.000181,1.5297735793031e-50,1.0004683412329,4.3147153081974e-07
3309,0,0,3309,2.0615518704448e-17,3.6849408681792e-11,5.0976855462021e-17,-3.2173074669966e-20,0,3.7e-11,1,0.000181,1.4186988450325e-50,0.99285164292965,4.1397893801692e-07
3310,0,0,3310,2.0645842702593e-17,3.62294433008e-11,1.1221373395953e-16,-3.0323998145468e-20,0,3.7e-11,1,0.000181,1.3156461323254e-50,0.97609129382443,3.7751715891998e-07
3311,0,0,3311,2.0674260151222e-17,3.7494282549115e-11,-2.2893590394495e-16,-2.841744862865e-20,0,3.7e-11,1,0.000181,1.2200392158594e-50,1.0102718950632,4.5486888833742e-07
3312,0,0,3312,2.0700720547301e-17,3.638237161597e-11,2.0125587889927e-16,-2.6460396078885e-20,0,3.7e-11,1,0.000181,1.1313430325345e-50,0.9802162971395,3.8623801764464e-07
3313,0,0,3313,2.0725179907897e-17,3.7091455719786e-11,-1.2834422279065e-16,-2.4459360595585e-20,0,3.7e-11,1,0.000181,1.0490607575939e-50,0.99937708009158,4.289289904295e-07
3314,0,0,3314,2.0747600686393e-17,3.7603390763637e-11,-9.2660242937125e-17,-2.2420778496977e-20,0,3.7e-11,1,0.000181,9.7273108724691e-51,1.0132098144739,4.6207851088493e-07
3315,0,0,3315,2.0767951623881e-17,3.7567811631747e-11,6.4398228720832e-18,-2.0350937487766e-20,0,3.7e-11,1,0.000181,9.0192571329827e-51,1.0122451775007,4.5970110337581e-07
3316,0,0,3316,2.0786207759555e-17,3.7758863779036e-11,-3.4580438659247e-17,-1.8256135674106e-20,0,3.7e-11,1,0.000181,8.3624697629341e-51,1.0174060230321,4.7253729163967e-07
3317,0,0,3317,2.0802350648793e-17,3.7321277633743e-11,7.9203092297905e-17,-1.6142889238046e-20,0,3.7e-11,1,0.000181,7.75325684635e-51,1.0055769599909,4.4353813787255e-07
3318,0,0,3318,2.0816368684633e-17,3.6856017264259e-11,8.4212126876631e-17,-1.4018035839945e-20,0,3.7e-11,1,0.000181,7.1881908800147e-51,0.9930002622288,4.1431463603289e-07
3319,0,0,3319,2.0828257613971e-17,3.6446216675608e-11,7.4173906545791e-17,-1.188892933743e-20,0,3.7e-11,1,0.000181,6.664089942131e-51,0.98192279538168,3.8989349776068e-07
3320,0,0,3320,2.0838021197163e-17,3.7564700561567e-11,-2.0244558335837e-16,-9.7635831924697e-21,0,3.7e-11,1,0.000181,6.1780001945154e-51,1.0121506316928,4.5946862706387e-07
3321,0,0,3321,2.084567199293e-17,3.7833559675721e-11,-4.8663499661815e-17,-7.6507957668772e-21,0,3.7e-11,1,0.000181,5.7271796244357e-51,1.0194159518161,4.7761482633631e-07
3322,0,0,3322,2.0851232062517e-17,3.639122730964e-11,2.6106215826063e-16,-5.5600695864409e-21,0,3.7e-11,1,0.000181,5.3090829387797e-51,0.98043316574321,3.8670101453242e-07
3323,0,0,3323,2.0854733799045e-17,3.6847087632566e-11,-8.2510718449689e-17,-3.5017365284824e-21,0,3.7e-11,1,0.000181,4.9213475293526e-51,0.99275319213012,4.137566816482e-07
3324,0,0,3324,2.0856220937294e-17,3.7826799893107e-11,-1.7732791915796e-16,-1.4871382491245e-21,0,3.7e-11,1,0.000181,4.5617804337889e-51,1.0192316798141,4.7714746953401e-07
3325,0,0,3325,2.0855749305292e-17,3.7078518210353e-11,1.3543898457846e-16,4.7163200212305e-22,0,3.7e-11,1,0.000181,4.2283462218582e-51,0.99900792097485,4.2807165336556e-07
3326,0,0,3326,2.0853387426189e-17,3.670473813374e-11,6.7654193866909e-17,2.3618791026684e-21,0,3.7e-11,1,0.000181,3.9191557418696e-51,0.98890610941925,4.051476088638e-07
3327,0,0,3327,2.0849217170687e-17,3.7381831670367e-11,-1.2255393012943e-16,4.1702555028193e-21,0,3.7e-11,1,0.000181,3.6324556664557e-51,1.0072065574385,4.4744462174132e-07
3328,0,0,3328,2.0843334174496e-17,3.7110009069656e-11,4.919989072866e-17,5.8829961902131e-21,0,3.7e-11,1,0.000181,3.3666187812795e-51,0.99986087911501,4.3005468695033e-07
3329,0,0,3329,2.0835847929192e-17,3.7597315360765e-11,-8.8202438690695e-17,7.4862453041378e-21,0,3.7e-11,1,0.000181,3.1201349641755e-51,1.0130324372658,4.616406032663e-07
3330,0,0,3330,2.0826881730179e-17,3.6604037942915e-11,1.7978321263058e-16,8.9661990131622e-21,0,3.7e-11,1,0.000181,2.8916028059171e-51,0.98618844048641,3.9915444397229e-07
3331,0,0,3331,2.0816572263316e-17,3.6617262604528e-11,-2.3936637518985e-18,1.0309466862734e-20,0,3.7e-11,1,0.000181,2.6797218272362e-51,0.98654740318893,3.9994188047321e-07
3332,0,0,3332,2.0805069070025e-17,3.7521653029144e-11,-1.6369466685546e-16,1.1503193291269e-20,0,3.7e-11,1,0.000181,2.4832852499093e-51,1.0109921053016,4.5662773081503e-07
3333,0,0,3333,2.079253363892e-17,3.7666585348611e-11,-2.6232749823619e-17,1.2535431105069e-20,0,3.7e-11,1,0.000181,2.3011732826941e-51,1.014911066815,4.6629577959018e-07
3334,0,0,3334,2.0779138131831e-17,3.7064209330343e-11,1.0903005930661e-16,1.3395507088743e-20,0,3.7e-11,1,0.000181,2.1323468856552e-51,0.99863263411382,4.2720151789619e-07
3335,0,0,3335,2.0765063928545e-17,3.6928056843628e-11,2.4643600095494e-17,1.4074203285879e-20,0,3.7e-11,1,0.000181,1.97584197899e-51,0.99495493874392,4.1875051264793e-07
3336,0,0,3336,2.0750499990065e-17,3.6674597132591e-11,4.5876207697692e-17,1.4563938480617e-20,0,3.7e-11,1,0.000181,1.83076406485e-51,0.98810685097937,4.0337747261551e-07
3337,0,0,3337,2.0735640942969e-17,3.6573055387234e-11,1.8379055909556e-17,1.4859047095706e-20,0,3.7e-11,1,0.000181,1.696283232871e-51,0.98536469824494,3.9735222438826e-07
3338,0,0,3338,2.0720685007066e-17,3.7184447610252e-11,-1.1066199236632e-16,1.4955935903303e-20,0,3.7e-11,1,0.000181,1.5716295221952e-51,1.0018910456098,4.3480474441239e-07
3339,0,0,3339,2.0705831784225e-17,3.7426524748144e-11,-4.3815961958351e-17,1.4853222841069e-20,0,3.7e-11,1,0.000181,1.4560886146818e-51,1.0084358888502,4.5041010985801e-07
3340,0,0,3340,2.069127987742e-17,3.7188975523478e-11,4.2996409664471e-17,1.4551906804369e-20,0,3.7e-11,1,0.000181,1.3489978357931e-51,1.0020178124342,4.3510275854563e-07
3341,0,0,3341,2.0677224480564e-17,3.6440788605982e-11,1.3542183206685e-16,1.4055396856067e-20,0,3.7e-11,1,0.000181,1.2497424413002e-51,0.98179864315396,3.8962660420214e-07
3342,0,0,3342,2.0663855005023e-17,3.7818592843632e-11,-2.4938256701475e-16,1.3369475541373e-20,0,3.7e-11,1,0.000181,1.1577521694958e-51,1.0190385918609,4.7665815354781e-07
3343,0,0,3343,2.0651352796518e-17,3.7809876462939e-11,1.5776649053653e-18,1.2502208504363e-20,0,3.7e-11,1,0.000181,1.0724980400383e-51,1.0188048808415,4.7606643954976e-07
3344,0,0,3344,2.0639888702797e-17,3.6934186373343e-11,1.5849990621694e-16,1.1464093721023e-20,0,3.7e-11,1,0.000181,9.9348938188531e-52,0.99513929294794,4.1917087014475e-07
3345,0,0,3345,2.0629620904556e-17,3.7110003010697e-11,-3.1822811360953e-17,1.0267798241213e-20,0,3.7e-11,1,0.000181,9.2027107401305e-52,0.9998926271512,4.3012864195595e-07
3346,0,0,3346,2.0620692977647e-17,3.643399182543e-11,1.2235802453329e-16,8.9279269093457e-21,0,3.7e-11,1,0.000181,8.5242098377492e-52,0.98162338769975,3.8925010615959e-07
3347,0,0,3347,2.0613232032371e-17,3.7797093631012e-11,-2.4672142681025e-16,7.4609452755588e-21,0,3.7e-11,1,0.000181,7.8954758882211e-52,1.0184650911125,4.7520722192769e-07
3348,0,0,3348,2.0607347187483e-17,3.7817030776322e-11,-3.6086233012136e-18,5.8848448880741e-21,0,3.7e-11,1,0.000181,7.3128776950695e-52,1.0190048116062,4.7657259100455e-07
3349,0,0,3349,2.0603128077567e-17,3.6854044959116e-11,1.7430043291435e-16,4.2191099165262e-21,0,3.7e-11,1,0.000181,6.7730475961608e-52,0.99297879789792,4.1426613916447e-07
3350,0,0,3350,2.0600643745665e-17,3.6700317615588e-11,2.7824649178502e-17,2.4843319021432e-21,0,3.7e-11,1,0.000181,6.2728624414219e-52,0.98882437579153,4.0496630130762e-07
3351,0,0,3351,2.0599941904388e-17,3.7783898570103e-11,-1.9612815276708e-16,7.0184127686188e-22,0,3.7e-11,1,0.000181,5.8094259360295e-52,1.0181104523345,4.7431180479596e-07
3352,0,0,3352,2.0601048372679e-17,3.7152042822297e-11,1.1436589035279e-16,-1.10646829095e-21,0,3.7e-11,1,0.000181,5.3800522516095e-52,1.0010331047429,4.3279219632488e-07
3353,0,0,3353,2.0603966649482e-17,3.650527079036e-11,1.1706573778063e-16,-2.9182768037873e-21,0,3.7e-11,1,0.000181,4.9822508148951e-52,0.98355234379658,3.9341042473011e-07
3354,0,0,3354,2.0608677921492e-17,3.632676710586e-11,3.2309166894456e-17,-4.7112720093479e-21,0,3.7e-11,1,0.000181,4.6137121897218e-52,0.97872721640126,3.8307114192168e-07
3355,0,0,3355,2.0615141307445e-17,3.6652139131496e-11,-5.8892336639991e-17,-6.4633859534846e-21,0,3.7e-11,1,0.000181,4.2722949742172e-52,0.98752008981534,4.0208197715561e-07
3356,0,0,3356,2.0623294275405e-17,3.6090664257799e-11,1.016269521391e-16,-8.1529679599085e-21,0,3.7e-11,1,0.000181,3.9560136405933e-52,0.97234387582294,3.6973439262169e-07
3357,0,0,3357,2.0633053233103e-17,3.6456049659088e-11,-6.6134757633257e-17,-9.7589576977327e-21,0,3.7e-11,1,0.000181,3.6630272501088e-52,0.98221769972552,3.9052805958206e-07
3358,0,0,3358,2.0644314413172e-17,3.6480733811544e-11,-4.4678315945718e-18,-1.1261180069062e-20,0,3.7e-11,1,0.000181,3.3916289805714e-52,0.98288315745503,3.9196305570588e-07
3359,0,0,3359,2.0656954835144e-17,3.6672567033886e-11,-3.4721813243838e-17,-1.2640421971502e-20,0,3.7e-11,1,0.000181,3.1402364081989e-52,0.98806595166465,4.0328706183277e-07
3360,0,0,3360,2.0670833455311e-17,3.6608336454085e-11,1.1625734943863e-17,-1.3878620167285e-20,0,3.7e-11,1,0.000181,2.9073824898062e-52,0.98632791768465,3.9946025703743e-07
3361,0,0,3361,2.0685792431579e-17,3.6668860475061e-11,-1.0954847796557e-17,-1.4958976268157e-20,0,3.7e-11,1,0.000181,2.6917071951307e-52,0.98796146835216,4.0305616921186e-07
3362,0,0,3362,2.0701658535318e-17,3.77511677833e-11,-1.9589762279128e-16,-1.5866103739272e-20,0,3.7e-11,1,0.000181,2.4919497426853e-52,1.0172106480875,4.7204608674602e-07
3363,0,0,3363,2.0718244656044e-17,3.764786105816e-11,1.8698517250236e-17,-1.6586120726186e-20,0,3.7e-11,1,0.000181,2.3069413958517e-52,1.0144160977857,4.6506556725608e-07
3364,0,0,3364,2.0735351268142e-17,3.6565832703925e-11,1.9584713211664e-16,-1.7106612097419e-20,0,3.7e-11,1,0.000181,2.1355987790121e-52,0.98516953384236,3.969262087837e-07
3365,0,0,3365,2.0752768071343e-17,3.6297018416772e-11,4.8655385974812e-17,-1.7416803201613e-20,0,3.7e-11,1,0.000181,1.9769176763881e-52,0.97790168215086,3.8132459477633e-07
3366,0,0,3366,2.077027578484e-17,3.711950614363e-11,-1.4887027856129e-16,-1.750771349624e-20,0,3.7e-11,1,0.000181,1.8299672789187e-52,1.0001284659119,4.3067833784011e-07
3367,0,0,3367,2.0787647920248e-17,3.7797563774665e-11,-1.2272843121746e-16,-1.7372135408556e-20,0,3.7e-11,1,0.000181,1.6938848469859e-52,1.0184517538143,4.7517352204829e-07
3368,0,0,3368,2.0804652500433e-17,3.6551597511787e-11,2.2551989358105e-16,-1.7004580184855e-20,0,3.7e-11,1,0.000181,1.5678707590947e-52,0.98477445081871,3.9606493977379e-07
3369,0,0,3369,2.0821053835612e-17,3.6332200445657e-11,3.9710868969452e-17,-1.6401335178457e-20,0,3.7e-11,1,0.000181,1.4511839187548e-52,0.97884235132571,3.8331524530432e-07
3370,0,0,3370,2.0836614542036e-17,3.763322317111e-11,-2.35485113307e-16,-1.5560706424201e-20,0,3.7e-11,1,0.000181,1.3431374937908e-52,1.0140028041554,4.6404038214983e-07
3371,0,0,3371,2.0851097491739e-17,3.7806780412677e-11,-3.1413860723549e-17,-1.4482949702981e-20,0,3.7e-11,1,0.000181,1.2430949641555e-52,1.0186913778114,4.7577928656047e-07
3372,0,0,3372,2.0864267648835e-17,3.7953048222461e-11,-2.6474473570936e-17,-1.3170157095953e-20,0,3.7e-11,1,0.000181,1.1504664560311e-52,1.0226425952839,4.8585902864833e-07
3373,0,0,3373,2.0875894061043e-17,3.7706926093587e-11,4.4548105326183e-17,-1.1626412208102e-20,0,3.7e-11,1,0.000181,1.0647053415947e-52,1.0159889097922,4.689838673581e-07
3374,0,0,3374,2.0885751848442e-17,3.7553544711847e-11,2.7762030094957e-17,-9.8577873996078e-21,0,3.7e-11,1,0.000181,9.8530508530242e-53,1.0118419950718,4.5871039533361e-07
3375,0,0,3375,2.0893624206224e-17,3.7106818979433e-11,8.0857357566948e-17,-7.8723577817248e-21,0,3.7e-11,1,0.000181,9.1179631891567e-53,0.99976715112305,4.2983641411164e-07
3376,0,0,3376,2.0899304378246e-17,3.7603211079288e-11,-8.9846970073763e-17,-5.6801720220015e-21,0,3.7e-11,1,0.000181,8.4374412877223e-53,1.0131823056552,4.6201057512337e-07
3377,0,0,3377,2.0902597623994e-17,3.704492371909e-11,1.0105001219572e-16,-3.2932457483552e-21,0,3.7e-11,1,0.000181,7.8074553998394e-53,0.99809296633289,4.2595277928057e-07
3378,0,0,3378,2.0903323022115e-17,3.6810611117436e-11,4.2410580899349e-17,-7.2539812088765e-22,0,3.7e-11,1,0.000181,7.2242718334439e-53,0.99176008499834,4.1152014063062e-07
3379,0,0,3379,2.0901315304867e-17,3.7528001252492e-11,-1.2984761444512e-16,2.0077172487148e-21,0,3.7e-11,1,0.000181,6.6844313174995e-53,1.0111493073609,4.5701237395556e-07
3380,0,0,3380,2.0896426549103e-17,3.7825795597041e-11,-5.3900776363331e-17,4.8887557633449e-21,0,3.7e-11,1,0.000181,6.184728938854e-53,1.0191985331515,4.7706344144399e-07
3381,0,0,3381,2.0888527605311e-17,3.6849008265427e-11,1.7679850702216e-16,7.8989437918951e-21,0,3.7e-11,1,0.000181,5.7221955380539e-53,0.99280005501523,4.1386246423065e-07
3382,0,0,3382,2.0877509386874e-17,3.7722400845305e-11,-1.58084056958e-16,1.1018218437383e-20,0,3.7e-11,1,0.000181,5.2940804586053e-53,1.0164069051237,4.7002972120273e-07
3383,0,0,3383,2.0863284062434e-17,3.7188064100201e-11,9.6714950863938e-17,1.4225324439761e-20,0,3.7e-11,1,0.000181,4.8978355517562e-53,1.0019674956061,4.3498444957961e-07
3384,0,0,3384,2.0845785780385e-17,3.6977603960963e-11,3.8093285201968e-17,1.7498282049617e-20,0,3.7e-11,1,0.000181,4.5311003459182e-53,0.99628199658862,4.2178410241369e-07
3385,0,0,3385,2.0824971266778e-17,3.7467849667215e-11,-8.8734472831505e-17,2.0814513607116e-20,0,3.7e-11,1,0.000181,4.191688296394e-53,1.0095349885768,4.5307499281463e-07
3386,0,0,3386,2.0800820084989e-17,3.6663566599152e-11,1.4557523531945e-16,2.4151181788532e-20,0,3.7e-11,1,0.000181,3.8775740371424e-53,0.98780121462767,4.0270224169568e-07
3387,0,0,3387,2.0773334504242e-17,3.7373354458783e-11,-1.2847160259322e-16,2.7485580746762e-20,0,3.7e-11,1,0.000181,3.5868815619575e-53,1.0069887744566,4.4692093265208e-07
3388,0,0,3388,2.0742539187372e-17,3.624544892813e-11,2.0415090104833e-16,3.0795316870384e-20,0,3.7e-11,1,0.000181,3.3178732676704e-53,0.97650943957056,3.7839379802893e-07
3389,0,0,3389,2.0708480397141e-17,3.6248404259885e-11,-5.34915047736e-19,3.4058790230843e-20,0,3.7e-11,1,0.000181,3.0689397968424e-53,0.97659439908049,3.7857211765151e-07
3390,0,0,3390,2.067122511257e-17,3.7174336535655e-11,-1.6759374191435e-16,3.7255284571225e-20,0,3.7e-11,1,0.000181,2.8385906219266e-53,1.001625158704,4.3418021566689e-07
3391,0,0,3391,2.063085977444e-17,3.6958920987022e-11,3.8990214302608e-17,4.0365338130163e-20,0,3.7e-11,1,0.000181,2.6254453170689e-53,0.99580914422526,4.2070113700766e-07
3392,0,0,3392,2.0587488719452e-17,3.7800072865467e-11,-1.522484899986e-16,4.3371054987828e-20,0,3.7e-11,1,0.000181,2.428225467598e-53,1.0185494549694,4.7542043257433e-07
3393,0,0,3393,2.0541232555406e-17,3.7022817200126e-11,1.4068327542671e-16,4.6256164045726e-20,0,3.7e-11,1,0.000181,2.2457471708689e-53,0.9975494520931,4.2469814996432e-07
3394,0,0,3394,2.0492226272181e-17,3.754835191403e-11,-9.512178321647e-17,4.9006283224818e-20,0,3.7e-11,1,0.000181,2.0769140854681e-53,1.0117604106566,4.5851013638432e-07
3395,0,0,3395,2.044061740783e-17,3.6529141202142e-11,1.8447713885159e-16,5.1608864351248e-20,0,3.7e-11,1,0.000181,1.9207109889009e-53,0.98422188146631,3.9486291176676e-07
3396,0,0,3396,2.0386564020317e-17,3.642121718282e-11,1.9534247497316e-17,5.4053387512901e-20,0,3.7e-11,1,0.000181,1.7761978067615e-53,0.98131308736301,3.8858422127112e-07
3397,0,0,3397,2.0330232837365e-17,3.7730053233702e-11,-2.3689932520964e-16,5.6331182952492e-20,0,3.7e-11,1,0.000181,1.6425040790682e-53,1.0166954460897,4.7075277987822e-07
3398,0,0,3398,2.0271797375841e-17,3.6472131132218e-11,2.2768390036856e-16,5.8435461523932e-20,0,3.7e-11,1,0.000181,1.5188238319257e-53,0.98270627707266,3.9158121122501e-07
3399,0,0,3399,2.0211436020426e-17,3.713936756768e-11,-1.2076979481857e-16,6.0361355414276e-20,0,3.7e-11,1,0.000181,1.4044108249879e-53,1.0007487074406,4.321267389996e-07
3400,0,0,3400,2.0149330528688e-17,3.7868979142163e-11,-1.320596949815e-16,6.2105491738175e-20,0,3.7e-11,1,0.000181,1.2985741473277e-53,1.0204772128121,4.8031370234206e-07
3401,0,0,3401,2.0085664497472e-17,3.6794577014087e-11,1.9446678518181e-16,6.3666031216322e-20,0,3.7e-11,1,0.000181,1.2006741363116e-53,0.99144882410816,4.1082119360037e-07
3402,0,0,3402,2.0020622001049e-17,3.6373364437716e-11,7.6239476323301e-17,6.5042496423359e-20,0,3.7e-11,1,0.000181,1.1101185959149e-53,0.98007441260647,3.8593535032888e-07
3403,0,0,3403,1.995438663423e-17,3.7360513041924e-11,-1.7867389736173e-16,6.6235366818861e-20,0,3.7e-11,1,0.000181,1.0263592926258e-53,1.0067639949162,4.4638094357199e-07
3404,0,0,3404,1.9887140711909e-17,3.7769142246305e-11,-7.3961885992946e-17,6.7245922320785e-20,0,3.7e-11,1,0.000181,9.4888870867051e-54,1.017818068668,4.7357460883052e-07
3405,0,0,3405,1.9819064559725e-17,3.7595311886832e-11,3.1463295064648e-17,6.8076152183499e-20,0,3.7e-11,1,0.000181,8.7723703376452e-54,1.0131301160157,4.6188171000332e-07
3406,0,0,3406,1.9750336087312e-17,3.7191808287695e-11,7.3034151443742e-17,6.8728472413685e-20,0,3.7e-11,1,0.000181,8.1096937796053e-54,1.0022348759124,4.3561343638405e-07
3407,0,0,3407,1.9681130602463e-17,3.6900277467401e-11,5.2767078473287e-17,6.9205484848881e-20,0,3.7e-11,1,0.000181,7.4968318942926e-54,0.99436599835705,4.1740993523012e-07
3408,0,0,3408,1.9611620806036e-17,3.6957790521388e-11,-1.040986277165e-17,6.9509796426964e-20,0,3.7e-11,1,0.000181,6.9300586218538e-54,0.99593078446546,4.2097951065521e-07
3409,0,0,3409,1.9541976923356e-17,3.6751162961038e-11,3.7399588423312e-17,6.9643882679646e-20,0,3.7e-11,1,0.000181,6.4059251986112e-54,0.9903566550731,4.0837634268764e-07
3410,0,0,3410,1.9472366935051e-17,3.7324743013721e-11,-1.0381798953559e-16,6.960998830497e-20,0,3.7e-11,1,0.000181,5.9212396264084e-54,1.0058692128637,4.4423667462519e-07
3411,0,0,3411,1.9402956923892e-17,3.6255395256691e-11,1.9355194402272e-16,6.9410011159518e-20,0,3.7e-11,1,0.000181,5.4730476540832e-54,0.97697828647709,3.7937870481135e-07
3412,0,0,3412,1.9333911391044e-17,3.6305861175573e-11,-9.1343313178075e-18,6.904553284778e-20,0,3.7e-11,1,0.000181,5.0586151602889e-54,0.97835254015047,3.8227764902096e-07
3413,0,0,3413,1.9265393764074e-17,3.7626744440663e-11,-2.3907987098123e-16,6.8517626969569e-20,0,3.7e-11,1,0.000181,4.6754118349572e-54,1.0140623189482,4.6418789639963e-07
3414,0,0,3414,1.9197566787404e-17,3.7250052626014e-11,6.8181218451433e-17,6.7826976670495e-20,0,3.7e-11,1,0.000181,4.3210960641767e-54,1.0038915870571,4.3952724619811e-07
3415,0,0,3415,1.9130592731018e-17,3.6129067449672e-11,2.0289831691787e-16,6.6974056385933e-20,0,3.7e-11,1,0.000181,3.9935009302159e-54,0.97360469100487,3.7233815213081e-07
3416,0,0,3416,1.9064633679238e-17,3.6218312465442e-11,-1.6153347854508e-17,6.5959051780068e-20,0,3.7e-11,1,0.000181,3.6906212448514e-54,0.97602656750274,3.7738160884614e-07
3417,0,0,3417,1.8999851766311e-17,3.6116108422582e-11,1.8498931757742e-17,6.4781912926436e-20,0,3.7e-11,1,0.000181,3.4106015401396e-54,0.97327396934762,3.7165372379722e-07
3418,0,0,3418,1.8936409168887e-17,3.6950537831232e-11,-1.5103172296572e-16,6.3442597424064e-20,0,3.7e-11,1,0.000181,3.1517249463078e-54,0.99583558881352,4.2076164266753e-07
3419,0,0,3419,1.887446799639e-17,3.6509283132916e-11,7.9867100395186e-17,6.1941172497556e-20,0,3.7e-11,1,0.000181,2.9124028915803e-54,0.98391903524884,3.9420538019173e-07
3420,0,0,3420,1.8814189949884e-17,3.6478536136183e-11,5.5652064087599e-18,6.0278046505965e-20,0,3.7e-11,1,0.000181,2.6911655635177e-54,0.98309703609067,3.9242517642675e-07
3421,0,0,3421,1.8755735958179e-17,3.7656935797239e-11,-2.1329033865117e-16,5.8453991705039e-20,0,3.7e-11,1,0.000181,2.4866530758647e-54,1.0149544039633,4.6640361736624e-07
3422,0,0,3422,1.8699265630429e-17,3.7759634262636e-11,-1.8588422236986e-17,5.6470327750054e-20,0,3.7e-11,1,0.000181,2.297607289e-54,1.0177384703459,4.7337407699147e-07
3423,0,0,3423,1.8644936437889e-17,3.6575287095362e-11,2.1436683727665e-16,5.4329192539772e-20,0,3.7e-11,1,0.000181,2.1228642358801e-54,0.98573719991379,3.9816637638667e-07
3424,0,0,3424,1.8592902857516e-17,3.6591893907029e-11,-3.0058329116587e-18,5.2033580373137e-20,0,3.7e-11,1,0.000181,1.9613471088898e-54,0.98619380234652,3.9916619667927e-07
3425,0,0,3425,1.854331551732e-17,3.7378413470035e-11,-1.4236004090406e-16,4.9587340195491e-20,0,3.7e-11,1,0.000181,1.8120597662795e-54,1.0074584922441,4.4805105764212e-07
3426,0,0,3426,1.8496320134445e-17,3.7246403891289e-11,2.3893733752953e-17,4.6995382875841e-20,0,3.7e-11,1,0.000181,1.674080719895e-54,1.0038976831699,4.3954170039487e-07
3427,0,0,3427,1.8452056320685e-17,3.6565789929645e-11,1.2319112705761e-16,4.4263813759963e-20,0,3.7e-11,1,0.000181,1.5465575687152e-54,0.98550932073243,3.9766815474373e-07
3428,0,0,3428,1.8410656442648e-17,3.7056958421498e-11,-8.8901497025349e-17,4.1399878036814e-20,0,3.7e-11,1,0.000181,1.4287018453131e-54,0.99879032669083,4.27566966109e-07
3429,0,0,3429,1.8372244510843e-17,3.6733039232921e-11,5.8629373132421e-17,3.8411931805115e-20,0,3.7e-11,1,0.000181,1.3197842447706e-54,0.99004148971896,4.0767304619212e-07
3430,0,0,3430,1.8336934972128e-17,3.7319540741322e-11,-1.0615677302054e-16,3.5309538715028e-20,0,3.7e-11,1,0.000181,1.2191302078112e-54,1.0058981542791,4.443058985791e-07
3431,0,0,3431,1.8304831628249e-17,3.707939058562e-11,4.3467178182008e-17,3.2103343878423e-20,0,3.7e-11,1,0.000181,1.1261158319911e-54,0.9994124032207,4.2901109838301e-07
3432,0,0,3432,1.8276026529588e-17,3.6533418457792e-11,9.8820955137023e-17,2.8805098661333e-20,0,3.7e-11,1,0.000181,1.0401640867081e-54,0.98466070096023,3.9581725124334e-07
3433,0,0,3433,1.8250599025504e-17,3.6998164035268e-11,-8.4118949523275e-17,2.5427504083518e-20,0,3.7e-11,1,0.000181,9.6074130957274e-55,0.99722518909333,4.2395106874455e-07
3434,0,0,3434,1.8228614939662e-17,3.6296305261674e-11,1.2703643802051e-16,2.1984085842633e-20,0,3.7e-11,1,0.000181,8.8735396333279e-55,0.97825931572695,3.8208042580844e-07
3435,0,0,3435,1.8210125758667e-17,3.6090991703647e-11,3.7161754002914e-17,1.8489180994796e-20,0,3.7e-11,1,0.000181,8.1954563407713e-55,0.97271306146057,3.7049527052102e-07
3436,0,0,3436,1.8195168069198e-17,3.6988722771833e-11,-1.6248932334173e-16,1.495768946873e-20,0,3.7e-11,1,0.000181,7.5689425286052e-55,0.99697829679447,4.2338296348032e-07
3437,0,0,3437,1.8183763089784e-17,3.6493913305015e-11,8.9560513494015e-17,1.1404979414008e-20,0,3.7e-11,1,0.000181,6.9900952420687e-55,0.98360677095983,3.9352833545188e-07
3438,0,0,3438,1.8175916239318e-17,3.6721661766925e-11,-4.1222471605716e-17,7.8468504665538e-21,0,3.7e-11,1,0.000181,6.4553054616637e-55,0.98976330649158,4.0705309671959e-07
3439,0,0,3439,1.8171616982312e-17,3.737464326372e-11,-1.1818965091979e-16,4.2992570057443e-21,0,3.7e-11,1,0.000181,5.9612360773184e-55,1.0074120970212,4.4793932871966e-07
3440,0,0,3440,1.8170838723608e-17,3.6230744559644e-11,2.070456654378e-16,7.782587036174e-22,0,3.7e-11,1,0.000181,5.5048015046476e-55,0.97649603204,3.7836566351935e-07
3441,0,0,3441,1.8173538766427e-17,3.6253950189185e-11,-4.2002189470059e-18,-2.7000428183538e-21,0,3.7e-11,1,0.000181,5.083148821524e-55,0.97712280804482,3.7968272238639e-07
3442,0,0,3442,1.8179658545035e-17,3.6669722364184e-11,-7.5254763674826e-17,-6.1197786079324e-21,0,3.7e-11,1,0.000181,4.6936403121531e-55,0.98835898004664,4.0393518650007e-07
3443,0,0,3443,1.8189123837588e-17,3.6156612150581e-11,9.2872948662229e-17,-9.4652925529771e-21,0,3.7e-11,1,0.000181,4.333837314171e-55,0.97448972307265,3.7417478203225e-07
3444,0,0,3444,1.8201845036087e-17,3.7048059373655e-11,-1.6135194737637e-16,-1.2721198499406e-20,0,3.7e-11,1,0.000181,4.0014852720018e-55,0.99858099172696,4.2708189345798e-07
3445,0,0,3445,1.8217717585874e-17,3.6475688161779e-11,1.0359918934942e-16,-1.5872549787294e-20,0,3.7e-11,1,0.000181,3.6944999068579e-55,0.98310912941559,3.9245131934986e-07
3446,0,0,3446,1.8236622350343e-17,3.6474459089524e-11,2.2246207829196e-19,-1.8904764469135e-20,0,3.7e-11,1,0.000181,3.410954420389e-55,0.98307308837592,3.9237341129182e-07
3447,0,0,3447,1.8258426164507e-17,3.6682673284985e-11,-3.7686769378468e-17,-2.1803814163281e-20,0,3.7e-11,1,0.000181,3.1490676551226e-55,0.98869724330563,4.0468441814043e-07
3448,0,0,3448,1.8282982389549e-17,3.678706920136e-11,-1.8895660863767e-17,-2.4556225041982e-20,0,3.7e-11,1,0.000181,2.9071931405237e-55,0.99151508780895,4.1096990986272e-07
3449,0,0,3449,1.8310131501469e-17,3.6886486199032e-11,-1.7994476578698e-17,-2.714911192016e-20,0,3.7e-11,1,0.000181,2.6838089587686e-55,0.99419797977054,4.1702812462393e-07
3450,0,0,3450,1.8339701759325e-17,3.7172004882768e-11,-5.1678881756146e-17,-2.9570257856099e-20,0,3.7e-11,1,0.000181,2.4775083692042e-55,1.0019102855042,4.3484996446162e-07
3451,0,0,3451,1.8371509937088e-17,3.6590577221834e-11,1.0523840662892e-16,-3.18081777626e-20,0,3.7e-11,1,0.000181,2.2869911349864e-55,0.98619127478197,3.9916065645378e-07
3452,0,0,3452,1.8405362106614e-17,3.6348047080077e-11,4.3897955657997e-17,-3.3852169526806e-20,0,3.7e-11,1,0.000181,2.1110554995783e-55,0.97963135125987,3.849914588043e-07
3453,0,0,3453,1.8441054600767e-17,3.754385555458e-11,-2.1644133388503e-16,-3.5692494152755e-20,0,3.7e-11,1,0.000181,1.9485907646634e-55,1.0119451695951,4.5896375196398e-07
3454,0,0,3454,1.847837504878e-17,3.6321529386757e-11,2.2124103637598e-16,-3.7320448013002e-20,0,3.7e-11,1,0.000181,1.7985704246269e-55,0.97890375451011,3.8344548115051e-07
3455,0,0,3455,1.851710339407e-17,3.6655301789953e-11,-6.041280497855e-17,-3.8728345290345e-20,0,3.7e-11,1,0.000181,1.6600458160791e-55,0.98791884733276,4.0296201403794e-07
3456,0,0,3456,1.8557013268694e-17,3.6455496821972e-11,3.6164699204586e-17,-3.9909874623468e-20,0,3.7e-11,1,0.000181,1.5321402439831e-55,0.98251275369691,3.9116378581249e-07
3457,0,0,3457,1.8597873354034e-17,3.7110649440628e-11,-1.1858262397682e-16,-4.0860085339721e-20,0,3.7e-11,1,0.000181,1.4140435487967e-55,1.0002134799761,4.3087663005983e-07
3458,0,0,3458,1.8639448933326e-17,3.7483235536766e-11,-6.7438083400947e-17,-4.1575579292712e-20,0,3.7e-11,1,0.000181,1.3050070816887e-55,1.0102771663762,4.5488174143838e-07
3459,0,0,3459,1.8681503505922e-17,3.7500463756128e-11,-3.1183077045589e-18,-4.2054572596163e-20,0,3.7e-11,1,0.000181,1.2043390573307e-55,1.0107365143129,4.5600291240881e-07
3460,0,0,3460,1.8723800530815e-17,3.6882786824366e-11,1.1179952464907e-16,-4.2297024892332e-20,0,3.7e-11,1,0.000181,1.1114002560394e-55,0.99403622736739,4.1666082255791e-07
3461,0,0,3461,1.8766105282421e-17,3.6777727456671e-11,1.901574555273e-17,-4.2304751606332e-20,0,3.7e-11,1,0.000181,1.0256000491386e-55,0.99119046802674,4.1024178153661e-07
3462,0,0,3462,1.8808186817191e-17,3.6463678324894e-11,5.6842892851679e-17,-4.208153477015e-20,0,3.7e-11,1,0.000181,9.4639272335726e-56,0.98269637001472,3.9155983311506e-07
3463,0,0,3463,1.8849819930865e-17,3.6909460307506e-11,-8.06865388527e-17,-4.163311367398e-20,0,3.7e-11,1,0.000181,8.7327408187923e-56,0.99473831502578,4.1825701470377e-07
3464,0,0,3464,1.8890787162346e-17,3.7527209691144e-11,-1.1181263843864e-16,-4.0967231480411e-20,0,3.7e-11,1,0.000181,8.0577830132714e-56,1.0114281270621,4.576952418133e-07
3465,0,0,3465,1.8930880705326e-17,3.6517676926287e-11,1.8272543043924e-16,-4.0093542980538e-20,0,3.7e-11,1,0.000181,7.434750255068e-56,0.98413747095006,3.9467955210137e-07
3466,0,0,3466,1.8969904237841e-17,3.6695898080396e-11,-3.2258028893738e-17,-3.9023532515027e-20,0,3.7e-11,1,0.000181,6.8596667816705e-56,0.98894843188202,4.0524151767449e-07
3467,0,0,3467,1.9007674810482e-17,3.6978462477276e-11,-5.1144155835297e-17,-3.7770572640788e-20,0,3.7e-11,1,0.000181,6.3288597835338e-56,0.99657966754913,4.2246701799939e-07
3468,0,0,3468,1.904402448807e-17,3.7036067133394e-11,-1.0426442757371e-17,-3.6349677587812e-20,0,3.7e-11,1,0.000181,5.8389364315877e-56,0.99813112239157,4.2604097079041e-07
3469,0,0,3469,1.9078801828768e-17,3.7081320358211e-11,-8.1908336917327e-18,-3.4777340698421e-20,0,3.7e-11,1,0.000181,5.3867626380896e-56,0.99934898954866,4.2886370363399e-07
3470,0,0,3470,1.911187321423e-17,3.7510011881284e-11,-7.7593165676252e-17,-3.3071385461514e-20,0,3.7e-11,1,0.000181,4.9694434206927e-56,1.0109303086902,4.5647659871136e-07
3471,0,0,3471,1.9143123973877e-17,3.7572606193152e-11,-1.132957044816e-17,-3.1250759647439e-20,0,3.7e-11,1,0.000181,4.5843047493231e-56,1.0126173804669,4.6061723604879e-07
3472,0,0,3472,1.9172459237601e-17,3.6971174399875e-11,1.0885915458317e-16,-2.9335263723603e-20,0,3.7e-11,1,0.000181,4.2288767644533e-56,0.99635808677613,4.2195858253764e-07
3473,0,0,3473,1.9199804574844e-17,3.6918979877099e-11,9.4472086224029e-18,-2.7345337242768e-20,0,3.7e-11,1,0.000181,3.9008782636876e-56,0.99494334077648,4.1872407889645e-07
3474,0,0,3474,1.9225106439515e-17,3.6689945921345e-11,4.145514599142e-17,-2.5301864671114e-20,0,3.7e-11,1,0.000181,3.5982023612871e-56,0.98874945577483,4.0480016632282e-07
3475,0,0,3475,1.9248332298497e-17,3.6274180722675e-11,7.5253500959418e-17,-2.3225858982609e-20,0,3.7e-11,1,0.000181,3.3189032323927e-56,0.97750909041445,3.8049628647876e-07
3476,0,0,3476,1.9269470534205e-17,3.687262600769e-11,-1.083185965877e-16,-2.113823570796e-20,0,3.7e-11,1,0.000181,3.0611838603138e-56,0.99368013093291,4.1585313989262e-07
3477,0,0,3477,1.9288530136456e-17,3.7109726693697e-11,-4.2915224167197e-17,-1.9059602250259e-20,0,3.7e-11,1,0.000181,2.8233847113576e-56,1.0000854115907,4.3057794358407e-07
3478,0,0,3478,1.9305540064118e-17,3.6726180941914e-11,6.9421781072591e-17,-1.7009927661989e-20,0,3.7e-11,1,0.000181,2.6039732673367e-56,0.98971677025868,4.0694946277906e-07
3479,0,0,3479,1.9320548416393e-17,3.6316193717385e-11,7.4207687639818e-17,-1.500835227524e-20,0,3.7e-11,1,0.000181,2.4015343511245e-56,0.97863379340455,3.8287316425657e-07
3480,0,0,3480,1.9333621464188e-17,3.7455166932963e-11,-2.0615415201964e-16,-1.3073047794948e-20,0,3.7e-11,1,0.000181,2.2147611854743e-56,1.0094149012098,4.5278320433482e-07
3481,0,0,3481,1.934484250056e-17,3.718004632986e-11,4.9796829161567e-17,-1.1221036372237e-20,0,3.7e-11,1,0.000181,2.0424471298026e-56,1.0019775337023,4.3500804986264e-07
3482,0,0,3482,1.9354310385267e-17,3.7333606898989e-11,-2.779446301243e-17,-9.4678847068478e-21,0,3.7e-11,1,0.000181,1.8834780437859e-56,1.0061264056043,4.4485215316642e-07
3483,0,0,3483,1.9362138100553e-17,3.7279966458788e-11,9.7089196764478e-18,-7.8277152862876e-21,0,3.7e-11,1,0.000181,1.7368252304599e-56,1.0046754951381,4.4138911470636e-07
3484,0,0,3484,1.9368451140423e-17,3.6234260559822e-11,1.8927276771281e-16,-6.3130398700635e-21,0,3.7e-11,1,0.000181,1.6015389150632e-56,0.97641223087761,3.7818985288183e-07
3485,0,0,3485,1.9373385828695e-17,3.6759280294729e-11,-9.5028572018159e-17,-4.9346882721768e-21,0,3.7e-11,1,0.000181,1.4767422191553e-56,0.9906012165921,4.0892276698333e-07
3486,0,0,3486,1.9377087701184e-17,3.7316792683284e-11,-1.0090974232844e-16,-3.7018724886851e-21,0,3.7e-11,1,0.000181,1.3616255925789e-56,1.0056685662197,4.4375699674616e-07
3487,0,0,3487,1.9379709735947e-17,3.7809162829883e-11,-8.911899653446e-17,-2.6220347634595e-21,0,3.7e-11,1,0.000181,1.255441668653e-56,1.0189754759553,4.7649829642886e-07
3488,0,0,3488,1.9381410608002e-17,3.7372561874714e-11,7.9024772885654e-17,-1.7008720543509e-21,0,3.7e-11,1,0.000181,1.1575005105864e-56,1.0071751961647,4.4736917843009e-07
3489,0,0,3489,1.9382352991238e-17,3.7400055227942e-11,-4.976296934293e-18,-9.4238323605649e-22,0,3.7e-11,1,0.000181,1.0671652195082e-56,1.0079181190483,4.4915915848305e-07
3490,0,0,3490,1.9382701996945e-17,3.7297085021898e-11,1.8637607293886e-17,-3.4900570749249e-22,0,3.7e-11,1,0.000181,9.8384787674401e-57,1.0051350883928,4.4248368643554e-07
3491,0,0,3491,1.9382623634199e-17,3.7188921486873e-11,1.9577599839512e-17,7.8362746645194e-23,0,3.7e-11,1,0.000181,9.0700579502406e-57,1.0022117613095,4.3555903220842e-07
3492,0,0,3492,1.9382283366896e-17,3.6454944587771e-11,1.3284981873755e-16,3.4026730298517e-22,0,3.7e-11,1,0.000181,8.3613805522139e-57,0.98237459862919,3.9086601056276e-07
3493,0,0,3493,1.9381844767003e-17,3.6049421860457e-11,7.339961364391e-17,4.3859989298428e-22,0,3.7e-11,1,0.000181,7.7078230697721e-57,0.97141459040998,3.6782480793203e-07
3494,0,0,3494,1.9381468333548e-17,3.6151655371962e-11,-1.8504265582516e-17,3.7643345442609e-22,0,3.7e-11,1,0.000181,7.1051181320731e-57,0.97417771449778,3.7352645676e-07
3495,0,0,3495,1.9381310402156e-17,3.6883366321008e-11,-1.3243968177731e-16,1.5793139212911e-22,0,3.7e-11,1,0.000181,6.5493271998919e-57,0.99395370967602,4.1647354571269e-07
3496,0,0,3496,1.9381522139797e-17,3.767846593876e-11,-1.4391303081308e-16,-2.1173764098962e-22,0,3.7e-11,1,0.000181,6.0368153472792e-57,1.0154428569174,4.6762046362725e-07
3497,0,0,3497,1.938224859387e-17,3.7130858783294e-11,9.9116895139379e-17,-7.2645407293149e-22,0,3.7e-11,1,0.000181,5.5642279678909e-57,1.0006425550519,4.3187856840281e-07
3498,0,0,3498,1.9383627811378e-17,3.6471958106365e-11,1.192610225241e-16,-1.3792175080569e-21,0,3.7e-11,1,0.000181,5.1284692598188e-57,0.98283422270281,3.918573863516e-07
3499,0,0,3499,1.9385790143249e-17,3.6618614337886e-11,-2.6544777905323e-17,-2.162331870521e-21,0,3.7e-11,1,0.000181,4.726682353797e-57,0.98679758175514,4.0049143188271e-07
3500,0,0,3500,1.9388857605004e-17,3.6850741607493e-11,-4.201503579884e-17,-3.0674617555851e-21,0,3.7e-11,1,0.000181,4.3562309598745e-57,0.99307083370931,4.1447411904764e-07
3501,0,0,3501,1.9392943198448e-17,3.6258668173203e-11,1.0716529160644e-16,-4.0855934432659e-21,0,3.7e-11,1,0.000181,4.0146824170915e-57,0.97706823893554,3.7956790671831e-07
3502,0,0,3502,1.9398150271263e-17,3.6963494143218e-11,-1.275735005727e-16,-5.2070728157737e-21,0,3.7e-11,1,0.000181,3.699792039432e-57,0.9961168119533,4.2140552495025e-07
3503,0,0,3503,1.9404571992878e-17,3.7457069513684e-11,-8.9337142054359e-17,-6.4217216146461e-21,0,3.7e-11,1,0.000181,3.409488659404e-57,1.0094557279355,4.528823879838e-07
3504,0,0,3504,1.9412290717846e-17,3.7582757917508e-11,-2.2749601092132e-17,-7.7187249683743e-21,0,3.7e-11,1,0.000181,3.1418612780703e-57,1.012851559258,4.6119440140916e-07
3505,0,0,3505,1.9421377367276e-17,3.684310233676e-11,1.3387766011537e-16,-9.0866494294615e-21,0,3.7e-11,1,0.000181,2.8951467372571e-57,0.99285951106262,4.1399670482169e-07
3506,0,0,3506,1.943189083797e-17,3.721428867434e-11,-6.7184727102007e-17,-1.0513470694394e-20,0,3.7e-11,1,0.000181,2.6677183360563e-57,1.0028900043628,4.3715769888361e-07
3507,0,0,3507,1.9443877472845e-17,3.6212993060646e-11,1.812345060787e-16,-1.1986634874872e-20,0,3.7e-11,1,0.000181,2.4580753196422e-57,0.97582617089803,3.7696218922275e-07
3508,0,0,3508,1.9457370412578e-17,3.6037125739314e-11,3.1831985161144e-17,-1.3492939732484e-20,0,3.7e-11,1,0.000181,2.2648331738825e-57,0.97107098527747,3.6712077487748e-07
3509,0,0,3509,1.9472389108079e-17,3.6402419343168e-11,-6.6118142297627e-17,-1.5018695501e-20,0,3.7e-11,1,0.000181,2.0867146642701e-57,0.98094154278114,3.8778813224173e-07
3510,0,0,3510,1.9488938815323e-17,3.7527690945404e-11,-2.0367416000472e-16,-1.654970724428e-20,0,3.7e-11,1,0.000181,1.9225415623715e-57,1.0113518175755,4.5750826673761e-07
3511,0,0,3511,1.9507010105551e-17,3.6236518394687e-11,2.3370223167971e-16,-1.8071290228418e-20,0,3.7e-11,1,0.000181,1.7712270072978e-57,0.97645256373493,3.7827446087835e-07
3512,0,0,3512,1.9526578400765e-17,3.7162284422283e-11,-1.6756365099504e-16,-1.9568295213241e-20,0,3.7e-11,1,0.000181,1.6317684536959e-57,1.0014703452341,4.3381691891904e-07
3513,0,0,3513,1.9547603874018e-17,3.7796112173037e-11,-1.1472282288637e-16,-2.1025473253464e-20,0,3.7e-11,1,0.000181,1.503241161441e-57,1.0185976854481,4.7554235928286e-07
3514,0,0,3514,1.957003126836e-17,3.7045656892288e-11,1.3583240581559e-16,-2.2427394341553e-20,0,3.7e-11,1,0.000181,1.3847921856222e-57,0.99831176142089,4.2645869056673e-07
3515,0,0,3515,1.9593789905961e-17,3.6150635760277e-11,1.6199882489392e-16,-2.3758637601874e-20,0,3.7e-11,1,0.000181,1.2756348285602e-57,0.97411845344246,3.7340342127449e-07
3516,0,0,3516,1.9618794036371e-17,3.6511277051192e-11,-6.5276073655542e-17,-2.5004130409828e-20,0,3.7e-11,1,0.000181,1.1750435185097e-57,0.98386178172754,3.9408117328409e-07
3517,0,0,3517,1.9644943427474e-17,3.7347067524207e-11,-1.5127807561572e-16,-2.6149391102479e-20,0,3.7e-11,1,0.000181,1.082349082389e-57,1.0064468087881,4.4561987070952e-07
3518,0,0,3518,1.9672124099788e-17,3.7464989782211e-11,-2.1343928698916e-17,-2.7180672314761e-20,0,3.7e-11,1,0.000181,9.9693438236707e-58,1.0096298382082,4.5330556695726e-07
3519,0,0,3519,1.9700209290612e-17,3.6941311609018e-11,9.4785749347923e-17,-2.8085190823133e-20,0,3.7e-11,1,0.000181,9.1823028843641e-58,0.99547218037057,4.1993077898718e-07
3520,0,0,3520,1.9729060739816e-17,3.6171835256125e-11,1.3927521987371e-16,-2.8851449204602e-20,0,3.7e-11,1,0.000181,8.4571196122609e-58,0.97467121406881,3.7455232558736e-07
3521,0,0,3521,1.9758530281893e-17,3.7354794431477e-11,-2.1411561073869e-16,-2.9469542076577e-20,0,3.7e-11,1,0.000181,7.7889542127042e-58,1.0066386832635,4.4608013774773e-07
3522,0,0,3522,1.9788461707533e-17,3.7889878528552e-11,-9.685022157058e-17,-2.9931425639983e-20,0,3.7e-11,1,0.000181,7.1733438276493e-58,1.0210959462387,4.8189292276657e-07
3523,0,0,3523,1.9818692654347e-17,3.7573621480134e-11,5.7242525763763e-17,-3.0230946814243e-20,0,3.7e-11,1,0.000181,6.6061733151709e-58,1.0125439443407,4.604363641126e-07
3524,0,0,3524,1.9849056748936e-17,3.7668294617597e-11,-1.7135837880778e-17,-3.0364094589093e-20,0,3.7e-11,1,0.000181,6.0836482834846e-58,1.0150981438011,4.6676143725095e-07
3525,0,0,3525,1.9879385956107e-17,3.7084352800713e-11,1.0569346885599e-16,-3.0329207171328e-20,0,3.7e-11,1,0.000181,5.6022702063745e-58,0.99931140375883,4.2877636107971e-07
3526,0,0,3526,1.990951294105e-17,3.6293467559943e-11,1.4315022857932e-16,-3.0126984942397e-20,0,3.7e-11,1,0.000181,5.1588134601316e-58,0.97793162840206,3.8138783706866e-07
3527,0,0,3527,1.9939273529812e-17,3.6548212893658e-11,-4.6108905402454e-17,-2.9760588762535e-20,0,3.7e-11,1,0.000181,4.7503041343471e-58,0.98481219355267,3.9614715190084e-07
3528,0,0,3528,1.9968509185751e-17,3.643291337228e-11,2.0869213369374e-17,-2.9235655939029e-20,0,3.7e-11,1,0.000181,4.3740004801817e-58,0.98169162478676,3.8939666334872e-07
3529,0,0,3529,1.9997069335961e-17,3.6951096912587e-11,-9.379122079565e-17,-2.8560150209493e-20,0,3.7e-11,1,0.000181,4.0273748701784e-58,0.99569232071709,4.2043392775537e-07
3530,0,0,3530,2.002481364817e-17,3.690253979291e-11,8.7888386616244e-18,-2.7744312209223e-20,0,3.7e-11,1,0.000181,3.7080971533138e-58,0.99437582333411,4.174322706278e-07
3531,0,0,3531,2.0051614089951e-17,3.6313631418705e-11,1.0659241573114e-16,-2.6800441781006e-20,0,3.7e-11,1,0.000181,3.4140192978981e-58,0.9784553789302,3.824953083987e-07
3532,0,0,3532,2.0077356854292e-17,3.7725227873881e-11,-2.5549895838695e-16,-2.5742764341246e-20,0,3.7e-11,1,0.000181,3.1431612231509e-58,1.0166027905507,4.705204943377e-07
3533,0,0,3533,2.0101944107495e-17,3.7144646498588e-11,1.0508522892783e-16,-2.458725320247e-20,0,3.7e-11,1,0.000181,2.893697727888e-58,1.0009077306461,4.3249873230114e-07
3534,0,0,3534,2.0125295258179e-17,3.7156977863443e-11,-2.2319770387092e-18,-2.3351150683822e-20,0,3.7e-11,1,0.000181,2.6639464317664e-58,1.0012375239697,4.332710299879e-07
3535,0,0,3535,2.0147348134592e-17,3.7396279677627e-11,-4.331362836737e-17,-2.2052876413472e-20,0,3.7e-11,1,0.000181,2.4523566510257e-58,1.0077018476207,4.4863747801573e-07
3536,0,0,3536,2.0168059761734e-17,3.6242460108026e-11,2.0884134209785e-16,-2.0711627141826e-20,0,3.7e-11,1,0.000181,2.2574991366485e-58,0.97651444225637,3.784042961568e-07
3537,0,0,3537,2.0187406765627e-17,3.711485581735e-11,-1.5790362338778e-16,-1.9347003893175e-20,0,3.7e-11,1,0.000181,2.0780566083981e-58,1.0000898157645,4.3058821237981e-07
3538,0,0,3538,2.0205385574105e-17,3.6100102653545e-11,1.8367032264863e-16,-1.7978808477943e-20,0,3.7e-11,1,0.000181,1.9128150232989e-58,0.97266136997426,3.7038865949018e-07
3539,0,0,3539,2.0222012055237e-17,3.6227346956188e-11,-2.3031218778352e-17,-1.662648113173e-20,0,3.7e-11,1,0.000181,1.7606555218467e-58,0.97609792250483,3.7753104296465e-07
3540,0,0,3540,2.0237321026606e-17,3.7438935848062e-11,-2.1929758942908e-16,-1.5308971368987e-20,0,3.7e-11,1,0.000181,1.6205469995915e-58,1.0088412822865,4.5139153719738e-07
3541,0,0,3541,2.0251365336695e-17,3.7225779082269e-11,3.8581374608392e-17,-1.4044310088813e-20,0,3.7e-11,1,0.000181,1.4915392557634e-58,1.0030781915117,4.376021160867e-07
3542,0,0,3542,2.0264214523942e-17,3.7016690912747e-11,3.7844958683549e-17,-1.2849187247861e-20,0,3.7e-11,1,0.000181,1.3727566743281e-58,0.99742524125478,4.244118494055e-07
3543,0,0,3543,2.0275953344674e-17,3.7407813639757e-11,-7.0793213588835e-17,-1.1738820731402e-20,0,3.7e-11,1,0.000181,1.2633923962906e-58,1.0079943729209,4.4934321262899e-07
3544,0,0,3544,2.0286680040703e-17,3.7812479274274e-11,-7.324447984759e-17,-1.0726696029109e-20,0,3.7e-11,1,0.000181,1.1627029452363e-58,1.0189296802453,4.763823344868e-07
3545,0,0,3545,2.0296504325303e-17,3.7928440660746e-11,-2.0989010951346e-17,-9.8242846004352e-21,0,3.7e-11,1,0.000181,1.0700032710276e-58,1.0220623048036,4.8436786968627e-07
3546,0,0,3546,2.0305545188909e-17,3.709670897299e-11,1.5054343548368e-16,-9.0408636052228e-21,0,3.7e-11,1,0.000181,9.846621792715e-59,0.99958172001229,4.2940485005928e-07
3547,0,0,3547,2.0313928588971e-17,3.7064007649743e-11,5.9189395077487e-18,-8.3834000625694e-21,0,3.7e-11,1,0.000181,9.0609811667609e-59,0.99869664865081,4.2734983910548e-07
3548,0,0,3548,2.0321785144108e-17,3.7601764953106e-11,-9.7334071908759e-17,-7.8565551369725e-21,0,3.7e-11,1,0.000181,8.337752847126e-59,1.0132294566773,4.6212702424219e-07
3549,0,0,3549,2.0329247709758e-17,3.7722367036453e-11,-2.1828977085778e-17,-7.4625656495777e-21,0,3.7e-11,1,0.000181,7.6720005612988e-59,1.0164878581288,4.702324909726e-07
3550,0,0,3550,2.0336448909225e-17,3.7589104802462e-11,2.4120464352398e-17,-7.2011994668038e-21,0,3.7e-11,1,0.000181,7.0591767083087e-59,1.0128851008416,4.6127711744156e-07
3551,0,0,3551,2.0343518757546e-17,3.7345925894478e-11,4.4015382345021e-17,-7.0698483213132e-21,0,3.7e-11,1,0.000181,6.4950918943495e-59,1.0063116422492,4.4529586676251e-07
3552,0,0,3552,2.0350582389221e-17,3.7669380211469e-11,-5.8545231375309e-17,-7.0636316755675e-21,0,3.7e-11,1,0.000181,5.9758868452323e-59,1.0150525960709,4.6664802843737e-07
3553,0,0,3553,2.0357757897735e-17,3.6606171129176e-11,1.9244084389491e-16,-7.1755085135593e-21,0,3.7e-11,1,0.000181,5.4980065110942e-59,0.9863161440172,3.9943443510588e-07
3554,0,0,3554,2.0365154257334e-17,3.6925587463567e-11,-5.78143565247e-17,-7.3963595992616e-21,0,3.7e-11,1,0.000181,5.0581761930551e-59,0.99494791349086,4.1873450073216e-07
3555,0,0,3555,2.0372869558338e-17,3.64895841261e-11,7.8916604081567e-17,-7.7153010038413e-21,0,3.7e-11,1,0.000181,4.6533795346826e-59,0.98316288745195,3.9256754876291e-07
3556,0,0,3556,2.0380989302491e-17,3.7497542025837e-11,-1.8244037985242e-16,-8.1197441530276e-21,0,3.7e-11,1,0.000181,4.280838233277e-59,1.0104037804053,4.5519055482266e-07
3557,0,0,3557,2.0389584986607e-17,3.6301085100774e-11,2.1655870343645e-16,-8.5956841155562e-21,0,3.7e-11,1,0.000181,3.9379933372126e-59,0.97806582324228,3.816713428303e-07
3558,0,0,3558,2.0398712760826e-17,3.692897254445e-11,-1.1364762730514e-16,-9.1277742192787e-21,0,3.7e-11,1,0.000181,3.6224880059206e-59,0.99503439118778,4.189316349461e-07
3559,0,0,3559,2.0408412532764e-17,3.6442543801309e-11,8.8043602508413e-17,-9.6997719385412e-21,0,3.7e-11,1,0.000181,3.3321516186616e-59,0.98188622002452,3.8981485519639e-07
3560,0,0,3560,2.041870710218e-17,3.6398858082228e-11,7.9071151537161e-18,-1.0294569415992e-20,0,3.7e-11,1,0.000181,3.0649851270532e-59,0.98070398772302,3.8727983280291e-07
3561,0,0,3561,2.0429601640017e-17,3.6744304851425e-11,-6.2525865224596e-17,-1.0894537836987e-20,0,3.7e-11,1,0.000181,2.8191475544595e-59,0.99003876011167,4.0766695934654e-07
3562,0,0,3562,2.0441083370606e-17,3.7536388216536e-11,-1.4336708908514e-16,-1.1481730588378e-20,0,3.7e-11,1,0.000181,2.592943552863e-59,1.0114447041694,4.577358676191e-07
3563,0,0,3563,2.0453121445374e-17,3.7429470745849e-11,1.9352062194206e-17,-1.2038074768412e-20,0,3.7e-11,1,0.000181,2.3848119347705e-59,1.008553245267,4.5069404190504e-07
3564,0,0,3564,2.0465666980691e-17,3.6100455343116e-11,2.4055178789467e-16,-1.2545535316977e-20,0,3.7e-11,1,0.000181,2.1933151041056e-59,0.97263203675129,3.7032817235223e-07
3565,0,0,3565,2.0478653382211e-17,3.6175659984222e-11,-1.36120400401e-17,-1.2986401519408e-20,0,3.7e-11,1,0.000181,2.0171293159399e-59,0.97466265548185,3.7453451475726e-07
3566,0,0,3566,2.0491996994802e-17,3.6564299250465e-11,-7.0343707190095e-17,-1.3343612591537e-20,0,3.7e-11,1,0.000181,1.8550357003666e-59,0.98516442695825,3.9691506619783e-07
3567,0,0,3567,2.0505597816277e-17,3.6664943817332e-11,-1.8216666602826e-17,-1.3600821474428e-20,0,3.7e-11,1,0.000181,1.7059119908436e-59,0.98788251950437,4.0288177546946e-07
3568,0,0,3568,2.0519340411488e-17,3.7552283681965e-11,-1.6060851549863e-16,-1.3742595211071e-20,0,3.7e-11,1,0.000181,1.5687249019739e-59,1.0118626259555,4.5876104766243e-07
3569,0,0,3569,2.0533095071031e-17,3.7015009823816e-11,9.7246568324941e-17,-1.375465954319e-20,0,3.7e-11,1,0.000181,1.4425231059668e-59,0.99733965701653,4.2421467305697e-07
3570,0,0,3570,2.0546719056799e-17,3.6168285184424e-11,1.5325715972993e-16,-1.3623985768473e-20,0,3.7e-11,1,0.000181,1.3264307609758e-59,0.97445317296163,3.7409878683547e-07
3571,0,0,3571,2.0560058155134e-17,3.6180408450931e-11,-2.1943112377122e-18,-1.333909833501e-20,0,3.7e-11,1,0.000181,1.2196415481466e-59,0.97477883701111,3.747763530423e-07
3572,0,0,3572,2.0572948421821e-17,3.626130359147e-11,-1.4642020437549e-17,-1.2890266686983e-20,0,3.7e-11,1,0.000181,1.1214131775735e-59,0.97696326737857,3.7934712181582e-07
3573,0,0,3573,2.0585218016496e-17,3.7735554099395e-11,-2.6683934193439e-16,-1.2269594674251e-20,0,3.7e-11,1,0.000181,1.0310623264581e-59,1.0168060435977,4.7103016796918e-07
3574,0,0,3574,2.0596689215356e-17,3.7937233574652e-11,-3.6503985021534e-17,-1.1471198860908e-20,0,3.7e-11,1,0.000181,9.4795997562717e-60,1.0222551273401,4.8486294673278e-07
3575,0,0,3575,2.0607180422242e-17,3.7574569631467e-11,6.5642173716524e-17,-1.0491206885581e-20,0,3.7e-11,1,0.000181,8.7152711320387e-60,1.0124518325927,4.6020957631127e-07
3576,0,0,3576,2.0616508408165e-17,3.7212469737557e-11,6.554008079775e-17,-9.3279859231937e-21,0,3.7e-11,1,0.000181,8.0123077665673e-60,1.0026639561131,4.3662435659407e-07
3577,0,0,3577,2.0624490673393e-17,3.7348594418593e-11,-2.4638567267655e-17,-7.9822652272835e-21,0,3.7e-11,1,0.000181,7.3658040669994e-60,1.00634180963,4.4536816349499e-07
3578,0,0,3578,2.0630947844762e-17,3.6737959574981e-11,1.105249066938e-16,-6.4571713693251e-21,0,3.7e-11,1,0.000181,6.7712448858518e-60,0.98983720101939,4.0721770047148e-07
3579,0,0,3579,2.063570606024e-17,3.7486333352927e-11,-1.3545565380811e-16,-4.7582154777298e-21,0,3.7e-11,1,0.000181,6.2244745823605e-60,1.0100628088427,4.5435930983863e-07
3580,0,0,3580,2.0638599451514e-17,3.7607285652732e-11,-2.1892366264666e-17,-2.8933912744148e-21,0,3.7e-11,1,0.000181,5.7216685243678e-60,1.0133313578756,4.6237877189628e-07
3581,0,0,3581,2.0639472456041e-17,3.7041856751916e-11,1.0234263104757e-16,-8.7300452658e-22,0,3.7e-11,1,0.000181,5.259306839115e-60,0.99804936533385,4.2585202090173e-07
3582,0,0,3582,2.0638182135817e-17,3.7816938302578e-11,-1.4028976066961e-16,1.2903202239147e-21,0,3.7e-11,1,0.000181,4.8341502362755e-60,1.0189977080231,4.7655459981983e-07
3583,0,0,3583,2.0634600467141e-17,3.735241610107e-11,8.4078518472862e-17,3.5816686755433e-21,0,3.7e-11,1,0.000181,4.4432177403835e-60,1.0064435887452,4.4561214979994e-07
3584,0,0,3584,2.062861633209e-17,3.6527874838908e-11,1.4924196845132e-16,5.9841350511472e-21,0,3.7e-11,1,0.000181,4.0837661825449e-60,0.98415958332243,3.9472757870727e-07
3585,0,0,3585,2.0620137476441e-17,3.7805254035632e-11,-2.3120563460693e-16,8.4788556487225e-21,0,3.7e-11,1,0.000181,3.7532713130714e-60,1.0186846114638,4.7576217273926e-07
3586,0,0,3586,2.0609092314591e-17,3.7810074379859e-11,-8.7248230514352e-19,1.1045161850468e-20,0,3.7e-11,1,0.000181,3.4494104075017e-60,1.0188165403076,4.7609594500641e-07
3587,0,0,3587,2.0595431281001e-17,3.7490667128991e-11,5.7812712407108e-17,1.3661033589652e-20,0,3.7e-11,1,0.000181,3.1700462484694e-60,1.0101859517793,4.5465937363934e-07
3588,0,0,3588,2.0579128058591e-17,3.7311407192043e-11,3.2446048587558e-17,1.6303222409698e-20,0,3.7e-11,1,0.000181,2.9132123750822e-60,1.0053435230254,4.429808252749e-07
3589,0,0,3589,2.0560180534664e-17,3.6461700404062e-11,1.5379692862447e-16,1.894752392698e-20,0,3.7e-11,1,0.000181,2.6770994999669e-60,0.98238130395709,3.9088045875465e-07
3590,0,0,3590,2.0538611419181e-17,3.7370039739233e-11,-1.6440941966584e-16,2.1569115483106e-20,0,3.7e-11,1,0.000181,2.4600430019684e-60,1.0069342364315,4.4678986675635e-07
3591,0,0,3591,2.0514468618152e-17,3.7236425840304e-11,2.4184115706039e-17,2.4142801029082e-20,0,3.7e-11,1,0.000181,2.2605114097032e-60,1.0033266549913,4.3818944427103e-07
3592,0,0,3592,2.0487825096814e-17,3.737578879742e-11,-2.5224695237921e-17,2.6643521338385e-20,0,3.7e-11,1,0.000181,2.0770957978255e-60,1.0070971998262,4.4718159384047e-07
3593,0,0,3593,2.0458778501964e-17,3.6466631669245e-11,1.6455744019972e-16,2.9046594849481e-20,0,3.7e-11,1,0.000181,1.9085000239963e-60,0.98252972280593,3.9120037326722e-07
3594,0,0,3594,2.0427450402432e-17,3.7319483131831e-11,-1.5436611472814e-16,3.1328099532484e-20,0,3.7e-11,1,0.000181,1.7535317402026e-60,1.0055844402656,4.4355600589517e-07
3595,0,0,3595,2.0393985279332e-17,3.6949354115595e-11,6.6993351938732e-17,3.3465123100169e-20,0,3.7e-11,1,0.000181,1.6110941172869e-60,0.99558595037231,4.2019074829571e-07
3596,0,0,3596,2.0358548989997e-17,3.6819320467459e-11,2.3536090312716e-17,3.5436289335257e-20,0,3.7e-11,1,0.000181,1.4801782263507e-60,0.99207681881738,4.1223237229028e-07
3597,0,0,3597,2.0321327039419e-17,3.7324730476961e-11,-9.1479211719953e-17,3.7221950577279e-20,0,3.7e-11,1,0.000181,1.3598560251262e-60,1.0057421068076,4.439327582273e-07
3598,0,0,3598,2.0282522529608e-17,3.7526633177456e-11,-3.6544388789464e-17,3.8804509811157e-20,0,3.7e-11,1,0.000181,1.249273901496e-60,1.0112047308631,4.5714804755401e-07
3599,0,0,3599,2.024235375546e-17,3.6870957525334e-11,1.1867729303398e-16,4.0168774148459e-20,0,3.7e-11,1,0.000181,1.1476467300972e-60,0.99348976531731,4.1542188468015e-07
3600,0,0,3600,2.0201051596211e-17,3.7653620418831e-11,-1.4166198372287e-16,4.1302159248755e-20,0,3.7e-11,1,0.000181,1.0542524014219e-60,1.0146489837557,4.6564405965241e-07
3601,0,0,3601,2.0158856780858e-17,3.6343709830684e-11,2.3709381645446e-16,4.2194815352969e-20,0,3.7e-11,1,0.000181,9.6842678601859e-61,0.97925229544169,3.8418541852027e-07
3602,0,0,3602,2.011601683681e-17,3.6473369507444e-11,-2.3468401493362e-17,4.2839944047421e-20,0,3.7e-11,1,0.000181,8.8955909934428e-61,0.98276300791557,3.9170364714734e-07
3603,0,0,3603,2.0072783167142e-17,3.7456440375763e-11,-1.7793582716568e-16,4.3233669668134e-20,0,3.7e-11,1,0.000181,8.1708763553652e-61,1.0093389465202,4.5259872862159e-07
3604,0,0,3604,2.0029407942534e-17,3.6376699829004e-11,1.9543303896335e-16,4.3375224608411e-20,0,3.7e-11,1,0.000181,7.5049584087155e-61,0.98016324639498,3.8612482743972e-07
3605,0,0,3605,1.9986140939321e-17,3.7814226618137e-11,-2.6019234883314e-16,4.3267003212626e-20,0,3.7e-11,1,0.000181,6.8930869998405e-61,1.0190217824315,4.7661557511175e-07
3606,0,0,3606,1.9943226684498e-17,3.7335406710015e-11,8.666640337011e-17,4.2914254823064e-20,0,3.7e-11,1,0.000181,6.3308941004658e-61,1.0060871118155,4.4475807566709e-07
3607,0,0,3607,1.99009014606e-17,3.6519960008903e-11,1.4759585290115e-16,4.2325223898021e-20,0,3.7e-11,1,0.000181,5.8143632006564e-61,0.98405433181289,3.944990220411e-07
3608,0,0,3608,1.9859390676721e-17,3.6264432479481e-11,4.6250482825445e-17,4.1510783879383e-20,0,3.7e-11,1,0.000181,5.3398011425497e-61,0.97715438078384,3.7974916566881e-07
3609,0,0,3609,1.9818906512016e-17,3.6917187183571e-11,-1.1814860144019e-16,4.0484164704605e-20,0,3.7e-11,1,0.000181,4.90381220108e-61,0.9948024449327,4.1840306181278e-07
3610,0,0,3610,1.9779645772776e-17,3.6102033254341e-11,1.4754286119057e-16,3.9260739240304e-20,0,3.7e-11,1,0.000181,4.5032742332459e-61,0.97277712009302,3.7062742286821e-07
3611,0,0,3611,1.9741787984696e-17,3.6186117636575e-11,-1.5219273184306e-17,3.7857788080318e-20,0,3.7e-11,1,0.000181,4.1353167315621e-61,0.9750553239115,3.7535238789684e-07
3612,0,0,3612,1.9705493987514e-17,3.6560093843675e-11,-6.7689693485025e-17,3.6293997181804e-20,0,3.7e-11,1,0.000181,3.7973006303476e-61,0.98516820840937,3.9692331682929e-07
3613,0,0,3613,1.9670904802058e-17,3.6826212763812e-11,-4.8167524544893e-17,3.458918545623e-20,0,3.7e-11,1,0.000181,3.4867997254762e-61,0.99236577653396,4.1288302091024e-07
3614,0,0,3614,1.963814083852e-17,3.7014892546083e-11,-3.415104059107e-17,3.2763963537084e-20,0,3.7e-11,1,0.000181,3.2015835792451e-61,0.99747012244326,4.2451528042202e-07
3615,0,0,3615,1.9607301477307e-17,3.655058465002e-11,8.4039729187361e-17,3.0839361213535e-20,0,3.7e-11,1,0.000181,2.9396017921827e-61,0.98492586533916,3.9639483856902e-07
3616,0,0,3616,1.9578465001534e-17,3.7667705898003e-11,-2.0219894588499e-16,2.8836475773138e-20,0,3.7e-11,1,0.000181,2.6989695329767e-61,1.0151226373805,4.6682243284704e-07
3617,0,0,3617,1.9551688913859e-17,3.7446377313208e-11,4.0060473847842e-17,2.6776087674854e-20,0,3.7e-11,1,0.000181,2.4779542263304e-61,1.0091447819586,4.5212742803906e-07
3618,0,0,3618,1.9527010382336e-17,3.7470179202303e-11,-4.3081419261525e-18,2.4678531523447e-20,0,3.7e-11,1,0.000181,2.2749633064948e-61,1.0097917612714,4.53699413932e-07
3619,0,0,3619,1.9504447064903e-17,3.6946319848878e-11,9.4818542969909e-17,2.2563317432679e-20,0,3.7e-11,1,0.000181,2.0885329515438e-61,0.99563676953592,4.2030691464361e-07
3620,0,0,3620,1.9483998119987e-17,3.7748315368068e-11,-1.4516118897329e-16,2.0448944916301e-20,0,3.7e-11,1,0.000181,1.9173177201968e-61,1.0173153775572,4.7230934214057e-07
3621,0,0,3621,1.9465645426956e-17,3.6477741942394e-11,2.2997379004697e-16,1.8352693030808e-20,0,3.7e-11,1,0.000181,1.7600810191998e-61,0.98297829567662,3.9216856299619e-07
3622,0,0,3622,1.9449354809186e-17,3.7114825234371e-11,-1.1531207584784e-16,1.6290617769496e-20,0,3.7e-11,1,0.000181,1.6156863349941e-61,1.000199195552,4.3084330695716e-07
3623,0,0,3623,1.9435077568477e-17,3.7411530271745e-11,-5.3703611764665e-17,1.4277240709552e-20,0,3.7e-11,1,0.000181,1.4830891686632e-61,1.0082203825022,4.4988909373903e-07
3624,0,0,3624,1.9422751893031e-17,3.6763202020037e-11,1.1734741355901e-16,1.2325675446064e-20,0,3.7e-11,1,0.000181,1.3613296179993e-61,0.99069983779808,4.0914328513988e-07
3625,0,0,3625,1.9412304321821e-17,3.6150707986489e-11,1.1086142007219e-16,1.0447571210078e-20,0,3.7e-11,1,0.000181,1.2495255549934e-61,0.974147505037,3.7346373292945e-07
3626,0,0,3626,1.9403651313854e-17,3.6664744687474e-11,-9.3040642878227e-17,8.6530079660457e-21,0,3.7e-11,1,0.000181,1.1468663511656e-61,0.98804168091966,4.032334174732e-07
3627,0,0,3627,1.9396700796796e-17,3.6553843408593e-11,2.0073131477526e-17,6.9505170584364e-21,0,3.7e-11,1,0.000181,1.0526071069378e-61,0.98504538691332,3.9665540787693e-07
3628,0,0,3628,1.9391353582439e-17,3.6263087573005e-11,5.2626806241324e-17,5.3472143566172e-21,0,3.7e-11,1,0.000181,9.6606334473551e-62,0.97718791953584,3.7981975671307e-07
3629,0,0,3629,1.938750483219e-17,3.7540147406291e-11,-2.3114782982479e-16,3.8487502499399e-21,0,3.7e-11,1,0.000181,8.8660612871764e-62,1.0117036248629,4.5837079077126e-07
3630,0,0,3630,1.9385045514711e-17,3.7674310259534e-11,-2.4283476436958e-17,2.4593174788553e-21,0,3.7e-11,1,0.000181,8.1365757698648e-62,1.0153300151502,4.6733911972637e-07
3631,0,0,3631,1.9383863654286e-17,3.6764346393935e-11,1.6470345967345e-16,1.1818604251105e-21,0,3.7e-11,1,0.000181,7.4668673485182e-62,0.99073657363715,4.092254516814e-07
3632,0,0,3632,1.9383845625385e-17,3.6094048503899e-11,1.2132391809646e-16,1.8028900039898e-23,0,3.7e-11,1,0.000181,6.8520578022852e-62,0.97262041713907,3.7030421413405e-07
3633,0,0,3633,1.9384877479112e-17,3.6174405281489e-11,-1.4544576743776e-17,-1.0318537267809e-21,0,3.7e-11,1,0.000181,6.2876653455282e-62,0.97479206786179,3.7480390186383e-07
3634,0,0,3634,1.9386846189202e-17,3.667645284475e-11,-9.0870608950318e-17,-1.9687100896778e-21,0,3.7e-11,1,0.000181,5.7695725472586e-62,0.98836062695395,4.0393883155337e-07
3635,0,0,3635,1.938964080466e-17,3.7501930244139e-11,-1.4941140928926e-16,-2.7946154581059e-21,0,3.7e-11,1,0.000181,5.2939968354808e-62,1.0106704096438,4.5584142627295e-07
3636,0,0,3636,1.9393153540582e-17,3.7189518221141e-11,5.6546576162635e-17,-3.5127359215919e-21,0,3.7e-11,1,0.000181,4.8574633790681e-62,1.0022263169308,4.3559329070948e-07
3637,0,0,3637,1.9397280791616e-17,3.6916869583539e-11,4.9349403405836e-17,-4.1272510347583e-21,0,3.7e-11,1,0.000181,4.4567801563599e-62,0.99485681854994,4.1852692287392e-07
3638,0,0,3638,1.9401924187656e-17,3.6237115332964e-11,1.2303551935416e-16,-4.6433960396362e-21,0,3.7e-11,1,0.000181,4.0890150349175e-62,0.97648438869327,3.7834123237625e-07
3639,0,0,3639,1.9406991588399e-17,3.7539826173827e-11,-2.3579066219629e-16,-5.0674007425008e-21,0,3.7e-11,1,0.000181,3.7514747009043e-62,1.0116920331304,4.583423502766e-07
3640,0,0,3640,1.941239807041e-17,3.7171865845878e-11,6.6600819358873e-17,-5.4064820113481e-21,0,3.7e-11,1,0.000181,3.4416852894784e-62,1.001746352103,4.3446479013868e-07
3641,0,0,3641,1.9418066678937e-17,3.7529830259184e-11,-6.4791558808455e-17,-5.6686085274935e-21,0,3.7e-11,1,0.000181,3.1573745794708e-62,1.0114202195361,4.5767586373727e-07
3642,0,0,3642,1.9423929293708e-17,3.7269738612902e-11,4.707658797715e-17,-5.8626147703546e-21,0,3.7e-11,1,0.000181,2.8964556265636e-62,1.0043898401734,4.4070990930782e-07
3643,0,0,3643,1.9429927356153e-17,3.740236162699e-11,-2.4004765549959e-17,-5.9980624454242e-21,0,3.7e-11,1,0.000181,2.6570117192546e-62,1.0079733503254,4.4929246420368e-07
3644,0,0,3644,1.943601258502e-17,3.7751021465623e-11,-6.3107430792691e-17,-6.0852288663857e-21,0,3.7e-11,1,0.000181,2.4372825511608e-62,1.0173956805574,4.7251127850685e-07
3645,0,0,3645,1.9442147577909e-17,3.681340877187e-11,1.6970789756939e-16,-6.1349928894406e-21,0,3.7e-11,1,0.000181,2.2356515117431e-62,0.99205388086166,4.1218075853155e-07
3646,0,0,3646,1.9448306311913e-17,3.7454163314391e-11,-1.1597657219632e-16,-6.1587340036516e-21,0,3.7e-11,1,0.000181,2.0506340053793e-62,1.0093706515743,4.5267572513652e-07
3647,0,0,3647,1.9454474687531e-17,3.6974446527515e-11,8.682873842453e-17,-6.1683756185015e-21,0,3.7e-11,1,0.000181,1.8808667159396e-62,0.99640441194455,4.2206483820794e-07
3648,0,0,3648,1.9460650810467e-17,3.6116672004858e-11,1.5525718860089e-16,-6.1761229354196e-21,0,3.7e-11,1,0.000181,1.7250977406596e-62,0.97322039451529,3.7154294731314e-07
3649,0,0,3649,1.9466845282112e-17,3.6510796926734e-11,-7.1336610859563e-17,-6.1944716456978e-21,0,3.7e-11,1,0.000181,1.5821775232237e-62,0.98387149446869,3.9410224204678e-07
3650,0,0,3650,1.9473081422053e-17,3.6263146059264e-11,4.4824807012114e-17,-6.2361399406799e-21,0,3.7e-11,1,0.000181,1.4510505215953e-62,0.9771772965962,3.797973968105e-07
3651,0,0,3651,1.9479395247861e-17,3.6360528510906e-11,-1.762622374708e-17,-6.3138258081528e-21,0,3.7e-11,1,0.000181,1.3307475513111e-62,0.97980831196447,3.8536822732711e-07
3652,0,0,3652,1.9485835405728e-17,3.6627332000629e-11,-4.8291431639892e-17,-6.4401578672318e-21,0,3.7e-11,1,0.000181,1.2203787497137e-62,0.98701825544394,4.0097668270247e-07
3653,0,0,3653,1.9492462948126e-17,3.7638322035613e-11,-1.8298919633226e-16,-6.627542397341e-21,0,3.7e-11,1,0.000181,1.1191271109853e-62,1.014341320815,4.6487994442242e-07
3654,0,0,3654,1.9499350951557e-17,3.7315709180209e-11,5.8392926828184e-17,-6.8880034311282e-21,0,3.7e-11,1,0.000181,1.0262425458691e-62,1.0056210259319,4.4364340599453e-07
3655,0,0,3655,1.9506583889204e-17,3.6138774870178e-11,2.1302511011561e-16,-7.2329376469722e-21,0,3.7e-11,1,0.000181,9.4103642368091e-63,0.97381091049918,3.7276544322378e-07
3656,0,0,3656,1.9514256948138e-17,3.6101563240483e-11,6.735304974703e-18,-7.6730589343958e-21,0,3.7e-11,1,0.000181,8.6287655761985e-63,0.97280404503201,3.7068298023106e-07
3657,0,0,3657,1.9522475256728e-17,3.7044426281669e-11,-1.7065821045455e-16,-8.218308590048e-21,0,3.7e-11,1,0.000181,7.9118259752728e-63,0.99828560276621,4.2639817916451e-07
3658,0,0,3658,1.9531352843734e-17,3.7428176642105e-11,-6.9458815238924e-17,-8.8775870059385e-21,0,3.7e-11,1,0.000181,7.2542179713027e-63,1.0086559085228,4.5094254498328e-07
3659,0,0,3659,1.954101136167e-17,3.7408723772834e-11,3.5209693379687e-18,-9.6585179363368e-21,0,3.7e-11,1,0.000181,6.6510512546025e-63,1.0081287130837,4.496676193835e-07
3660,0,0,3660,1.9551578715977e-17,3.7102745056467e-11,5.5382147662541e-17,-1.056735430668e-20,0,3.7e-11,1,0.000181,6.0978369458075e-63,0.99985744012312,4.3004667666259e-07
3661,0,0,3661,1.9563187577722e-17,3.776142816283e-11,-1.1922164225183e-16,-1.1608861745259e-20,0,3.7e-11,1,0.000181,5.5904547800435e-63,1.017657952799,4.7317129979475e-07
3662,0,0,3662,1.9575973771194e-17,3.696764541788e-11,1.4367467683599e-16,-1.2786193471284e-20,0,3.7e-11,1,0.000181,5.1251229624478e-63,0.99620245585562,4.2160177283908e-07
3663,0,0,3663,1.9590074435852e-17,3.6859073296949e-11,1.9651553888521e-17,-1.4100664658075e-20,0,3.7e-11,1,0.000181,4.6983704785093e-63,0.99326596868925,4.1491536107991e-07
3664,0,0,3664,1.9605626232917e-17,3.6930455968363e-11,-1.2920263525892e-17,-1.5551797065126e-20,0,3.7e-11,1,0.000181,4.3070116601663e-63,0.99519290787528,4.1929318543583e-07
3665,0,0,3665,1.9622763401297e-17,3.6306471576956e-11,1.1294117484467e-16,-1.7137168379971e-20,0,3.7e-11,1,0.000181,3.9481228246792e-63,0.97832590593216,3.8222129388045e-07
3666,0,0,3666,1.96416157536e-17,3.7233252593539e-11,-1.6774736400152e-16,-1.8852352302671e-20,0,3.7e-11,1,0.000181,3.6190208180661e-63,1.0033712264711,4.3829487212401e-07
3667,0,0,3667,1.9662306748042e-17,3.7776030902819e-11,-9.8242873979653e-17,-2.0690994442245e-20,0,3.7e-11,1,0.000181,3.3172433084883e-63,1.0180378209142,4.7412858966879e-07
3668,0,0,3668,1.9684951413002e-17,3.6426809131573e-11,2.4420914059551e-16,-2.2644664960607e-20,0,3.7e-11,1,0.000181,3.04053068747e-63,0.98156898632249,3.8913329703889e-07
3669,0,0,3669,1.9709654348592e-17,3.7120789871312e-11,-1.2561051389276e-16,-2.4702935589393e-20,0,3.7e-11,1,0.000181,2.786809448322e-63,1.0003215338747,4.3112876928429e-07
3670,0,0,3670,1.9736507985664e-17,3.6991764318338e-11,2.3353625088453e-17,-2.6853637072555e-20,0,3.7e-11,1,0.000181,2.554176921715e-63,0.99683034696632,4.2304282481048e-07
3671,0,0,3671,1.9765590725324e-17,3.6557452671084e-11,7.8610408152833e-17,-2.908273965928e-20,0,3.7e-11,1,0.000181,2.3408872580583e-63,0.98508785168597,3.9674801905944e-07
3672,0,0,3672,1.9796965303888e-17,3.7604617321016e-11,-1.8953680163755e-16,-3.1374578564487e-20,0,3.7e-11,1,0.000181,2.1453385552738e-63,1.0133849141108,4.6251112778666e-07
3673,0,0,3673,1.9830677362253e-17,3.7636110893558e-11,-5.7003366300844e-18,-3.3712058365119e-20,0,3.7e-11,1,0.000181,1.9660610387685e-63,1.0142310578426,4.646063430212e-07
3674,0,0,3674,1.9866754028396e-17,3.6623793541058e-11,1.8322944080244e-16,-3.607666614266e-20,0,3.7e-11,1,0.000181,1.8017062079594e-63,0.98686574240752,4.0064126274294e-07
3675,0,0,3675,1.9905202795536e-17,3.7469020637479e-11,-1.529861044521e-16,-3.8448767140076e-20,0,3.7e-11,1,0.000181,1.6510368706474e-63,1.0097039767938,4.5348586031745e-07
3676,0,0,3676,1.9946010706073e-17,3.7067002058785e-11,7.2765362743544e-17,-4.0807910537429e-20,0,3.7e-11,1,0.000181,1.5129179929147e-63,0.99883251634075,4.276647826708e-07
3677,0,0,3677,1.9989143546695e-17,3.6561799661621e-11,9.1441633886637e-17,-4.3132840621307e-20,0,3.7e-11,1,0.000181,1.3863082980909e-63,0.98517195687722,3.9693149563357e-07
3678,0,0,3678,2.0034545388563e-17,3.6280199615656e-11,5.0969608319614e-17,-4.5401841867966e-20,0,3.7e-11,1,0.000181,1.270252553722e-63,0.97755436539424,3.8059173483333e-07
3679,0,0,3679,2.0082138358488e-17,3.6154274904443e-11,2.2792372729615e-17,-4.7592969924877e-20,0,3.7e-11,1,0.000181,1.163874490435e-63,0.9741438882105,3.73456223897e-07
3680,0,0,3680,2.013182260691e-17,3.6372777536922e-11,-3.9548976478718e-17,-4.9684248422729e-20,0,3.7e-11,1,0.000181,1.0663703011473e-63,0.98004194588264,3.858661196854e-07
3681,0,0,3681,2.0183476494373e-17,3.6418537387928e-11,-8.2825330320923e-18,-5.1653887463059e-20,0,3.7e-11,1,0.000181,9.7700267325625e-64,0.98127098562351,3.8849394520439e-07
3682,0,0,3682,2.0236956968409e-17,3.6433615718816e-11,-2.7291778906612e-18,-5.348047403609e-20,0,3.7e-11,1,0.000181,8.9509531029446e-64,0.98167052234393,3.8935133546781e-07
3683,0,0,3683,2.0292100177268e-17,3.7052630786108e-11,-1.1204172717988e-16,-5.5143208858217e-20,0,3.7e-11,1,0.000181,8.2002790307485e-64,0.9983924252812,4.2664533000123e-07
3684,0,0,3684,2.0348722285777e-17,3.6514276549865e-11,9.7442116759936e-17,-5.6622108509366e-20,0,3.7e-11,1,0.000181,7.512315135982e-64,0.98383385594144,3.9402060211673e-07
3685,0,0,3685,2.0406620421708e-17,3.7287384278063e-11,-1.3993249880374e-16,-5.7898135930528e-20,0,3.7e-11,1,0.000181,6.8818433798697e-64,1.0047200140223,4.4149504464501e-07
3686,0,0,3686,2.0465573932936e-17,3.7675129727608e-11,-7.0181926367647e-17,-5.8953511228427e-20,0,3.7e-11,1,0.000181,6.3040781745239e-64,1.0151908177936,4.6699225462601e-07
3687,0,0,3687,2.0525345681077e-17,3.7408394342478e-11,4.8279104708513e-17,-5.9771748141166e-20,0,3.7e-11,1,0.000181,5.7746306882716e-64,1.0079728281779,4.4929120380216e-07
3688,0,0,3688,2.0585683520168e-17,3.6358306426462e-11,1.9006591279882e-16,-6.0337839090972e-20,0,3.7e-11,1,0.000181,5.289476085138e-64,0.97958306400918,3.8488870218877e-07
3689,0,0,3689,2.0646321987762e-17,3.6958519786561e-11,-1.0863861817782e-16,-6.0638467594381e-20,0,3.7e-11,1,0.000181,4.8449234582989e-64,0.99579599214271,4.2067104746459e-07
3690,0,0,3690,2.070698420596e-17,3.6277723945161e-11,1.2322404729343e-16,-6.0662218197763e-20,0,3.7e-11,1,0.000181,4.4375882368922e-64,0.97738704641901,3.8023909150297e-07
3691,0,0,3691,2.0767383758474e-17,3.7502906896779e-11,-2.2175811424284e-16,-6.0399552514128e-20,0,3.7e-11,1,0.000181,4.0643668635689e-64,1.0104910802685,4.5540357995288e-07
3692,0,0,3692,2.0827226852658e-17,3.7246496126038e-11,4.6410349504132e-17,-5.9843094183351e-20,0,3.7e-11,1,0.000181,3.7224135566905e-64,1.0035521236315,4.3872297240682e-07
3693,0,0,3693,2.0886214412052e-17,3.7669025305901e-11,-7.6477781555295e-17,-5.8987559394233e-20,0,3.7e-11,1,0.000181,3.4091189862703e-64,1.0149630231381,4.6642506727088e-07
3694,0,0,3694,2.094404442892e-17,3.7587577050482e-11,1.4742134230895e-17,-5.7830016867646e-20,0,3.7e-11,1,0.000181,3.1220907067044e-64,1.0127530837253,4.6095162331478e-07
3695,0,0,3695,2.1000414315803e-17,3.6364677332062e-11,2.2134484903395e-16,-5.6369886882913e-20,0,3.7e-11,1,0.000181,2.8591352021587e-64,0.97969332279939,3.8512336874133e-07
3696,0,0,3696,2.1055023367047e-17,3.7036533171462e-11,-1.2160590693128e-16,-5.4609051244506e-20,0,3.7e-11,1,0.000181,2.6182414122517e-64,0.99784343447328,4.2537639396123e-07
3697,0,0,3697,2.1107575415015e-17,3.7650363596861e-11,-1.1110330699719e-16,-5.2552047967681e-20,0,3.7e-11,1,0.000181,2.3975656164956e-64,1.0144255988677,4.6508915662117e-07
3698,0,0,3698,2.1157781344131e-17,3.7863697323659e-11,-3.8613404550584e-17,-5.0205929116447e-20,0,3.7e-11,1,0.000181,2.1954175658879e-64,1.0201838784886,4.7956648817389e-07
3699,0,0,3699,2.1205361651293e-17,3.7420339512307e-11,8.024776385473e-17,-4.7580307161627e-20,0,3.7e-11,1,0.000181,2.0102477591816e-64,1.0081941302189,4.4982565883861e-07
3700,0,0,3700,2.1250049047293e-17,3.6871931954213e-11,9.9261768014939e-17,-4.4687396000387e-20,0,3.7e-11,1,0.000181,1.8406357697415e-64,0.99336563157613,4.1514086795182e-07
3701,0,0,3701,2.1291591083878e-17,3.6861967038466e-11,1.8036497503806e-18,-4.1542036585208e-20,0,3.7e-11,1,0.000181,1.6852795365998e-64,0.99309010644742,4.1451768180613e-07
3702,0,0,3702,2.1329752741902e-17,3.7378641046229e-11,-9.3517995405117e-17,-3.8161658023806e-20,0,3.7e-11,1,0.000181,1.5429855403954e-64,1.0070485704981,4.4706467064993e-07
3703,0,0,3703,2.136431889478e-17,3.7221726276509e-11,2.8401573319105e-17,-3.456615287757e-20,0,3.7e-11,1,0.000181,1.4126597913782e-64,1.0028024693375,4.3695110419254e-07
3704,0,0,3704,2.1395096610925e-17,3.6708404513558e-11,9.2911239094187e-17,-3.077771614537e-20,0,3.7e-11,1,0.000181,1.293299562632e-64,0.98892431242991,4.0518799713342e-07
3705,0,0,3705,2.1421917383918e-17,3.6967143336798e-11,-4.6831727006348e-17,-2.6820772993104e-20,0,3.7e-11,1,0.000181,1.1839858071404e-64,0.99591324870486,4.2093937081102e-07
3706,0,0,3706,2.1444639224022e-17,3.7863897730748e-11,-1.6231254530508e-16,-2.2721840103374e-20,0,3.7e-11,1,0.000181,1.0838762023642e-64,1.0201464611082,4.7947124261411e-07
3707,0,0,3707,2.1463148454451e-17,3.8018343087278e-11,-2.7954609531878e-17,-1.8509230429146e-20,0,3.7e-11,1,0.000181,9.9219877061104e-65,1.0243178961241,4.9018502524503e-07
3708,0,0,3708,2.1477361186463e-17,3.7798037005734e-11,3.9875400759369e-17,-1.4212732012718e-20,0,3.7e-11,1,0.000181,9.0824602772822e-65,1.0183615554504,4.7494566541795e-07
3709,0,0,3709,2.1487224557208e-17,3.6508222606965e-11,2.3345640617728e-16,-9.8633707440502e-21,0,3.7e-11,1,0.000181,8.3136961654516e-65,0.98350023403068,3.9329756139903e-07
3710,0,0,3710,2.1492717648903e-17,3.6927439809092e-11,-7.587831358498e-17,-5.4930916957041e-21,0,3.7e-11,1,0.000181,7.6097538507021e-65,0.99482960845106,4.1846493555254e-07
3711,0,0,3711,2.1493852162281e-17,3.7654158485474e-11,-1.3153608042514e-16,-1.1345133778315e-21,0,3.7e-11,1,0.000181,6.9651887273394e-65,1.0144704843525,4.6520061186683e-07
3712,0,0,3712,2.1490672543446e-17,3.7959193661163e-11,-5.5211366799818e-17,3.1796188347772e-21,0,3.7e-11,1,0.000181,6.3750117098728e-65,1.0227151530726,4.8604574167575e-07
3713,0,0,3713,2.148325570365e-17,3.7773769311395e-11,3.3561807308124e-17,7.4168397959748e-21,0,3.7e-11,1,0.000181,5.8346512733349e-65,1.0177047916468,4.7328925118176e-07
3714,0,0,3714,2.147171038258e-17,3.7258339498271e-11,9.3292796175409e-17,1.1545321070094e-20,0,3.7e-11,1,0.000181,5.3399186441675e-65,1.0037759801112,4.392532095447e-07
3715,0,0,3715,2.1456176139919e-17,3.7281985326838e-11,-4.2798949706318e-18,1.5534242661136e-20,0,3.7e-11,1,0.000181,4.8869758812459e-65,1.0044173761412,4.4077534478748e-07
3716,0,0,3716,2.1436821974069e-17,3.7124273381359e-11,2.8545862131614e-17,1.9354165849999e-20,0,3.7e-11,1,0.000181,4.4723066080558e-65,1.0001577811038,4.3074670605476e-07
3717,0,0,3717,2.1413844511026e-17,3.7487147918609e-11,-6.5680291242081e-17,2.2977463043409e-20,0,3.7e-11,1,0.000181,4.0926891767177e-65,1.0099686320378,4.541299371212e-07
3718,0,0,3718,2.1387465870953e-17,3.6974723314291e-11,9.2748853381343e-17,2.6378640072281e-20,0,3.7e-11,1,0.000181,3.7451720626193e-65,0.99612325728173,4.2142029144332e-07
3719,0,0,3719,2.1357931175267e-17,3.7802150886807e-11,-1.4976439062534e-16,2.95346956861e-20,0,3.7e-11,1,0.000181,3.4270513049974e-65,1.0184905747852,4.752716179509e-07
3720,0,0,3720,2.1325505869689e-17,3.6855965155996e-11,1.7125961727677e-16,3.2425305578138e-20,0,3.7e-11,1,0.000181,3.1358498240413e-65,0.99292282923183,4.1413970439253e-07
3721,0,0,3721,2.1290472657731e-17,3.6565289538648e-11,5.2612286739952e-17,3.5033211958495e-20,0,3.7e-11,1,0.000181,2.8692984590568e-65,0.9850719626456,3.967133646772e-07
3722,0,0,3722,2.1253128444361e-17,3.7145369887604e-11,-1.04994543161e-16,3.7344213370071e-20,0,3.7e-11,1,0.000181,2.6253185850583e-65,1.0007553861747,4.3214235690577e-07
3723,0,0,3723,2.1213781074557e-17,3.6216887137016e-11,1.6805537785631e-16,3.9347369803364e-20,0,3.7e-11,1,0.000181,2.4020061769295e-65,0.97566713315295,3.7662960209985e-07
3724,0,0,3724,2.1172745904512e-17,3.6728956091182e-11,-9.2684480704039e-17,4.1035170044966e-20,0,3.7e-11,1,0.000181,2.1976172010963e-65,0.98951296201275,4.0649584505622e-07
3725,0,0,3725,2.1130342542368e-17,3.7314779119929e-11,-1.0603396820318e-16,4.2403362144615e-20,0,3.7e-11,1,0.000181,2.0105542245714e-65,1.0053523485389,4.4300188511145e-07
3726,0,0,3726,2.108689146991e-17,3.6543498814255e-11,1.3960173532692e-16,4.3451072457961e-20,0,3.7e-11,1,0.000181,1.839354140333e-65,0.98451342301184,3.9549674345796e-07
3727,0,0,3727,2.1042710756324e-17,3.7788996440647e-11,-2.254350703768e-16,4.4180713585279e-20,0,3.7e-11,1,0.000181,1.6826769163493e-65,1.0181821181127,4.7449264063452e-07
3728,0,0,3728,2.0998113067177e-17,3.7501929938727e-11,5.1959036847224e-17,4.4597689147032e-20,0,3.7e-11,1,0.000181,1.5392952832246e-65,1.0104302233601,4.5525507113108e-07
3729,0,0,3729,2.0953402629063e-17,3.7506362649814e-11,-8.0232070661753e-19,4.4710438114728e-20,0,3.7e-11,1,0.000181,1.4080852824792e-65,1.0105567025515,4.5556376195265e-07
3730,0,0,3730,2.0908872573629e-17,3.7378282672066e-11,2.3182475972385e-17,4.4530055433685e-20,0,3.7e-11,1,0.000181,1.2880176039243e-65,1.0071017307855,4.4719248923985e-07
3731,0,0,3731,2.086480249047e-17,3.680255287657e-11,1.0420709298463e-16,4.4070083159104e-20,0,3.7e-11,1,0.000181,1.1781496465199e-65,0.99154804661323,4.1104389596887e-07
3732,0,0,3732,2.0821456254964e-17,3.6759882515441e-11,7.7233353643941e-18,4.3346235505995e-20,0,3.7e-11,1,0.000181,1.0776182425319e-65,0.99040126609525,4.0847597276543e-07
3733,0,0,3733,2.0779080218437e-17,3.7589041008824e-11,-1.5007768730221e-16,4.2376036526455e-20,0,3.7e-11,1,0.000181,9.8563298979698e-66,1.0128172827204,4.6110988542005e-07
3734,0,0,3734,2.0737901672948e-17,3.7483856702969e-11,1.9038359359667e-17,4.1178545489823e-20,0,3.7e-11,1,0.000181,9.014701414706e-66,1.009980612448,4.5415911081796e-07
3735,0,0,3735,2.0698127565682e-17,3.7697272510436e-11,-3.8628261151373e-17,3.9774107265841e-20,0,3.7e-11,1,0.000181,8.2446700683707e-66,1.0157545463376,4.6839830411122e-07
3736,0,0,3736,2.0659943631735e-17,3.6195770727641e-11,2.7177182268585e-16,3.8183933946266e-20,0,3.7e-11,1,0.000181,7.540168206056e-66,0.97517911872051,3.7561053677735e-07
3737,0,0,3737,2.0623513793729e-17,3.6031704339934e-11,2.9696016174835e-17,3.6429838006053e-20,0,3.7e-11,1,0.000181,6.8956404165194e-66,0.9707503317507,3.6646476019686e-07
3738,0,0,3738,2.0588980050599e-17,3.6292083015735e-11,-4.712854031977e-17,3.4533743130585e-20,0,3.7e-11,1,0.000181,6.3060004540365e-66,0.97779274985775,3.810946171328e-07
3739,0,0,3739,2.0556462557305e-17,3.7232555643855e-11,-1.7022554568973e-16,3.2517493293792e-20,0,3.7e-11,1,0.000181,5.7665917704054e-66,1.0032157845275,4.3792728475315e-07
3740,0,0,3740,2.0526059988511e-17,3.7343857208632e-11,-2.0145583224688e-17,3.040256879365e-20,0,3.7e-11,1,0.000181,5.2731513540796e-66,1.0062284746564,4.4509660351156e-07
3741,0,0,3741,2.0497850140179e-17,3.7840031587648e-11,-8.980756260189e-17,2.8209848332058e-20,0,3.7e-11,1,0.000181,4.8217766004254e-66,1.0196428053194,4.7819069226915e-07
3742,0,0,3742,2.0471890867247e-17,3.7338515975671e-11,9.0774325767889e-17,2.5959272932524e-20,0,3.7e-11,1,0.000181,4.4088949600328e-66,1.006092205574,4.4477027026877e-07
3743,0,0,3743,2.0448221174677e-17,3.6307784706108e-11,1.8656235979077e-16,2.3669692569396e-20,0,3.7e-11,1,0.000181,4.0312361330596e-66,0.97823813806642,3.8203563445588e-07
3744,0,0,3744,2.0426862580922e-17,3.6583735406906e-11,-4.9947076844385e-17,2.1358593755005e-20,0,3.7e-11,1,0.000181,3.6858065968863e-66,0.98569945439286,3.9808381664985e-07
3745,0,0,3745,2.0407820686078e-17,3.6231304762666e-11,6.3789946607328e-17,1.9041894844229e-20,0,3.7e-11,1,0.000181,3.3698662720572e-66,0.97617714519285,3.7769701037867e-07
3746,0,0,3746,2.0391086730735e-17,3.6436654051088e-11,-3.7168221204266e-17,1.6733955343373e-20,0,3.7e-11,1,0.000181,3.0809071477259e-66,0.9817296246851,3.894782976807e-07
3747,0,0,3747,2.0376639322194e-17,3.6334435629292e-11,1.8501534345075e-17,1.4447408540924e-20,0,3.7e-11,1,0.000181,2.8166337027022e-66,0.97896912193215,3.8358416476986e-07
3748,0,0,3748,2.0364446166233e-17,3.7058944267853e-11,-1.3113606357961e-16,1.2193155960977e-20,0,3.7e-11,1,0.000181,2.574944971859e-66,0.99855225717712,4.2701534456636e-07
3749,0,0,3749,2.0354465849714e-17,3.7524664202476e-11,-8.4295308166696e-17,9.9803165191535e-21,0,3.7e-11,1,0.000181,2.353918120175e-66,1.011140772704,4.5699148451529e-07
3750,0,0,3750,2.0346649502328e-17,3.6521526183055e-11,1.8156798151523e-16,7.8163473857087e-21,0,3.7e-11,1,0.000181,2.1517933981705e-66,0.98403010148283,3.9444642046839e-07
3751,0,0,3751,2.0340942412149e-17,3.7354823299391e-11,-1.5082677805685e-16,5.7070901788111e-21,0,3.7e-11,1,0.000181,1.9669603630249e-66,1.0065524973537,4.4587334771353e-07
3752,0,0,3752,2.0337285690939e-17,3.738539802499e-11,-5.5340253335e-18,3.656721209996e-21,0,3.7e-11,1,0.000181,1.7979452593147e-66,1.0073793873126,4.4786057089148e-07
3753,0,0,3753,2.0335617605406e-17,3.6444865316954e-11,1.7023642015462e-16,1.6680855334816e-21,0,3.7e-11,1,0.000181,1.6433994621655e-66,0.98195983347218,3.8997314845378e-07
3754,0,0,3754,2.0335874841434e-17,3.6683866818159e-11,-4.3259271718267e-17,-2.5723602816517e-22,0,3.7e-11,1,0.000181,1.5020888937269e-66,0.98841929509414,4.0406869758147e-07
3755,0,0,3755,2.0337993718934e-17,3.7286747198226e-11,-1.0912134879209e-16,-2.1188774997924e-21,0,3.7e-11,1,0.000181,1.3728843313184e-66,1.0047130430282,4.4147845622595e-07
3756,0,0,3756,2.034191110785e-17,3.631848216125e-11,1.7525597169263e-16,-3.9173889160374e-21,0,3.7e-11,1,0.000181,1.2547525324192e-66,0.97854313275772,3.8268112020352e-07
3757,0,0,3757,2.0347565155725e-17,3.7665317948891e-11,-2.4377727756295e-16,-5.6540478755839e-21,0,3.7e-11,1,0.000181,1.1467481079287e-66,1.0149432557255,4.6637587476214e-07
3758,0,0,3758,2.0354896033627e-17,3.7832770524606e-11,-3.030891620445e-17,-7.330877902026e-21,0,3.7e-11,1,0.000181,1.0480060808554e-66,1.0194679063641,4.7774666262393e-07
3759,0,0,3759,2.0363846279859e-17,3.7481414603e-11,6.359542181082e-17,-8.9502462314348e-21,0,3.7e-11,1,0.000181,9.5773507285331e-67,1.0099704639186,4.5413439786582e-07
3760,0,0,3760,2.0374361116267e-17,3.7884753241839e-11,-7.3004293629974e-17,-1.0514836408265e-20,0,3.7e-11,1,0.000181,8.7521106583844e-67,1.02086993813,4.8131558236249e-07
3761,0,0,3761,2.0386388673538e-17,3.758971044833e-11,5.3402745625226e-17,-1.2027557271118e-20,0,3.7e-11,1,0.000181,7.9977169033821e-67,1.0128940126137,4.6129909656613e-07
3762,0,0,3762,2.0399879980236e-17,3.6764750582863e-11,1.493177356495e-16,-1.3491306697556e-20,0,3.7e-11,1,0.000181,7.3081099627301e-67,0.99059578550365,4.0891062582265e-07
3763,0,0,3763,2.0414788892473e-17,3.6490012462315e-11,4.9727599819178e-17,-1.4908912236844e-20,0,3.7e-11,1,0.000181,6.6777466558188e-67,0.98316820468666,3.9257904659839e-07
3764,0,0,3764,2.0431071978663e-17,3.7604203986246e-11,-2.0166866583156e-16,-1.6283086190039e-20,0,3.7e-11,1,0.000181,6.1015562950423e-67,1.0132790577172,4.6224955000955e-07
3765,0,0,3765,2.0448688261112e-17,3.7449227031267e-11,2.8050828851186e-17,-1.7616282449814e-20,0,3.7e-11,1,0.000181,5.5749005644763e-67,1.0090878608927,4.519893379619e-07
3766,0,0,3766,2.0467598731259e-17,3.6800871415585e-11,1.1735236643844e-16,-1.8910470146078e-20,0,3.7e-11,1,0.000181,5.0935367922885e-67,0.99156191242192,4.1107502525821e-07
3767,0,0,3767,2.0487765907847e-17,3.6448266023136e-11,6.3821576033234e-17,-2.0167176588315e-20,0,3.7e-11,1,0.000181,4.6535843309381e-67,0.98202902557559,3.9012198213704e-07
3768,0,0,3768,2.05091533504e-17,3.6448113010653e-11,2.7695259422975e-20,-2.1387442553335e-20,0,3.7e-11,1,0.000181,4.2514937832157e-67,0.98202169651751,3.9010621498484e-07
3769,0,0,3769,2.0531725073045e-17,3.7696196252385e-11,-2.2590306675357e-16,-2.2571722644699e-20,0,3.7e-11,1,0.000181,3.8840188341709e-67,1.0157503056008,4.6838771401242e-07
3770,0,0,3770,2.0555444869568e-17,3.6813748271079e-11,1.5972308461631e-16,-2.3719796522975e-20,0,3.7e-11,1,0.000181,3.5481904691228e-67,0.99189681830607,4.1182748632607e-07
3771,0,0,3771,2.0580275461903e-17,3.7538241332911e-11,-1.3113324419163e-16,-2.4830592334861e-20,0,3.7e-11,1,0.000181,3.2412933764204e-67,1.0114740041504,4.5780768078412e-07
3772,0,0,3772,2.0606177817319e-17,3.7150909951293e-11,7.0106980072986e-17,-2.5902355416037e-20,0,3.7e-11,1,0.000181,2.9608443505364e-67,1.0010017206759,4.3271872019092e-07
3773,0,0,3773,2.0633110240963e-17,3.7284797544938e-11,-2.4233654449824e-17,-2.6932423644724e-20,0,3.7e-11,1,0.000181,2.7045725265867e-67,1.0046162827225,4.412482545283e-07
3774,0,0,3774,2.0661027534705e-17,3.6449779695433e-11,1.5113823076056e-16,-2.7917293741635e-20,0,3.7e-11,1,0.000181,2.4704012915725e-67,0.98204406410909,3.9015433646791e-07
3775,0,0,3775,2.0689880085381e-17,3.7066775175627e-11,-1.1167618191523e-16,-2.8852550676089e-20,0,3.7e-11,1,0.000181,2.2564317306593e-67,0.99871530934794,4.2739308370566e-07
3776,0,0,3776,2.0719613057151e-17,3.7246308053503e-11,-3.249545089558e-17,-2.9732971769528e-20,0,3.7e-11,1,0.000181,2.0609274787319e-67,1.0035631095456,4.3874898198394e-07
3777,0,0,3777,2.0750165461021e-17,3.7070656479429e-11,3.1792934907487e-17,-3.0552403870106e-20,0,3.7e-11,1,0.000181,1.8823008583922e-67,0.99881120760275,4.2761537615301e-07
3778,0,0,3778,2.0781469307433e-17,3.6218686058016e-11,1.5420664627566e-16,-3.1303846412118e-20,0,3.7e-11,1,0.000181,1.7191001955737e-67,0.97578030568815,3.7686624920292e-07
3779,0,0,3779,2.0813448858414e-17,3.6579970839901e-11,-6.5392545521253e-17,-3.1979550980627e-20,0,3.7e-11,1,0.000181,1.5699982131182e-67,0.98553998404714,3.9773516559966e-07
3780,0,0,3780,2.0846020033154e-17,3.6458405487872e-11,2.2003328717303e-17,-3.2571174740303e-20,0,3.7e-11,1,0.000181,1.4337814110585e-67,0.98224957044523,3.9059668794256e-07
3781,0,0,3781,2.0879089809653e-17,3.6851823472598e-11,-7.1208655235338e-17,-3.306977649941e-20,0,3.7e-11,1,0.000181,1.309340350051e-67,0.99287755095274,4.1403744252563e-07
3782,0,0,3782,2.0912555837478e-17,3.7232044012827e-11,-6.8819917781513e-17,-3.3466027824721e-20,0,3.7e-11,1,0.000181,1.1956607614414e-67,1.0031487846027,4.3776892162085e-07
3783,0,0,3783,2.0946306158103e-17,3.635273332922e-11,1.5915523373288e-16,-3.3750320624645e-20,0,3.7e-11,1,0.000181,1.0918154139134e-67,0.97937859137385,3.8445382652022e-07
3784,0,0,3784,2.0980219105548e-17,3.7493775249569e-11,-2.0652858758331e-16,-3.391294744575e-20,0,3.7e-11,1,0.000181,9.9695667257646e-68,1.0102124982927,4.547240809968e-07
3785,0,0,3785,2.1014163536298e-17,3.7104648891784e-11,7.0431870758969e-17,-3.3944430749631e-20,0,3.7e-11,1,0.000181,9.1030969176968e-68,0.99969050110149,4.296579794312e-07
3786,0,0,3786,2.1047999047126e-17,3.742777214553e-11,-5.8485308928002e-17,-3.3835510828226e-20,0,3.7e-11,1,0.000181,8.3116618781678e-68,1.0084185096751,4.5036807509266e-07
3787,0,0,3787,2.1081576570683e-17,3.7195212510751e-11,4.2093293895139e-17,-3.3577523557184e-20,0,3.7e-11,1,0.000181,7.5887874251319e-68,1.0021281003248,4.3536216806656e-07
3788,0,0,3788,2.111473911047e-17,3.7375998558603e-11,-3.2722274661377e-17,-3.3162539787042e-20,0,3.7e-11,1,0.000181,6.9285559228514e-68,1.0070092578762,4.4697016654615e-07
3789,0,0,3789,2.1147322727985e-17,3.6358637191481e-11,1.8414240744928e-16,-3.2583617514386e-20,0,3.7e-11,1,0.000181,6.3255586177283e-68,0.97950813930566,3.8472930460009e-07
3790,0,0,3790,2.1179157702914e-17,3.7772892606709e-11,-2.5598023015633e-16,-3.1834974928706e-20,0,3.7e-11,1,0.000181,5.7748520407852e-68,1.0177265050189,4.7334393876195e-07
3791,0,0,3791,2.1210070025211e-17,3.7106082917033e-11,1.2069255383138e-16,-3.0912322297642e-20,0,3.7e-11,1,0.000181,5.2719181311636e-68,0.99970000566788,4.296801019664e-07
3792,0,0,3792,2.1239882805475e-17,3.6587904404184e-11,9.3790310825726e-17,-2.9812780264099e-20,0,3.7e-11,1,0.000181,4.8126277642699e-68,0.9856907293343,3.9806473455613e-07
3793,0,0,3793,2.1268418078731e-17,3.723370519061e-11,-1.1688994234313e-16,-2.8535273256018e-20,0,3.7e-11,1,0.000181,4.3932073949907e-68,1.0031405437392,4.3774944648163e-07
3794,0,0,3794,2.1295498746926e-17,3.7882442847063e-11,-1.1742151581798e-16,-2.7080668194953e-20,0,3.7e-11,1,0.000181,4.0102085509371e-68,1.0206699502123,4.8080518127489e-07
3795,0,0,3795,2.1320950509279e-17,3.750091358224e-11,6.9056796932903e-17,-2.5451762352998e-20,0,3.7e-11,1,0.000181,3.660479933138e-68,1.0103545479881,4.5507045596557e-07
3796,0,0,3796,2.134460388365e-17,3.7247732672368e-11,4.582574468681e-17,-2.3653374370469e-20,0,3.7e-11,1,0.000181,3.3411419021711e-68,1.0035082887584,4.3861920416251e-07
3797,0,0,3797,2.1366296385784e-17,3.7596999717357e-11,-6.3217335142949e-17,-2.1692502134431e-20,0,3.7e-11,1,0.000181,3.0495631465511e-68,1.0129446994857,4.6142412195828e-07
3798,0,0,3798,2.1385874697165e-17,3.7511627849965e-11,1.5452307997987e-17,-1.9578311380903e-20,0,3.7e-11,1,0.000181,2.7833393474319e-68,1.0106344282733,4.5575354750485e-07
3799,0,0,3799,2.1403196736856e-17,3.7007112477004e-11,9.1317282505994e-17,-1.732203969104e-20,0,3.7e-11,1,0.000181,2.540273669463e-68,0.99699629111555,4.2342434787423e-07
3800,0,0,3800,2.1418133712785e-17,3.6397638418498e-11,1.1031480458958e-16,-1.4936975929136e-20,0,3.7e-11,1,0.000181,2.3183589220885e-68,0.98052178886595,3.8689034791295e-07
3801,0,0,3801,2.1430572112542e-17,3.6551552727528e-11,-2.7858489934556e-17,-1.2438399756559e-20,0,3.7e-11,1,0.000181,2.1157612488046e-68,0.98467977774677,3.9585878182979e-07
3802,0,0,3802,2.1440415587122e-17,3.7842583612846e-11,-2.3367659024245e-16,-9.843474580465e-21,0,3.7e-11,1,0.000181,1.9308052139928e-68,1.0195710345435,4.7800844150142e-07
3803,0,0,3803,2.1447586604252e-17,3.7315923807542e-11,9.5325424760029e-17,-7.1710171299926e-21,0,3.7e-11,1,0.000181,1.7619601680372e-68,1.005335914971,4.4296267124895e-07
3804,0,0,3804,2.1452027789834e-17,3.7312852249114e-11,5.5595207542331e-19,-4.4411855821932e-21,0,3.7e-11,1,0.000181,1.6078277815699e-68,1.0052522367179,4.4276304167221e-07
3805,0,0,3805,2.1453703235312e-17,3.7185817276747e-11,2.2993329998287e-17,-1.6754454771184e-21,0,3.7e-11,1,0.000181,1.4671306489777e-68,1.0018186089079,4.3463452884365e-07
3806,0,0,3806,2.1452599467953e-17,3.6608494240337e-11,1.0449546959033e-16,1.103767358365e-21,0,3.7e-11,1,0.000181,1.3387018698013e-68,0.98621544841466,3.9921364574959e-07
3807,0,0,3807,2.144872615469e-17,3.7594318348547e-11,-1.7843416358608e-16,3.8733132631209e-21,0,3.7e-11,1,0.000181,1.2214755244336e-68,1.0128599215966,4.6121502242433e-07
3808,0,0,3808,2.1442116577112e-17,3.721681140022e-11,6.8328757647181e-17,6.6095775778221e-21,0,3.7e-11,1,0.000181,1.1144779676446e-68,1.0026580180473,4.3661035336996e-07
3809,0,0,3809,2.1432827638262e-17,3.7328048317586e-11,-2.0133882043257e-17,9.2889388502602e-21,0,3.7e-11,1,0.000181,1.0168198699724e-68,1.0056658082492,4.437504063203e-07
3810,0,0,3810,2.1420939720436e-17,3.778232681794e-11,-8.2224408564013e-17,1.1887917825529e-20,0,3.7e-11,1,0.000181,9.2768894298321e-69,1.017945380667,4.7389548958914e-07
3811,0,0,3811,2.1406556182728e-17,3.7812303589933e-11,-5.4257957307097e-18,1.4383537708969e-20,0,3.7e-11,1,0.000181,8.4634328985895e-69,1.0187577114522,4.7594708786148e-07
3812,0,0,3812,2.1389802507402e-17,3.7699862274805e-11,2.0351878038024e-17,1.675367532505e-20,0,3.7e-11,1,0.000181,7.7210532776121e-69,1.015721258658,4.6831518233871e-07
3813,0,0,3813,2.1370825192598e-17,3.7490141318973e-11,3.7959493005579e-17,1.8977314804787e-20,0,3.7e-11,1,0.000181,7.0435623299117e-69,1.0100559584204,4.5434262207864e-07
3814,0,0,3814,2.1349790361056e-17,3.7138303105857e-11,6.3682716573997e-17,2.1034831541247e-20,0,3.7e-11,1,0.000181,6.4253086414357e-69,1.0005499584589,4.3166218441445e-07
3815,0,0,3815,2.132688210291e-17,3.7236479362531e-11,-1.7769902458006e-17,2.2908258146407e-20,0,3.7e-11,1,0.000181,5.8611312227792e-69,1.0032067914761,4.3790602578008e-07
3816,0,0,3816,2.1302300589403e-17,3.7137868055733e-11,1.7848646530539e-17,2.4581513507035e-20,0,3.7e-11,1,0.000181,5.3463171062953e-69,1.0005452915482,4.3165128090266e-07
3817,0,0,3817,2.1276259915001e-17,3.6561695855111e-11,1.0428716831253e-16,2.6040674402271e-20,0,3.7e-11,1,0.000181,4.8765625958502e-69,0.98497695831867,3.9650620942823e-07
3818,0,0,3818,2.1248985762717e-17,3.6182996499957e-11,6.8544583282933e-17,2.7274152283925e-20,0,3.7e-11,1,0.000181,4.4479378557538e-69,0.97474591320434,3.7470780739169e-07
3819,0,0,3819,2.1220712964574e-17,3.6893278871425e-11,-1.2856110923558e-16,2.8272798142713e-20,0,3.7e-11,1,0.000181,4.0568545522064e-69,0.99394695576576,4.1645822051145e-07
3820,0,0,3820,2.1191682932617e-17,3.7845276227761e-11,-1.7231152149685e-16,2.9030031957306e-20,0,3.7e-11,1,0.000181,3.7000362851098e-69,1.0196809488267,4.782875748512e-07
3821,0,0,3821,2.1162140891568e-17,3.7138530676463e-11,1.2792094478498e-16,2.9542041048555e-20,0,3.7e-11,1,0.000181,3.3744915705213e-69,1.0005841289455,4.3174202528967e-07
3822,0,0,3822,2.1132333020566e-17,3.6652268148358e-11,8.8013517586892e-17,2.9807871002379e-20,0,3.7e-11,1,0.000181,3.0774891545504e-69,0.98744634938514,4.0191940772212e-07
3823,0,0,3823,2.1102503723955e-17,3.6353948437768e-11,5.3995867616844e-17,2.9829296611265e-20,0,3.7e-11,1,0.000181,2.8065354582567e-69,0.97938810863253,3.844740590844e-07
3824,0,0,3824,2.1072892873141e-17,3.7378492060602e-11,-1.8544239573281e-16,2.961085081376e-20,0,3.7e-11,1,0.000181,2.5593539702831e-69,1.007082898327,4.471472050709e-07
3825,0,0,3825,2.1043733085426e-17,3.7811009828027e-11,-7.8285715904016e-17,2.9159787714545e-20,0,3.7e-11,1,0.000181,2.3338664196513e-69,1.0187769218736,4.7599569263142e-07
3826,0,0,3826,2.1015246954755e-17,3.720431459608e-11,1.0981183698241e-16,2.8486130671607e-20,0,3.7e-11,1,0.000181,2.1281755755175e-69,1.0023840070085,4.3596457515895e-07
3827,0,0,3827,2.0987644459948e-17,3.76104961795e-11,-7.3518866599054e-17,2.7602494806415e-20,0,3.7e-11,1,0.000181,1.9405495338159e-69,1.0133660092623,4.6246440387221e-07
3828,0,0,3828,2.0961120611967e-17,3.723652525634e-11,6.7688737092062e-17,2.6523847981468e-20,0,3.7e-11,1,0.000181,1.7694073627319e-69,1.0032626475714,4.3803807947842e-07
3829,0,0,3829,2.093585314582e-17,3.7265049750395e-11,-5.1629334240248e-18,2.5267466147001e-20,0,3.7e-11,1,0.000181,1.6133059899377e-69,1.0040373527961,4.3987297043031e-07
3830,0,0,3830,2.0912000484038e-17,3.6298660677852e-11,1.7491642213031e-16,2.385266178174e-20,0,3.7e-11,1,0.000181,1.4709282245666e-69,0.97792229090745,3.8136811666912e-07
3831,0,0,3831,2.0889699884693e-17,3.6875087066308e-11,-1.0433317631056e-16,2.2300599345063e-20,0,3.7e-11,1,0.000181,1.3410718160948e-69,0.99350471242603,4.1545573273743e-07
3832,0,0,3832,2.0869065945017e-17,3.6395604300603e-11,8.6786380592741e-17,2.0633939675945e-20,0,3.7e-11,1,0.000181,1.2226394607007e-69,0.98054879983038,3.8694806884089e-07
3833,0,0,3833,2.0850189227619e-17,3.694021424216e-11,-9.8574399421853e-17,1.8876717397785e-20,0,3.7e-11,1,0.000181,1.1146296733559e-69,0.99527080612264,4.1947095173165e-07
3834,0,0,3834,2.0833135302467e-17,3.6476431671351e-11,8.3944645316282e-17,1.7053925152681e-20,0,3.7e-11,1,0.000181,1.0161284509295e-69,0.98273868854892,3.916511575184e-07
3835,0,0,3835,2.0817944009422e-17,3.7608302092125e-11,-2.0486854616005e-16,1.5191293044989e-20,0,3.7e-11,1,0.000181,9.2630165801039e-70,1.0133320493751,4.623804806328e-07
3836,0,0,3836,2.0804629159246e-17,3.7368827121449e-11,4.3344969692299e-17,1.3314850175291e-20,0,3.7e-11,1,0.000181,8.4438807302729e-70,1.0068617410517,4.4661569422604e-07
3837,0,0,3837,2.0793178398392e-17,3.6908484542856e-11,8.3322006725457e-17,1.1450760853961e-20,0,3.7e-11,1,0.000181,7.6969303761839e-70,0.99442175957272,4.1753671170493e-07
3838,0,0,3838,2.0783553550789e-17,3.6996944051834e-11,-1.6011171125074e-17,9.6248476034458e-21,0,3.7e-11,1,0.000181,7.015826571104e-70,0.99681399430061,4.2300524348731e-07
3839,0,0,3839,2.077569133006e-17,3.7762697296694e-11,-1.3860133731952e-16,7.8622207291375e-21,0,3.7e-11,1,0.000181,6.3947850445888e-70,1.0175112019369,4.7280190130502e-07
3840,0,0,3840,2.0769504323568e-17,3.6650898177318e-11,2.0123564060701e-16,6.1870064920366e-21,0,3.7e-11,1,0.000181,5.8285278410507e-70,0.98746350093638,4.0195721554613e-07
3841,0,0,3841,2.0764882231756e-17,3.6146839621009e-11,9.1234598691933e-17,4.6220918116897e-21,0,3.7e-11,1,0.000181,5.3122391595565e-70,0.97384098688529,3.7282779551656e-07
3842,0,0,3842,2.0761693621869e-17,3.6390600120888e-11,-4.4120650478238e-17,3.1886098870117e-21,0,3.7e-11,1,0.000181,4.8415250312426e-70,0.98042958462878,3.8669336547065e-07
3843,0,0,3843,2.0759787918242e-17,3.667980907631e-11,-5.2346820931322e-17,1.9057036266621e-21,0,3.7e-11,1,0.000181,4.4123765020662e-70,0.98824632744421,4.0368591933597e-07
3844,0,0,3844,2.0758997615381e-17,3.7772043269848e-11,-1.9769438903017e-16,7.9030286151511e-22,0,3.7e-11,1,0.000181,4.0211360172916e-70,1.0177662885213,4.7344415137442e-07
3845,0,0,3845,2.0759140765956e-17,3.7734024904286e-11,6.8813241665623e-18,-1.4315057512828e-22,0,3.7e-11,1,0.000181,3.6644667302974e-70,1.0167387437524,4.7086135828249e-07
3846,0,0,3846,2.0760023585366e-17,3.6610295178917e-11,2.0339508029179e-16,-8.828194096771e-22,0,3.7e-11,1,0.000181,3.3393244822445e-70,0.98636753827067,3.9954716264806e-07
3847,0,0,3847,2.0761443324344e-17,3.6988783795782e-11,-6.8506439652466e-17,-1.4197389784528e-21,0,3.7e-11,1,0.000181,3.042932221027e-70,0.99659674835182,4.2250623204507e-07
3848,0,0,3848,2.0763191370849e-17,3.7408416919889e-11,-7.595359546345e-17,-1.7480465051348e-21,0,3.7e-11,1,0.000181,2.7727566479344e-70,1.0079379231192,4.4920695370392e-07
3849,0,0,3849,2.0765056270042e-17,3.7204636393329e-11,3.6884275307419e-17,-1.8648991931414e-21,0,3.7e-11,1,0.000181,2.526486898737e-70,1.0024300628524,4.3607306323947e-07
3850,0,0,3850,2.0766826784685e-17,3.7000178978775e-11,3.7006792034125e-17,-1.7705146422037e-21,0,3.7e-11,1,0.000181,2.3020150826129e-70,0.99690392240909,4.2321194789478e-07
3851,0,0,3851,2.0768295006116e-17,3.636675663154e-11,1.1464944484962e-16,-1.4682214309864e-21,0,3.7e-11,1,0.000181,2.0974185176069e-70,0.97978418027514,3.8531683064889e-07
3852,0,0,3852,2.0769259390239e-17,3.6441657544088e-11,-1.355706517124e-17,-9.6438412355741e-22,0,3.7e-11,1,0.000181,1.9109435152644e-70,0.98180838526052,3.896475416971e-07
3853,0,0,3853,2.0769527741706e-17,3.7202716133878e-11,-1.3775160475201e-16,-2.6835146695083e-22,0,3.7e-11,1,0.000181,1.7409905798359e-70,1.0023774962655,4.3594924037901e-07
3854,0,0,3854,2.0768919988277e-17,3.678544521495e-11,7.5526036325834e-17,6.0775342926492e-22,0,3.7e-11,1,0.000181,1.5861008991002e-70,0.99109999461218,4.1003903549166e-07
3855,0,0,3855,2.0767270707586e-17,3.7310306308656e-11,-9.4999857960738e-17,1.6492806910028e-21,0,3.7e-11,1,0.000181,1.4449440145015e-70,1.0052856758488,4.4284280795313e-07
3856,0,0,3856,2.0764431548798e-17,3.6658777250708e-11,1.179267594886e-16,2.8391587879157e-21,0,3.7e-11,1,0.000181,1.3163065680222e-70,0.98767720633558,4.0242853778415e-07
3857,0,0,3857,2.0760273286648e-17,3.78615117371e-11,-2.1769494203684e-16,4.158262149499e-21,0,3.7e-11,1,0.000181,1.1990820321086e-70,1.0201841647198,4.7956721683187e-07
3858,0,0,3858,2.0754687703346e-17,3.7911423867218e-11,-9.034095551425e-18,5.5855833026881e-21,0,3.7e-11,1,0.000181,1.0922613370802e-70,1.0215339752521,4.8301348077151e-07
3859,0,0,3859,2.0747588946158e-17,3.7839073473357e-11,1.3095421288722e-17,7.0987571877315e-21,0,3.7e-11,1,0.000181,9.9492431787914e-71,1.0195796191924,4.7803023790505e-07
3860,0,0,3860,2.0738914637598e-17,3.749008765159e-11,6.3166433739878e-17,8.6743085597347e-21,0,3.7e-11,1,0.000181,9.0623190879552e-71,1.0101488652083,4.5456898737041e-07
3861,0,0,3861,2.0728626594812e-17,3.6688514500108e-11,1.4508474041823e-16,1.0288042786022e-20,0,3.7e-11,1,0.000181,8.2541902099267e-71,0.98848626219573,4.0421697554439e-07
3862,0,0,3862,2.0716711155174e-17,3.6694106992679e-11,-1.0122411553664e-18,1.191543963792e-20,0,3.7e-11,1,0.000181,7.5178804332093e-71,0.98863918986409,4.0455575297392e-07
3863,0,0,3863,2.0703179139e-17,3.6186473785275e-11,9.1881610540162e-17,1.3532016173828e-20,0,3.7e-11,1,0.000181,6.8470291207121e-71,0.97492139405641,3.7507326736692e-07
3864,0,0,3864,2.0688065346184e-17,3.7630169732565e-11,-2.6130896645922e-16,1.5113792816763e-20,0,3.7e-11,1,0.000181,6.2358370004455e-71,1.0139424602431,4.6389085185876e-07
3865,0,0,3865,2.0671427749156e-17,3.7878133995873e-11,-4.4881531658826e-17,1.6637597027737e-20,0,3.7e-11,1,0.000181,5.6790167962474e-71,1.0206466814251,4.8074582428713e-07
3866,0,0,3866,2.0653346125122e-17,3.7639128976509e-11,4.3259908504897e-17,1.8081624033935e-20,0,3.7e-11,1,0.000181,5.1717481848071e-71,1.0141897862659,4.6450396742891e-07
3867,0,0,3867,2.0633920469464e-17,3.7917242403491e-11,-5.0338530283689e-17,1.9425655657742e-20,0,3.7e-11,1,0.000181,4.7096367012395e-71,1.0217092660239,4.8346250127483e-07
3868,0,0,3868,2.061326913182e-17,3.7483124902273e-11,7.8575267720393e-17,2.065133764417e-20,0,3.7e-11,1,0.000181,4.2886762483164e-71,1.0099794442556,4.5415626606579e-07
3869,0,0,3869,2.0591526593132e-17,3.6851987971399e-11,1.1423578448822e-16,2.1742538688003e-20,0,3.7e-11,1,0.000181,3.9052148944826e-71,0.99292493597582,4.1414446301581e-07
3870,0,0,3870,2.0568841084686e-17,3.7162770067051e-11,-5.6251559313127e-17,2.2685508445714e-20,0,3.7e-11,1,0.000181,3.5559236731975e-71,1.0013278394881,4.3348272350369e-07
3871,0,0,3871,2.0545372051356e-17,3.6897106533766e-11,4.8085099524571e-17,2.3469033330505e-20,0,3.7e-11,1,0.000181,3.2377681211696e-71,0.99415124840382,4.1692198145779e-07
3872,0,0,3872,2.0521287404268e-17,3.7599199475325e-11,-1.2707882242213e-16,2.4084647088156e-20,0,3.7e-11,1,0.000181,2.9479823159236e-71,1.0131303296446,4.6188223742975e-07
3873,0,0,3873,2.0496760777431e-17,3.7095409893787e-11,9.1185914258391e-17,2.4526626836833e-20,0,3.7e-11,1,0.000181,2.6840451940106e-71,0.99951805733881,4.292567659009e-07
3874,0,0,3874,2.0471968664654e-17,3.6904284175827e-11,3.459375495078e-17,2.4792112777072e-20,0,3.7e-11,1,0.000181,2.443658950241e-71,0.99435619936688,4.1738765987974e-07
3875,0,0,3875,2.0447087699398e-17,3.6349626457371e-11,1.0039304704046e-16,2.4880965255594e-20,0,3.7e-11,1,0.000181,2.2247293357267e-71,0.97936916545988,3.8443378899973e-07
3876,0,0,3876,2.0422291969736e-17,3.6478781527368e-11,-2.3377067669308e-17,2.4795729662279e-20,0,3.7e-11,1,0.000181,2.0253476884157e-71,0.98286354554036,3.9192070308805e-07
3877,0,0,3877,2.0397750499575e-17,3.7514267664464e-11,-1.8742299081442e-16,2.4541470160978e-20,0,3.7e-11,1,0.000181,1.8437745443199e-71,1.0108533219006,4.5628837399662e-07
3878,0,0,3878,2.0373624826062e-17,3.6741669558449e-11,1.398402571886e-16,2.4125673513147e-20,0,3.7e-11,1,0.000181,1.6784246908848e-71,0.98997589446816,4.0752679358082e-07
3879,0,0,3879,2.035006666975e-17,3.6908877472125e-11,-3.0264632375239e-17,2.3558156312023e-20,0,3.7e-11,1,0.000181,1.5278535360545e-71,0.99449854498803,4.1771133934113e-07
3880,0,0,3880,2.0327216006731e-17,3.771548653981e-11,-1.4599624125111e-16,2.2850663018596e-20,0,3.7e-11,1,0.000181,1.3907446776286e-71,1.0163022021351,4.6976756859823e-07
3881,0,0,3881,2.030519925436e-17,3.695543417801e-11,1.3756947748594e-16,2.2016752370767e-20,0,3.7e-11,1,0.000181,1.2658985675955e-71,0.99576353396527,4.2059679664003e-07
3882,0,0,3882,2.0284127605155e-17,3.6187993569309e-11,1.3890675017489e-16,2.1071649205138e-20,0,3.7e-11,1,0.000181,1.1522221753336e-71,0.97502504232338,3.7528926383298e-07
3883,0,0,3883,2.0264095769282e-17,3.7155898007484e-11,-1.7519070330969e-16,2.0031835873333e-20,0,3.7e-11,1,0.000181,1.048719561975e-71,1.0011876128991,4.3315407795425e-07
3884,0,0,3884,2.0245180960168e-17,3.6673505275401e-11,8.7313084506897e-17,1.891480911365e-20,0,3.7e-11,1,0.000181,9.5448328590346e-72,0.98815279586195,4.0347905668643e-07
3885,0,0,3885,2.0227441960946e-17,3.7232452949813e-11,-1.0116952906864e-16,1.7738999222569e-20,0,3.7e-11,1,0.000181,8.6868656635748e-72,1.0032621385628,4.3803687594551e-07
3886,0,0,3886,2.0210918608613e-17,3.6657107596903e-11,1.0413750887679e-16,1.6523352333223e-20,0,3.7e-11,1,0.000181,7.9057613850631e-72,0.98771473143659,4.0251134500171e-07
3887,0,0,3887,2.0195631430504e-17,3.7339561062101e-11,-1.2352407720087e-16,1.5287178108697e-20,0,3.7e-11,1,0.000181,7.1946573920095e-72,1.0061617023757,4.4493667480794e-07
3888,0,0,3888,2.0181581642747e-17,3.6537084131033e-11,1.4524832452326e-16,1.4049787756499e-20,0,3.7e-11,1,0.000181,6.5473016792892e-72,0.98447523459374,3.9541367198678e-07
3889,0,0,3889,2.0168751265097e-17,3.610373148444e-11,7.8436829033394e-17,1.2830377650097e-20,0,3.7e-11,1,0.000181,5.9579987236233e-72,0.97276491674161,3.7060224450777e-07
3890,0,0,3890,2.0157103638254e-17,3.6550941131883e-11,-8.094494618727e-17,1.1647626842965e-20,0,3.7e-11,1,0.000181,5.4215601232704e-72,0.98485340320033,3.9623693163145e-07
3891,0,0,3891,2.0146584175311e-17,3.7711635719919e-11,-2.100857204345e-16,1.0519462943497e-20,0,3.7e-11,1,0.000181,4.9332596006911e-72,1.0162250979737,4.6957459344483e-07
3892,0,0,3892,2.0137121271227e-17,3.6286632879712e-11,2.5792551407753e-16,9.4629040832786e-21,0,3.7e-11,1,0.000181,4.4887919839042e-72,0.97771292070428,3.8092615379504e-07
3893,0,0,3893,2.0128627376736e-17,3.6178507830174e-11,1.9570633966336e-17,8.4938944918456e-21,0,3.7e-11,1,0.000181,4.0842358159855e-72,0.97479189038148,3.7480353230951e-07
3894,0,0,3894,2.0121000556026e-17,3.650847386103e-11,-5.9723851584927e-17,7.6268207101007e-21,0,3.7e-11,1,0.000181,3.7160192729248e-72,0.9837110300568,3.937542822769e-07
3895,0,0,3895,2.0114126106733e-17,3.629736578881e-11,3.8210561071942e-17,6.8744492929582e-21,0,3.7e-11,1,0.000181,3.3808890981512e-72,0.97800643298011,3.8154585123352e-07
3896,0,0,3896,2.010787834163e-17,3.7431710160616e-11,-2.0531633129694e-16,6.2477651023678e-21,0,3.7e-11,1,0.000181,3.0758822876558e-72,1.0086653218949,4.5096533625194e-07
3897,0,0,3897,2.0102122622558e-17,3.7476947383571e-11,-8.1879373549237e-18,5.7557190726821e-21,0,3.7e-11,1,0.000181,2.7983002830312e-72,1.0098888089897,4.5393559768895e-07
3898,0,0,3898,2.0096717385084e-17,3.6531682304152e-11,1.7109297937479e-16,5.4052374731347e-21,0,3.7e-11,1,0.000181,2.5456854510729e-72,0.98434191125377,3.9512376453493e-07
3899,0,0,3899,2.0091516364258e-17,3.6714090751778e-11,-3.3015929020139e-17,5.201020826478e-21,0,3.7e-11,1,0.000181,2.3157996480653e-72,0.9892726459172,4.0596150124944e-07
3900,0,0,3900,2.0086370985015e-17,3.7237919912783e-11,-9.4813078142042e-17,5.1453792426843e-21,0,3.7e-11,1,0.000181,2.1066046846289e-72,1.0034309591203,4.3843619411841e-07
3901,0,0,3901,2.0081132672452e-17,3.7661860280227e-11,-7.6733206507327e-17,5.2383125632048e-21,0,3.7e-11,1,0.000181,1.9162445232099e-72,1.014889589077,4.662423431031e-07
3902,0,0,3902,2.0075655143915e-17,3.7852900092866e-11,-3.4578206087763e-17,5.4775285368644e-21,0,3.7e-11,1,0.000181,1.7430290550796e-72,1.0200536451642,4.7923504715586e-07
3903,0,0,3903,2.0069796681589e-17,3.7734332585878e-11,2.1460718764914e-17,5.8584623262222e-21,0,3.7e-11,1,0.000181,1.5854193171939e-72,1.0168499927374,4.7114043319694e-07
3904,0,0,3904,2.0063422341625e-17,3.7601973032154e-11,2.395707922402e-17,6.3743399641529e-21,0,3.7e-11,1,0.000181,1.4420140215682e-72,1.0132736593218,4.6223621346985e-07
3905,0,0,3905,2.0056406066377e-17,3.707428987722e-11,9.5510651043022e-17,7.0162752477338e-21,0,3.7e-11,1,0.000181,1.311537281044e-72,0.99901300010609,4.2808343967944e-07
3906,0,0,3906,2.004863265244e-17,3.7609800339736e-11,-9.6927393715279e-17,7.7734139374638e-21,0,3.7e-11,1,0.000181,1.1928274255638e-72,1.0134874165805,4.6276453280866e-07
3907,0,0,3907,2.0039999594593e-17,3.739817682358e-11,3.8303856424174e-17,8.6330578466272e-21,0,3.7e-11,1,0.000181,1.0848268124034e-72,1.0077691511831,4.4879977174522e-07
3908,0,0,3908,2.0030418638897e-17,3.7724177229242e-11,-5.9006073424863e-17,9.5809556958971e-21,0,3.7e-11,1,0.000181,9.8657254233657e-73,1.0165814035918,4.7046689094647e-07
3909,0,0,3909,2.001981719108e-17,3.6349868066963e-11,2.4874995837258e-16,1.0601447817237e-20,0,3.7e-11,1,0.000181,8.9718800146704e-73,0.97943949573379,3.845833169715e-07
3910,0,0,3910,2.0008139434281e-17,3.7295393582905e-11,-1.7114011838575e-16,1.1677756798515e-20,0,3.7e-11,1,0.000181,8.1587515555426e-73,1.0049959831375,4.4215215872948e-07
3911,0,0,3911,1.9995347379387e-17,3.7901611594945e-11,-1.0972546017919e-16,1.2792054894326e-20,0,3.7e-11,1,0.000181,7.4190753011951e-73,1.0213821638503,4.8262487925383e-07
3912,0,0,3912,1.9981421430003e-17,3.774397085037e-11,2.8532974768129e-17,1.392594938424e-20,0,3.7e-11,1,0.000181,6.7462381551264e-73,1.0171236826171,4.7182757512618e-07
3913,0,0,3913,1.9966360701568e-17,3.626654956183e-11,2.6741325322561e-16,1.5060728434484e-20,0,3.7e-11,1,0.000181,6.1342204149531e-73,0.97719562639835,3.7983597932537e-07
3914,0,0,3914,1.9950183127565e-17,3.6544051100082e-11,-5.0227778423522e-17,1.6177574003272e-20,0,3.7e-11,1,0.000181,5.5775427079687e-73,0.98469808361763,3.9589863745613e-07
3915,0,0,3915,1.993292539453e-17,3.622743526789e-11,5.7307465626739e-17,1.72577330351e-20,0,3.7e-11,1,0.000181,5.0712176557032e-73,0.9761434758987,3.7762646769011e-07
3916,0,0,3916,1.9914642423364e-17,3.6717936874483e-11,-8.8780790793217e-17,1.8282971165602e-20,0,3.7e-11,1,0.000181,4.6107058475039e-73,0.98940300610094,4.062512865244e-07
3917,0,0,3917,1.9895406660469e-17,3.6603308382871e-11,2.0747756981635e-17,1.9235762895219e-20,0,3.7e-11,1,0.000181,4.1918757403344e-73,0.98630781105558,3.994161601307e-07
3918,0,0,3918,1.9875307037311e-17,3.6272642579045e-11,5.9850510492641e-17,2.0099623157702e-20,0,3.7e-11,1,0.000181,3.8109671358666e-73,0.97737389872626,3.8021139257329e-07
3919,0,0,3919,1.9854447738831e-17,3.6293947266518e-11,-3.8561484327603e-18,2.0859298480604e-20,0,3.7e-11,1,0.000181,3.4645579168496e-73,0.9779528158132,3.8143258708188e-07
3920,0,0,3920,1.9832946770958e-17,3.6869326194481e-11,-1.0414358596128e-16,2.1500967873021e-20,0,3.7e-11,1,0.000181,3.1495337529082e-73,0.99350680818727,4.1546047881471e-07
3921,0,0,3921,1.9810934302973e-17,3.7625766079967e-11,-1.3691561927293e-16,2.2012467984807e-20,0,3.7e-11,1,0.000181,2.8630605116056e-73,1.0139544163313,4.6392047554301e-07
3922,0,0,3922,1.9788550800879e-17,3.7925461068382e-11,-5.4244792903211e-17,2.2383502094347e-20,0,3.7e-11,1,0.000181,2.6025591340313e-73,1.0220576232009,4.8435585467248e-07
3923,0,0,3923,1.97659450105e-17,3.791714937228e-11,1.5044169944915e-18,2.2605790378237e-20,0,3.7e-11,1,0.000181,2.3656827555153e-73,1.0218363582757,4.8378827042838e-07
3924,0,0,3924,1.974327186689e-17,3.7272688914437e-11,1.1664734286953e-16,2.2673143610237e-20,0,3.7e-11,1,0.000181,2.1502958715382e-73,1.0044218936309,4.4078608074327e-07
3925,0,0,3925,1.9720690342217e-17,3.6863489086856e-11,7.4065168792148e-17,2.2581524673018e-20,0,3.7e-11,1,0.000181,1.9544553666457e-73,0.99336581071805,4.1514127338558e-07
3926,0,0,3926,1.9698361318808e-17,3.6953674043887e-11,-1.6323477222449e-17,2.2329023409339e-20,0,3.7e-11,1,0.000181,1.7763932403513e-73,0.99580657617212,4.2069526163708e-07
3927,0,0,3927,1.9676445453672e-17,3.6317526552287e-11,1.1514269597956e-16,2.1915865135473e-20,0,3.7e-11,1,0.000181,1.6145008787523e-73,0.97861667321342,3.8283689299101e-07
3928,0,0,3928,1.9655101064983e-17,3.6442931500074e-11,-2.2698295549442e-17,2.1344388688847e-20,0,3.7e-11,1,0.000181,1.4673147340221e-73,0.98200918328332,3.9007929620962e-07
3929,0,0,3929,1.9634482224422e-17,3.7357860890411e-11,-1.6560221965093e-16,2.0618840561014e-20,0,3.7e-11,1,0.000181,1.3335032861921e-73,1.0067400834612,4.4632353227529e-07
3930,0,0,3930,1.9614736926125e-17,3.6139713526867e-11,2.2048467280148e-16,1.9745298297069e-20,0,3.7e-11,1,0.000181,1.2118551727977e-73,0.97382013012346,3.7278455581027e-07
3931,0,0,3931,1.9596005359523e-17,3.6440896360938e-11,-5.4514092966702e-17,1.8731566602356e-20,0,3.7e-11,1,0.000181,1.1012683821403e-73,0.98196300372856,3.899799667304e-07
3932,0,0,3932,1.9578418612266e-17,3.6708070749033e-11,-4.8358564245324e-17,1.7586747256794e-20,0,3.7e-11,1,0.000181,1.0007404151898e-73,0.98918655920005,4.0577022646783e-07
3933,0,0,3933,1.9562097444822e-17,3.617692633866e-11,9.6137138277586e-17,1.6321167443803e-20,0,3.7e-11,1,0.000181,9.0935932960237e-74,0.97483374195201,3.7489068500978e-07
3934,0,0,3934,1.9547151327388e-17,3.7471536409722e-11,-2.3432442286227e-16,1.4946117434747e-20,0,3.7e-11,1,0.000181,8.2629558703252e-74,1.0098254350952,4.5378135412037e-07
3935,0,0,3935,1.9533677826497e-17,3.7144096288789e-11,5.9266661888995e-17,1.3473500890363e-20,0,3.7e-11,1,0.000181,7.507946319353e-74,1.0009777139681,4.3266252273874e-07
3936,0,0,3936,1.9521762061507e-17,3.7858757143218e-11,-1.2935361465171e-16,1.1915764990433e-20,0,3.7e-11,1,0.000181,6.8217013645127e-74,1.020294651465,4.7984855009485e-07
3937,0,0,3937,1.9511476561799e-17,3.7804521634528e-11,9.8166270730056e-18,1.0285499708181e-20,0,3.7e-11,1,0.000181,6.1979785179534e-74,1.0188303627427,4.7613092600618e-07
3938,0,0,3938,1.9502881218096e-17,3.6868180858927e-11,1.6947768038373e-16,8.5953437022246e-21,0,3.7e-11,1,0.000181,5.6311001188075e-74,0.99352513875582,4.1550199224776e-07
3939,0,0,3939,1.949602346701e-17,3.6398490826404e-11,8.501389588668e-17,6.8577510868251e-21,0,3.7e-11,1,0.000181,5.1159023974914e-74,0.98083183755594,3.8755332708804e-07
3940,0,0,3940,1.9490938702737e-17,3.6162285297793e-11,4.2753200678546e-17,5.0847642727011e-21,0,3.7e-11,1,0.000181,4.6476891178597e-74,0.97444866361025,3.7408941183883e-07
3941,0,0,3941,1.9487650767418e-17,3.7322865895635e-11,-2.1006508820935e-16,3.2879353193533e-21,0,3.7e-11,1,0.000181,4.2221893871826e-74,1.0058161977516,4.4410989245021e-07
3942,0,0,3942,1.9486172518844e-17,3.6651029801964e-11,1.2160233295455e-16,1.4782485735467e-21,0,3.7e-11,1,0.000181,3.8355192605138e-74,0.98765868622317,4.0238767428681e-07
3943,0,0,3943,1.9486506321775e-17,3.7004196672264e-11,-6.3923203524403e-17,-3.3380293108609e-22,0,3.7e-11,1,0.000181,3.4841467993589e-74,0.99720368692818,4.2390156703835e-07
3944,0,0,3944,1.9488644730884e-17,3.6727870744012e-11,5.0014993013738e-17,-2.1384091088777e-21,0,3.7e-11,1,0.000181,3.164860274932e-74,0.98973509928852,4.0699027807402e-07
3945,0,0,3945,1.9492571038212e-17,3.6813521770924e-11,-1.5502835871101e-17,-3.9263073280461e-21,0,3.7e-11,1,0.000181,2.8747392339622e-74,0.99204940562924,4.1217068921768e-07
3946,0,0,3946,1.9498259837314e-17,3.7824020657799e-11,-1.8290029852439e-16,-5.6887991020203e-21,0,3.7e-11,1,0.000181,2.6111281702202e-74,1.0193593369007,4.7747119799579e-07
3947,0,0,3947,1.9505677490144e-17,3.7030439250102e-11,1.4363823479309e-16,-7.4176528302745e-21,0,3.7e-11,1,0.000181,2.371612567899e-74,0.99791008313847,4.2553028120918e-07
3948,0,0,3948,1.9514782414516e-17,3.6900226376373e-11,2.3568530144983e-17,-9.1049243718034e-21,0,3.7e-11,1,0.000181,2.1539971038994e-74,0.99438945672824,4.1746326542176e-07
3949,0,0,3949,1.9525525455301e-17,3.6194533454327e-11,1.2773041889035e-16,-1.0743040784794e-20,0,3.7e-11,1,0.000181,1.9562858151266e-74,0.97531507089411,3.7589420412873e-07
3950,0,0,3950,1.9537850102258e-17,3.6618085819856e-11,-7.6662978160574e-17,-1.2324646956906e-20,0,3.7e-11,1,0.000181,1.7766640542568e-74,0.98676059180105,4.0041013962999e-07
3951,0,0,3951,1.9551692701793e-17,3.627510638328e-11,6.2079278020164e-17,-1.3842599534726e-20,0,3.7e-11,1,0.000181,1.6134820732373e-74,0.97748881031386,3.8045353846063e-07
3952,0,0,3952,1.9566982532265e-17,3.6613446583947e-11,-6.1239576320774e-17,-1.5289830472844e-20,0,3.7e-11,1,0.000181,1.4652400881853e-74,0.98663085697509,4.0012512973465e-07
3953,0,0,3953,1.9583641955908e-17,3.7062628295876e-11,-8.1301889859169e-17,-1.6659423642441e-20,0,3.7e-11,1,0.000181,1.3305746924563e-74,0.99876841564846,4.2751617262816e-07
3954,0,0,3954,1.9601586532377e-17,3.7824609696931e-11,-1.3791863359092e-16,-1.7944576468667e-20,0,3.7e-11,1,0.000181,1.2082464965961e-74,1.0193598280741,4.7747244391899e-07
3955,0,0,3955,1.9620725149744e-17,3.6713234742448e-11,2.011588667613e-16,-1.9138617367299e-20,0,3.7e-11,1,0.000181,1.0971288847643e-74,0.98931980935244,4.0606632414322e-07
3956,0,0,3956,1.9640960173394e-17,3.7223968067266e-11,-9.2442731792019e-17,-2.0235023650647e-20,0,3.7e-11,1,0.000181,9.9619778711977e-75,1.0031203912202,4.3770182421584e-07
3957,0,0,3957,1.9662187849526e-17,3.7633961333212e-11,-7.4208781136353e-17,-2.1227676131408e-20,0,3.7e-11,1,0.000181,9.0452237667503e-75,1.0141981205707,4.6452463948172e-07
3958,0,0,3958,1.9684298620801e-17,3.684497443222e-11,1.4280662907959e-16,-2.2110771274931e-20,0,3.7e-11,1,0.000181,8.2125660734003e-75,0.99287084868017,4.140223070632e-07
3959,0,0,3959,1.9707177545453e-17,3.7144024009254e-11,-5.412797344303e-17,-2.2878924652104e-20,0,3.7e-11,1,0.000181,7.4563151734933e-75,1.0009498533865,4.3259731118987e-07
3960,0,0,3960,1.9730704946735e-17,3.7499154775025e-11,-6.4278668604596e-17,-2.3527401282518e-20,0,3.7e-11,1,0.000181,6.7694822907811e-75,1.0105444690657,4.5553389690217e-07
3961,0,0,3961,1.9754757044243e-17,3.6934746237406e-11,1.0215794530908e-16,-2.4052097507705e-20,0,3.7e-11,1,0.000181,6.1457158244762e-75,0.99528659279172,4.195069849036e-07
3962,0,0,3962,1.9779206665904e-17,3.6207528864335e-11,1.3162634452587e-16,-2.4449621660564e-20,0,3.7e-11,1,0.000181,5.5792434476776e-75,0.97562841836324,3.7654867615304e-07
3963,0,0,3963,1.9803924141781e-17,3.654980503628e-11,-6.1951987122169e-17,-2.4717475877111e-20,0,3.7e-11,1,0.000181,5.0648194499946e-75,0.98487543488501,3.9628493687448e-07
3964,0,0,3964,1.9828778303126e-17,3.7263553871055e-11,-1.2918853909418e-16,-2.4854161344878e-20,0,3.7e-11,1,0.000181,4.5976768509964e-75,1.0041622326949,4.4016933436569e-07
3965,0,0,3965,1.9853637470459e-17,3.7743154173952e-11,-8.6807654824458e-17,-2.4859167333441e-20,0,3.7e-11,1,0.000181,4.1734838536883e-75,1.0171206910579,4.7182005992709e-07
3966,0,0,3966,1.9878370477015e-17,3.6512990671948e-11,2.2265959386274e-16,-2.4733006555903e-20,0,3.7e-11,1,0.000181,3.7883042459908e-75,0.98386933569443,3.9409755917993e-07
3967,0,0,3967,1.9902847758364e-17,3.6595391505977e-11,-1.4914550959162e-17,-2.4477281348788e-20,0,3.7e-11,1,0.000181,3.4385613934856e-75,0.98609273030064,3.9894470346112e-07
3968,0,0,3968,1.9926942641831e-17,3.7115846944477e-11,-9.4202434368601e-17,-2.40948834676e-20,0,3.7e-11,1,0.000181,3.1210054988167e-75,1.0001554956411,4.307413756334e-07
3969,0,0,3969,1.9950532520254e-17,3.6849952185668e-11,4.8126951344488e-17,-2.3589878422843e-20,0,3.7e-11,1,0.000181,2.8326838323789e-75,0.99296562835383,4.1423638596734e-07
3970,0,0,3970,1.997349999784e-17,3.7166707836607e-11,-5.7332772819882e-17,-2.2967477585233e-20,0,3.7e-11,1,0.000181,2.5709136655439e-75,1.0015231623754,4.3394083566632e-07
3971,0,0,3971,1.9995734108435e-17,3.6598511144892e-11,1.0284360120043e-16,-2.2234110595463e-20,0,3.7e-11,1,0.000181,2.3332576618956e-75,0.98616317502119,3.9909906818028e-07
3972,0,0,3972,2.0017131437518e-17,3.7601502231679e-11,-1.8154138670847e-16,-2.139732908338e-20,0,3.7e-11,1,0.000181,2.1175015040025e-75,1.0132678471698,4.6222185511005e-07
3973,0,0,3973,2.0037597265354e-17,3.6529734854872e-11,1.939898952021e-16,-2.0465827836037e-20,0,3.7e-11,1,0.000181,1.9216335533181e-75,0.98429810534066,3.9502854777561e-07
3974,0,0,3974,2.0057046451875e-17,3.6191431438546e-11,6.1232918354958e-17,-1.9449186520538e-20,0,3.7e-11,1,0.000181,1.7438263590686e-75,0.97515186560026,3.7555369351896e-07
3975,0,0,3975,2.0075404419947e-17,3.6895698369245e-11,-1.2747231445653e-16,-1.83579680718e-20,0,3.7e-11,1,0.000181,1.5824198486061e-75,0.99418336574787,4.1699492873475e-07
3976,0,0,3976,2.0092607931404e-17,3.6802687492067e-11,1.6834968769278e-17,-1.7203511457534e-20,0,3.7e-11,1,0.000181,1.4359060468341e-75,0.99166698941806,4.1131098975577e-07
3977,0,0,3977,2.0108605599216e-17,3.6841833331008e-11,-7.0853968484063e-18,-1.5997667811996e-20,0,3.7e-11,1,0.000181,1.3029151860764e-75,0.99272259628391,4.136876301983e-07
3978,0,0,3978,2.0123358316482e-17,3.7168722096236e-11,-5.9166866506145e-17,-1.4752717265997e-20,0,3.7e-11,1,0.000181,1.1822030802865e-75,1.0015552248921,4.340160731013e-07
3979,0,0,3979,2.0136839467341e-17,3.6872913390363e-11,5.3541375762952e-17,-1.3481150858927e-20,0,3.7e-11,1,0.000181,1.0726396488933e-75,0.9935583819902,4.1557728718188e-07
3980,0,0,3980,2.0149034882598e-17,3.6726739446581e-11,2.6457483824609e-17,-1.2195415256484e-20,0,3.7e-11,1,0.000181,9.7319848595144e-76,0.98960591383433,4.0670267754148e-07
3981,0,0,3981,2.0159942643021e-17,3.7423192541987e-11,-1.2605801026848e-16,-1.0907760423476e-20,0,3.7e-11,1,0.000181,8.82947379697e-76,1.0084273417137,4.5038943661998e-07
3982,0,0,3982,2.0169572652244e-17,3.7553059468091e-11,-2.3505913624821e-17,-9.6300092227588e-21,0,3.7e-11,1,0.000181,8.010396962022e-76,1.0119358206767,4.5894078994521e-07
3983,0,0,3983,2.0177945917225e-17,3.7866505961672e-11,-5.6733815338121e-17,-8.37326498129e-21,0,3.7e-11,1,0.000181,7.2670654862883e-76,1.0204060972294,4.8013246162381e-07
3984,0,0,3984,2.0185093692025e-17,3.7721469087467e-11,2.6251674231102e-17,-7.1477748002645e-21,0,3.7e-11,1,0.000181,6.5924968069002e-76,1.0164851144004,4.7022561735897e-07
3985,0,0,3985,2.0191056412869e-17,3.7440416348302e-11,5.0870545788857e-17,-5.9627208435044e-21,0,3.7e-11,1,0.000181,5.980349993956e-76,1.008888204066,4.5150524382792e-07
3986,0,0,3986,2.01958825188e-17,3.7814511319335e-11,-6.7711189757022e-17,-4.8261059305856e-21,0,3.7e-11,1,0.000181,5.4248669803866e-76,1.0189981583218,4.7655574027095e-07
3987,0,0,3987,2.0199627165687e-17,3.7661167596887e-11,2.7755213762982e-17,-3.7446468873797e-21,0,3.7e-11,1,0.000181,4.9208191573144e-76,1.0148531742379,4.661517546043e-07
3988,0,0,3988,2.0202350784911e-17,3.7135596971484e-11,9.5128283197969e-17,-2.7236192242811e-21,0,3.7e-11,1,0.000181,4.4634588466708e-76,1.000648156048,4.3189165990499e-07
3989,0,0,3989,2.0204117640545e-17,3.6180240309268e-11,1.7291955586109e-16,-1.7668556336305e-21,0,3.7e-11,1,0.000181,4.0484752071139e-76,0.97482744188995,3.748775645552e-07
3990,0,0,3990,2.0204994410912e-17,3.6253105682129e-11,-1.3188632487644e-17,-8.7677036671525e-22,0,3.7e-11,1,0.000181,3.6719541695692e-76,0.97679664537172,3.7899688358615e-07
3991,0,0,3991,2.0205048868816e-17,3.7811184376268e-11,-2.8201224363929e-16,-5.4457904756969e-23,0,3.7e-11,1,0.000181,3.3303420353445e-76,1.0189068722168,4.7632458955466e-07
3992,0,0,3992,2.0204348553707e-17,3.7063361223459e-11,1.353559906585e-16,7.0031510921625e-22,0,3.7e-11,1,0.000181,3.0204124030991e-76,0.99869554022583,4.2734727053582e-07
3993,0,0,3993,2.0202959406431e-17,3.6491331205034e-11,1.0353743333501e-16,1.389147276046e-21,0,3.7e-11,1,0.000181,2.7392361212513e-76,0.98323547688586,3.9272453778171e-07
3994,0,0,3994,2.0200944776364e-17,3.7000511187459e-11,-9.2161576819032e-17,2.0146300669827e-21,0,3.7e-11,1,0.000181,2.4841539899702e-76,0.99699739885826,4.2342689563358e-07
3995,0,0,3995,2.0198364548059e-17,3.6662842781488e-11,6.1117981480794e-17,2.580228304787e-21,0,3.7e-11,1,0.000181,2.2527519619695e-76,0.98787161100511,4.0285768402195e-07
3996,0,0,3996,2.0195274329179e-17,3.7766353682158e-11,-1.9973547302131e-16,3.0902188806146e-21,0,3.7e-11,1,0.000181,2.0428386141167e-76,1.0176966913755,4.7326885105277e-07
3997,0,0,3997,2.0191724913998e-17,3.6680048820645e-11,1.9662117993384e-16,3.5494151804472e-21,0,3.7e-11,1,0.000181,1.8524246826034e-76,0.98833763052453,4.0388793663478e-07
3998,0,0,3998,2.0187761774126e-17,3.7263257088241e-11,-1.0556069643484e-16,3.9631398724299e-21,0,3.7e-11,1,0.000181,1.6797044732757e-76,1.0041006079136,4.4002306660798e-07
3999,0,0,3999,2.0183424928984e-17,3.6465468554478e-11,1.4439972461117e-16,4.3368451416721e-21,0,3.7e-11,1,0.000181,1.5230389758693e-76,0.98253940323002,3.9122124668416e-07
4000,0,0,4000,2.017874879027e-17,3.668041292243e-11,-3.8904930599302e-17,4.676138713937e-21,0,3.7e-11,1,0.000181,1.380940526479e-76,0.98834940871577,4.0391400307542e-07
4001,0,0,4001,2.0173762289798e-17,3.7195583179717e-11,-9.3245816568961e-17,4.9865004719029e-21,0,3.7e-11,1,0.000181,1.2520588767724e-76,1.0022736737702,4.3570476624011e-07
4002,0,0,4002,2.0168489043243e-17,3.7680127328157e-11,-8.7702490867622e-17,5.273246555555e-21,0,3.7e-11,1,0.000181,1.1351685413412e-76,1.0153702489701,4.6743941727707e-07
4003,0,0,4003,2.0162947575952e-17,3.6756951590033e-11,1.6709480860027e-16,5.5414672904028e-21,0,3.7e-11,1,0.000181,1.029157306305e-76,0.99042038080037,4.0851866782175e-07
4004,0,0,4004,2.0157151614511e-17,3.6433780687465e-11,5.8493933364967e-17,5.7959614410822e-21,0,3.7e-11,1,0.000181,9.3301579293448e-77,0.98168689753869,3.8938650888317e-07
4005,0,0,4005,2.0151110551447e-17,3.6374560941975e-11,1.0718773933574e-17,6.0410630637855e-21,0,3.7e-11,1,0.000181,8.4582797974948e-77,0.98008726593192,3.8596276100463e-07
4006,0,0,4006,2.0144829880831e-17,3.7683261650501e-11,-2.3687482824325e-16,6.280670616942e-21,0,3.7e-11,1,0.000181,7.6676259535011e-77,1.015458493185,4.676594598042e-07
4007,0,0,4007,2.0138311631432e-17,3.7114147910258e-11,1.0300958698398e-16,6.5182493989156e-21,0,3.7e-11,1,0.000181,6.9506530224805e-77,1.0000780140549,4.3056069589855e-07
4008,0,0,4008,2.0131554665902e-17,3.6920354891294e-11,3.5076536432655e-17,6.7569655298692e-21,0,3.7e-11,1,0.000181,6.3005159924004e-77,0.99484137384773,4.1849173738192e-07
4009,0,0,4009,2.0124555144427e-17,3.629244310079e-11,1.1365203408115e-16,6.9995214751384e-21,0,3.7e-11,1,0.000181,5.7110037648212e-77,0.97787183008788,3.8126155990675e-07
4010,0,0,4010,2.0117306911111e-17,3.6607314503571e-11,-5.6991723903277e-17,7.2482333154141e-21,0,3.7e-11,1,0.000181,5.1764806343671e-77,0.98638295031136,3.9958097228932e-07
4011,0,0,4011,2.0109801891005e-17,3.627840582158e-11,5.953247144042e-17,7.505020106023e-21,0,3.7e-11,1,0.000181,4.6918331533003e-77,0.9774946471278,3.8046584136258e-07
4012,0,0,4012,2.0102030387046e-17,3.6968794036374e-11,-1.2496026687772e-16,7.7715039593377e-21,0,3.7e-11,1,0.000181,4.2524218872605e-77,0.99615494851375,4.2149290340077e-07
4013,0,0,4013,2.00939814498e-17,3.7576295684342e-11,-1.0995779828237e-16,8.0489372461283e-21,0,3.7e-11,1,0.000181,3.8540376133936e-77,1.0125751138444,4.6051312699824e-07
4014,0,0,4014,2.0085643131155e-17,3.620671911018e-11,2.4789335992336e-16,8.3383186451433e-21,0,3.7e-11,1,0.000181,3.4928615531222e-77,0.97556077584164,3.7640731627876e-07
4015,0,0,4015,2.0077002735526e-17,3.6930658583295e-11,-1.310330446338e-16,8.6403956281444e-21,0,3.7e-11,1,0.000181,3.1654292691299e-77,0.99512799773644,4.1914510533984e-07
4016,0,0,4016,2.0068047271161e-17,3.6680643627037e-11,4.525270708279e-17,8.9554643656613e-21,0,3.7e-11,1,0.000181,2.868597890018e-77,0.98837217399172,4.0396438903816e-07
4017,0,0,4017,2.0058763697475e-17,3.7486603380955e-11,-1.4587871545917e-16,9.28357368526e-21,0,3.7e-11,1,0.000181,2.5995163569067e-77,1.0101562562723,4.5458699947879e-07
4018,0,0,4018,2.0049139292906e-17,3.6651558768018e-11,1.5114307494157e-16,9.6244045697998e-21,0,3.7e-11,1,0.000181,2.3555984142498e-77,0.98758892007143,4.0223376990808e-07
4019,0,0,4019,2.0039161945532e-17,3.7491699037693e-11,-1.5206538881105e-16,9.9773473736636e-21,0,3.7e-11,1,0.000181,2.1344980925751e-77,1.0102969036698,4.5492986973108e-07
4020,0,0,4020,2.0028820629571e-17,3.7657034642609e-11,-2.9925744489954e-17,1.0341315961017e-20,0,3.7e-11,1,0.000181,1.9340874539766e-77,1.0147669777039,4.6593738232276e-07
4021,0,0,4021,2.0018105727918e-17,3.7650169385385e-11,1.2426115576108e-18,1.0714901652717e-20,0,3.7e-11,1,0.000181,1.7524363921973e-77,1.0145830301668,4.654801703879e-07
4022,0,0,4022,2.000700941915e-17,3.673583937878e-11,1.6549373119557e-16,1.109630876785e-20,0,3.7e-11,1,0.000181,1.5877942982269e-77,0.989873065274,4.0729760944992e-07
4023,0,0,4023,1.9995526082921e-17,3.775514285274e-11,-1.8449392878673e-16,1.1483336229495e-20,0,3.7e-11,1,0.000181,1.4385734196804e-77,1.017423522512,4.7258130855166e-07
4024,0,0,4024,1.9983652782978e-17,3.7723543856348e-11,5.7194183468954e-18,1.1873299942704e-20,0,3.7e-11,1,0.000181,1.303333757986e-77,1.0165712685107,4.7044149053646e-07
4025,0,0,4025,1.9971389534418e-17,3.7699980024788e-11,4.2650535122646e-18,1.2263248560607e-20,0,3.7e-11,1,0.000181,1.1807693617217e-77,1.0159362393538,4.6885221691726e-07
4026,0,0,4026,1.9958739638696e-17,3.702428780431e-11,1.223002919067e-16,1.2649895721814e-20,0,3.7e-11,1,0.000181,1.0696958874514e-77,0.99767617633886,4.2499040607958e-07
4027,0,0,4027,1.9945709965888e-17,3.780533889486e-11,-1.4137024738961e-16,1.3029672807788e-20,0,3.7e-11,1,0.000181,9.6903931122499e-78,1.0187876108711,4.760227388849e-07
4028,0,0,4028,1.9932311232311e-17,3.7781504228023e-11,4.3140746974833e-18,1.3398733576739e-20,0,3.7e-11,1,0.000181,8.7782568464242e-78,1.0181454313931,4.7440006120457e-07
4029,0,0,4029,1.9918558053892e-17,3.738161690562e-11,7.2379605354962e-17,1.375317841964e-20,0,3.7e-11,1,0.000181,7.9517183913443e-78,1.0073397195555,4.4776507475246e-07
4030,0,0,4030,1.9904468979872e-17,3.6201150026286e-11,2.1366450515944e-16,1.4089074019846e-20,0,3.7e-11,1,0.000181,7.202769509683e-78,0.97543731309211,3.7614941441374e-07
4031,0,0,4031,1.9890066458277e-17,3.6674941945442e-11,-8.5756337367459e-17,1.4402521594523e-20,0,3.7e-11,1,0.000181,6.5241488753639e-78,0.98824465068938,4.0368221011689e-07
4032,0,0,4032,1.9875376771055e-17,3.6406693213971e-11,4.8553020396389e-17,1.4689687222604e-20,0,3.7e-11,1,0.000181,5.9092726279178e-78,0.98099687844672,3.8790661271113e-07
4033,0,0,4033,1.9860429705396e-17,3.6110891324221e-11,5.354014204474e-17,1.494706565887e-20,0,3.7e-11,1,0.000181,5.352171363358e-78,0.97300446468248,3.7109674286738e-07
4034,0,0,4034,1.9845258223423e-17,3.6921847048377e-11,-1.4678298607234e-16,1.5171481972359e-20,0,3.7e-11,1,0.000181,4.8474329669008e-78,0.99492445237164,4.1868103190335e-07
4035,0,0,4035,1.982989805713e-17,3.6841089003608e-11,1.4617206103323e-17,1.5360166293409e-20,0,3.7e-11,1,0.000181,4.39015074764e-78,0.99274409610211,4.1373615193482e-07
4036,0,0,4036,1.9814387114093e-17,3.7609470678122e-11,-1.3907708308712e-16,1.5510943037485e-20,0,3.7e-11,1,0.000181,3.9758763850057e-78,1.0135134844895,4.6282899554203e-07
4037,0,0,4037,1.9798764896606e-17,3.6663291385662e-11,1.7125845193529e-16,1.5622217486724e-20,0,3.7e-11,1,0.000181,3.6005772420156e-78,0.98794340389848,4.0301626037958e-07
4038,0,0,4038,1.9783071752782e-17,3.6510857872207e-11,2.7590465935326e-17,1.5693143824067e-20,0,3.7e-11,1,0.000181,3.260597641347e-78,0.98382592252003,3.9400339587131e-07
4039,0,0,4039,1.9767348238893e-17,3.7203737262334e-11,-1.254111696131e-16,1.572351388837e-20,0,3.7e-11,1,0.000181,2.9526237375071e-78,1.0025547403679,4.3636686116431e-07
4040,0,0,4040,1.975163435606e-17,3.6279221044804e-11,1.6733743537304e-16,1.5713882833822e-20,0,3.7e-11,1,0.000181,2.6736516522093e-78,0.97757016197602,3.8062504165572e-07
4041,0,0,4041,1.9735968681649e-17,3.6819335017942e-11,-9.7760629138039e-17,1.5665674410561e-20,0,3.7e-11,1,0.000181,2.4209585707777e-78,0.99217017613346,4.1244249429255e-07
4042,0,0,4042,1.9720387666857e-17,3.6258293514634e-11,1.0154851209859e-16,1.5581014792205e-20,0,3.7e-11,1,0.000181,2.1920765252994e-78,0.97700921882663,3.7944375783069e-07
4043,0,0,4043,1.9704924798011e-17,3.6492753276456e-11,-4.2437216889679e-17,1.5462868845393e-20,0,3.7e-11,1,0.000181,1.9847686155626e-78,0.98334827807085,3.9296859424436e-07
4044,0,0,4044,1.9689609903545e-17,3.6307362776751e-11,3.3555680446514e-17,1.5314894466845e-20,0,3.7e-11,1,0.000181,1.7970074418226e-78,0.97834001085388,3.8225113753352e-07
4045,0,0,4045,1.9674468450279e-17,3.6856199470052e-11,-9.9339441487399e-17,1.514145326572e-20,0,3.7e-11,1,0.000181,1.6269555443063e-78,0.9931756959279,4.1471118742711e-07
4046,0,0,4046,1.9659520964597e-17,3.6751633799834e-11,1.8926386309532e-17,1.4947485681902e-20,0,3.7e-11,1,0.000181,1.4729476633294e-78,0.99035182870021,4.0836556510638e-07
4047,0,0,4047,1.9644782494343e-17,3.7429345094714e-11,-1.2266574437337e-16,1.4738470254244e-20,0,3.7e-11,1,0.000181,1.3334746511036e-78,1.0086705509406,4.5097799700778e-07
4048,0,0,4048,1.9630262266857e-17,3.7757033188585e-11,-5.9311544990543e-17,1.4520227486117e-20,0,3.7e-11,1,0.000181,1.2071688819358e-78,1.017529154079,4.7284707747019e-07
4049,0,0,4049,1.9615963397615e-17,3.6501836867802e-11,2.2719053406168e-16,1.4298869241566e-20,0,3.7e-11,1,0.000181,1.0927910217059e-78,0.98360706430857,3.9352897103913e-07
4050,0,0,4050,1.9601882781997e-17,3.7454595715843e-11,-1.7244935149541e-16,1.4080615618349e-20,0,3.7e-11,1,0.000181,9.8921803038129e-79,1.0093594059707,4.5264841368542e-07
4051,0,0,4051,1.9588011311861e-17,3.716452153534e-11,5.2503426671212e-17,1.3871470135387e-20,0,3.7e-11,1,0.000181,8.9543228301515e-79,1.0015216345505,4.3393725076009e-07
4052,0,0,4052,1.9574334048806e-17,3.7452222558689e-11,-5.2073885226341e-17,1.3677263055479e-20,0,3.7e-11,1,0.000181,8.1051170528414e-79,1.0092993801813,4.525026557583e-07
4053,0,0,4053,1.9560830716311e-17,3.7542661568772e-11,-1.6369460824969e-17,1.3503332494993e-20,0,3.7e-11,1,0.000181,7.3362082924983e-79,1.0117456940767,4.5847402032475e-07
4054,0,0,4054,1.9547476314708e-17,3.6920514850506e-11,1.1260855600616e-16,1.335440160299e-20,0,3.7e-11,1,0.000181,6.6400268376821e-79,0.99493291199446,4.1870031108023e-07
4055,0,0,4055,1.95342419107e-17,3.6922165079211e-11,-2.9869139553459e-19,1.323440400758e-20,0,3.7e-11,1,0.000181,6.0097144190521e-79,0.99497948893929,4.1880647123043e-07
4056,0,0,4056,1.9521095658778e-17,3.773893194512e-11,-1.4783480272966e-16,1.3146251922093e-20,0,3.7e-11,1,0.000181,5.4390575491518e-79,1.0170562321051,4.7165815407411e-07
4057,0,0,4057,1.9508003893829e-17,3.7378564341388e-11,6.5226536275441e-17,1.3091764948724e-20,0,3.7e-11,1,0.000181,4.9224270887369e-79,1.0073185220095,4.4771405059727e-07
4058,0,0,4058,1.9494932238161e-17,3.6574072348408e-11,1.4561305072935e-16,1.3071655668048e-20,0,3.7e-11,1,0.000181,4.4547234598638e-79,0.98557744703953,3.9781704879981e-07
4059,0,0,4059,1.9481846881417e-17,3.6421824960698e-11,2.7556777175593e-17,1.308535674402e-20,0,3.7e-11,1,0.000181,4.0313269797691e-79,0.9814646066903,3.8890925602802e-07
4060,0,0,4060,1.9468715918892e-17,3.6610776017752e-11,-3.4200141326805e-17,1.3130962524886e-20,0,3.7e-11,1,0.000181,3.6480528384081e-79,0.98657335273917,3.9999885361061e-07
4061,0,0,4061,1.945551060747e-17,3.6482203045931e-11,2.3271707899602e-17,1.3205311422849e-20,0,3.7e-11,1,0.000181,3.3011102868371e-79,0.98310037937974,3.9243240368906e-07
4062,0,0,4062,1.9442206548164e-17,3.671978587021e-11,-4.3002491194427e-17,1.3304059305245e-20,0,3.7e-11,1,0.000181,2.9870656438385e-79,0.98952352336267,4.0651934140841e-07
4063,0,0,4063,1.9428784827568e-17,3.7487199655705e-11,-1.389018951747e-16,1.3421720596775e-20,0,3.7e-11,1,0.000181,2.7028087646747e-79,1.0102664406234,4.5485558902789e-07
4064,0,0,4064,1.9415233001594e-17,3.7313970478758e-11,3.135448102745e-17,1.3551825973725e-20,0,3.7e-11,1,0.000181,2.4455226489685e-79,1.0055865945429,4.4356115189443e-07
4065,0,0,4065,1.9401545857615e-17,3.650258971309e-11,1.4685991858585e-16,1.3687143978939e-20,0,3.7e-11,1,0.000181,2.2126558947457e-79,0.98365942843239,3.9364243974722e-07
4066,0,0,4066,1.938772607703e-17,3.6824584106659e-11,-5.8280985235792e-17,1.3819780584772e-20,0,3.7e-11,1,0.000181,2.0018977329306e-79,0.99236404318773,4.1287911542462e-07
4067,0,0,4067,1.9373784762439e-17,3.768086867858e-11,-1.5498750751766e-16,1.3941314591504e-20,0,3.7e-11,1,0.000181,1.8111554013147e-79,1.0155089511812,4.6778531795441e-07
4068,0,0,4068,1.935974164823e-17,3.7238831141156e-11,8.0008794273641e-17,1.404311420864e-20,0,3.7e-11,1,0.000181,1.6385336394519e-79,1.0035640876364,4.3875129771273e-07
4069,0,0,4069,1.9345625049689e-17,3.6506223458629e-11,1.3260199053739e-16,1.4116598540643e-20,0,3.7e-11,1,0.000181,1.4823161062848e-79,0.98376598789939,3.9387342764016e-07
4070,0,0,4070,1.9331471727262e-17,3.6421754662343e-11,1.528885212783e-17,1.4153322426962e-20,0,3.7e-11,1,0.000181,1.3409485407687e-79,0.98148516084169,3.8895336525246e-07
4071,0,0,4071,1.9317326583557e-17,3.759526476487e-11,-2.1240532855725e-16,1.4145143705794e-20,0,3.7e-11,1,0.000181,1.2130235025117e-79,1.0132037622604,4.6206356364339e-07
4072,0,0,4072,1.9303242121685e-17,3.690035626724e-11,1.2577843807104e-16,1.4084461871573e-20,0,3.7e-11,1,0.000181,1.0972665446378e-79,0.99442455461381,4.1754306722501e-07
4073,0,0,4073,1.9289277631661e-17,3.683843283637e-11,1.1208140987424e-17,1.396449002445e-20,0,3.7e-11,1,0.000181,9.9252368486248e-80,0.99275303356,4.137563237487e-07
4074,0,0,4074,1.9275498429658e-17,3.6997813305181e-11,-2.8847864854816e-17,1.3779202002421e-20,0,3.7e-11,1,0.000181,8.9775005327087e-80,0.99706267131673,4.2357704147653e-07
4075,0,0,4075,1.9261974908056e-17,3.6145904630235e-11,1.5419547016529e-16,1.3523521602066e-20,0,3.7e-11,1,0.000181,8.1199960662505e-80,0.97404013187463,3.7324086379424e-07
4076,0,0,4076,1.9248781477254e-17,3.6875409678118e-11,-1.3204041366666e-16,1.3193430802328e-20,0,3.7e-11,1,0.000181,7.3441580931064e-80,0.99375845457101,4.1603068060593e-07
4077,0,0,4077,1.9235995572833e-17,3.7199240657852e-11,-5.8613407331927e-17,1.278590442084e-20,0,3.7e-11,1,0.000181,6.6422319035926e-80,1.0025125524113,4.3626742875457e-07
4078,0,0,4078,1.9223696499147e-17,3.7642100586288e-11,-8.0157647046907e-17,1.2299073685624e-20,0,3.7e-11,1,0.000181,6.0071969444173e-80,1.0144835761713,4.6523312429268e-07
4079,0,0,4079,1.9211964318277e-17,3.6648598678963e-11,1.798238452259e-16,1.1732180870624e-20,0,3.7e-11,1,0.000181,5.4326975239775e-80,0.98763392512676,4.0233304572474e-07
4080,0,0,4080,1.9200878752319e-17,3.6956957484402e-11,-5.581294378453e-17,1.1085565957978e-20,0,3.7e-11,1,0.000181,4.9129800382418e-80,0.99596960219866,4.2106837662774e-07
4081,0,0,4081,1.9190518256824e-17,3.6200933918911e-11,1.3684026535372e-16,1.0360495494846e-20,0,3.7e-11,1,0.000181,4.4428361055235e-80,0.97553807989639,3.7635989580931e-07
4082,0,0,4082,1.9180959028284e-17,3.635147704957e-11,-2.7248306649162e-17,9.5592285402676e-21,0,3.7e-11,1,0.000181,4.017551055657e-80,0.97960824054708,3.8494227577276e-07
4083,0,0,4083,1.9172274217301e-17,3.7247830474662e-11,-1.6223996994171e-16,8.6848109826611e-21,0,3.7e-11,1,0.000181,3.632857270955e-80,1.0038353056139,4.3939381830982e-07
4084,0,0,4084,1.9164533177442e-17,3.7730581076131e-11,-8.7377858865917e-17,7.7410398588031e-21,0,3.7e-11,1,0.000181,3.2848919233637e-80,1.0168837750638,4.7122520492753e-07
4085,0,0,4085,1.9157800748572e-17,3.704397546827e-11,1.2427561502282e-16,6.7324288702014e-21,0,3.7e-11,1,0.000181,2.9701586948807e-80,0.99832787203349,4.2649596186009e-07
4086,0,0,4086,1.9152136678444e-17,3.6893265284576e-11,2.7278543248709e-17,5.6640701279215e-21,0,3.7e-11,1,0.000181,2.6854931069622e-80,0.99425546958784,4.1715873419253e-07
4087,0,0,4087,1.9147595237504e-17,3.6782734769699e-11,2.000602319271e-17,4.5414409400432e-21,0,3.7e-11,1,0.000181,2.4280311197103e-80,0.9912688365056,4.1041746713103e-07
4088,0,0,4088,1.9144224864151e-17,3.7232191206281e-11,-8.1351615021402e-17,3.3703733527274e-21,0,3.7e-11,1,0.000181,2.1951806934088e-80,1.0034168110307,4.3840271767286e-07
4089,0,0,4089,1.9142067898181e-17,3.7165350932845e-11,1.2098089492055e-17,2.1569659705058e-21,0,3.7e-11,1,0.000181,1.9845960337982e-80,1.0016106392335,4.3414613266479e-07
4090,0,0,4090,1.9141160335625e-17,3.6170096063388e-11,1.8014113137167e-16,9.075625559733e-22,0,3.7e-11,1,0.000181,1.7941542685969e-80,0.97471199449569,3.7463720109733e-07
4091,0,0,4091,1.9141531690765e-17,3.6115363896562e-11,9.9065221954872e-18,-3.7135513994939e-22,0,3.7e-11,1,0.000181,1.6219343264621e-80,0.97323269129267,3.7156837093384e-07
4092,0,0,4092,1.9143205007061e-17,3.6634682278617e-11,-9.3996627151787e-17,-1.6733162959846e-21,0,3.7e-11,1,0.000181,1.4661978110477e-80,0.9872680733795,4.0152659873625e-07
4093,0,0,4093,1.9146196830622e-17,3.6180508157128e-11,8.2205515989403e-17,-2.9918235609386e-21,0,3.7e-11,1,0.000181,1.3253716822766e-80,0.9749926503822,3.7522175017385e-07
4094,0,0,4094,1.9150517190703e-17,3.6529620813791e-11,-6.3189390855982e-17,-4.32036008146e-21,0,3.7e-11,1,0.000181,1.1980325745848e-80,0.98442748247058,3.953098165541e-07
4095,0,0,4095,1.9156169743918e-17,3.7390710663508e-11,-1.5585726279871e-16,-5.6525532150398e-21,0,3.7e-11,1,0.000181,1.0828925978813e-80,1.007699337069,4.4863142507478e-07
4096,0,0,4096,1.9163151893061e-17,3.754597130151e-11,-2.8102175478441e-17,-6.982149142711e-21,0,3.7e-11,1,0.000181,9.7878648145873e-81,1.0118945279499,4.5883938146297e-07
4097,0,0,4097,1.9171454900859e-17,3.7629061039113e-11,-1.5039242506226e-17,-8.303007798143e-21,0,3.7e-11,1,0.000181,8.8465993422477e-81,1.0141389567237,4.6437790824411e-07
4098,0,0,4098,1.9181064093668e-17,3.6230942068294e-11,2.5305953371827e-16,-9.6091928085389e-21,0,3.7e-11,1,0.000181,7.9955910652772e-81,0.97635052266202,3.7806043472559e-07
4099,0,0,4099,1.9191959081724e-17,3.6757808655993e-11,-9.536285237346e-17,-1.0894988056641e-20,0,3.7e-11,1,0.000181,7.2262104963679e-81,0.99058853332133,4.0889441407747e-07
4100,0,0,4100,1.9204114146467e-17,3.7155626374148e-11,-7.2005006986066e-17,-1.2155064743302e-20,0,3.7e-11,1,0.000181,6.5306507871582e-81,1.0013385485403,4.3350783039527e-07
4101,0,0,4101,1.9217498475816e-17,3.749800575479e-11,-6.1970667896296e-17,-1.3384329348293e-20,0,3.7e-11,1,0.000181,5.9018495398828e-81,1.0105900467584,4.5564517174888e-07
4102,0,0,4102,1.9232076442868e-17,3.7245637905299e-11,4.5678580757992e-17,-1.4577967052039e-20,0,3.7e-11,1,0.000181,5.3334180282099e-81,1.0037671172788,4.3923220668809e-07
4103,0,0,4103,1.9247807898947e-17,3.6879109532261e-11,6.634163551982e-17,-1.5731456079101e-20,0,3.7e-11,1,0.000181,4.8195771272879e-81,0.99385859600422,4.1625776699234e-07
4104,0,0,4104,1.9264648507423e-17,3.7112808485528e-11,-4.2299510541339e-17,-1.6840608475762e-20,0,3.7e-11,1,0.000181,4.3550993189596e-81,1.0001722692807,4.3078049831435e-07
4105,0,0,4105,1.9282550062086e-17,3.6345334976567e-11,1.3891270512189e-16,-1.7901554663428e-20,0,3.7e-11,1,0.000181,3.9352561978324e-81,0.97942706894081,3.8455689313457e-07
4106,0,0,4106,1.9301460727934e-17,3.6995152800981e-11,-1.1761702621891e-16,-1.891066584781e-20,0,3.7e-11,1,0.000181,3.5557709580196e-81,0.99698688909208,4.2340272413837e-07
4107,0,0,4107,1.9321325361021e-17,3.6467865429083e-11,9.5439014313605e-17,-1.9864633087402e-20,0,3.7e-11,1,0.000181,3.2127753894113e-81,0.98273291284201,3.9163869238227e-07
4108,0,0,4108,1.9342085670848e-17,3.7134807956861e-11,-1.2071659752781e-16,-2.0760309826529e-20,0,3.7e-11,1,0.000181,2.9027709567622e-81,1.000755286624,4.3214212410777e-07
4109,0,0,4109,1.9363680476313e-17,3.6730612874512e-11,7.3159309905177e-17,-2.1594805465198e-20,0,3.7e-11,1,0.000181,2.6225935751386e-81,0.98982787066004,4.071969136368e-07
4110,0,0,4110,1.9386045829171e-17,3.7371388832163e-11,-1.1598044833493e-16,-2.2365352858023e-20,0,3.7e-11,1,0.000181,2.3693817317358e-81,1.007142800178,4.4729125688345e-07
4111,0,0,4111,1.9409115232074e-17,3.7762399013035e-11,-7.0772842737808e-17,-2.3069402902482e-20,0,3.7e-11,1,0.000181,2.1405476371153e-81,1.0177071981674,4.7329531202189e-07
4112,0,0,4112,1.9432819734921e-17,3.6314306199141e-11,2.6210479931487e-16,-2.370450284739e-20,0,3.7e-11,1,0.000181,1.9337511188381e-81,0.97856601497829,3.827295835953e-07
4113,0,0,4113,1.9457088039202e-17,3.6484921621221e-11,-3.0881391396504e-17,-2.4268304281358e-20,0,3.7e-11,1,0.000181,1.7468759975831e-81,0.98317361884453,3.9259075429988e-07
4114,0,0,4114,1.9481846799431e-17,3.7129626563157e-11,-1.1669159449041e-16,-2.4758760228338e-20,0,3.7e-11,1,0.000181,1.5780087103982e-81,1.000594379742,4.3176597908317e-07
4115,0,0,4115,1.9507020789735e-17,3.6696435617899e-11,7.8407561091721e-17,-2.5173990304409e-20,0,3.7e-11,1,0.000181,1.4254189679761e-81,0.9888827573615,4.0509580085638e-07
4116,0,0,4116,1.9532533076052e-17,3.6892299585973e-11,-3.54513782214e-17,-2.5512286317103e-20,0,3.7e-11,1,0.000181,1.2875422529947e-81,0.99417256861058,4.1697040432035e-07
4117,0,0,4117,1.9558305357828e-17,3.6655452790079e-11,4.286927005688e-17,-2.5772281776034e-20,0,3.7e-11,1,0.000181,1.1629639848138e-81,0.98776745552432,4.0262771552949e-07
4118,0,0,4118,1.9584258297667e-17,3.6655418525619e-11,6.201867083598e-21,-2.5952939839233e-20,0,3.7e-11,1,0.000181,1.0504051923472e-81,0.98776265414954,4.026171169892e-07
4119,0,0,4119,1.9610311957605e-17,3.6850001442921e-11,-3.5219508031504e-17,-2.60536599373e-20,0,3.7e-11,1,0.000181,9.4870955189969e-82,0.99301776156653,4.1435417775469e-07
4120,0,0,4120,1.9636386284696e-17,3.6865741425603e-11,-2.8489368654686e-18,-2.6074327090867e-20,0,3.7e-11,1,0.000181,8.5683166031643e-82,0.99343927306994,4.1530756049877e-07
4121,0,0,4121,1.9662401644589e-17,3.7065628514621e-11,-3.6179563112273e-17,-2.6015359893524e-20,0,3.7e-11,1,0.000181,7.7382642606936e-82,0.99883774219827,4.2767690007378e-07
4122,0,0,4122,1.968827942421e-17,3.6251626538219e-11,1.473343577287e-16,-2.5877779621137e-20,0,3.7e-11,1,0.000181,6.9883947202504e-82,0.97683382469665,3.7907501139212e-07
4123,0,0,4123,1.9713942654135e-17,3.6564070326453e-11,-5.6552325670348e-17,-2.5663229925057e-20,0,3.7e-11,1,0.000181,6.3109845370614e-82,0.98527441935701,3.9715511234537e-07
4124,0,0,4124,1.9739316771212e-17,3.7342340730999e-11,-1.4086694322279e-16,-2.5374117076366e-20,0,3.7e-11,1,0.000181,5.6990520597755e-82,1.0063049657368,4.4527986766009e-07
4125,0,0,4125,1.9764330300644e-17,3.776856472343e-11,-7.7146542629977e-17,-2.5013529432665e-20,0,3.7e-11,1,0.000181,5.1462863934297e-82,1.0178207980648,4.7358148622074e-07
4126,0,0,4126,1.9788915503104e-17,3.7696552699945e-11,1.303417625066e-17,-2.4585202460065e-20,0,3.7e-11,1,0.000181,4.6469831451372e-82,1.0158708560829,4.6868883250786e-07
4127,0,0,4127,1.9813009034692e-17,3.7154934085585e-11,9.8032969199331e-17,-2.409353158803e-20,0,3.7e-11,1,0.000181,4.1959863068048e-82,1.0012289174938,4.3325086138561e-07
4128,0,0,4128,1.9836552605628e-17,3.778878142827e-11,-1.147263690261e-16,-2.3543570935839e-20,0,3.7e-11,1,0.000181,3.7886356904641e-82,1.0183564112157,4.7493267287912e-07
4129,0,0,4129,1.9859493614563e-17,3.7055984210179e-11,1.3263629647442e-16,-2.2941008934805e-20,0,3.7e-11,1,0.000181,3.4207193872907e-82,0.99854765543197,4.2700468776225e-07
4130,0,0,4130,1.9881785590348e-17,3.7393249851561e-11,-6.1045081090004e-17,-2.229197578541e-20,0,3.7e-11,1,0.000181,3.0884307716153e-82,1.0076596143859,4.4853566253559e-07
4131,0,0,4131,1.9903388682217e-17,3.6332529473658e-11,1.9199038840032e-16,-2.1603091868242e-20,0,3.7e-11,1,0.000181,2.7883296167095e-82,0.97898827027773,3.8362479767194e-07
4132,0,0,4132,1.9924269941916e-17,3.6651814031005e-11,-5.7790504879655e-17,-2.0881259699593e-20,0,3.7e-11,1,0.000181,2.517306930297e-82,0.98761446463639,4.0229011573873e-07
4133,0,0,4133,1.9944403648636e-17,3.7010090274746e-11,-6.4848000117237e-17,-2.0133706719225e-20,0,3.7e-11,1,0.000181,2.2725531550114e-82,0.99729459998214,4.241108967911e-07
4134,0,0,4134,1.9963771390636e-17,3.6255240206885e-11,1.366278622828e-16,-1.9367742000913e-20,0,3.7e-11,1,0.000181,2.051529412757e-82,0.97689035479403,3.7919382764234e-07
4135,0,0,4135,1.9982362047535e-17,3.7705272812791e-11,-2.6245590166898e-16,-1.8590656898891e-20,0,3.7e-11,1,0.000181,1.8519415024681e-82,1.016077649256,4.6920574096135e-07
4136,0,0,4136,2.0000171791184e-17,3.7476621188835e-11,4.1385943936129e-17,-1.7809743648323e-20,0,3.7e-11,1,0.000181,1.6717163884056e-82,1.0098952162741,4.5395119454003e-07
4137,0,0,4137,2.0017203733768e-17,3.6384299212319e-11,1.9771027774938e-16,-1.7031942584219e-20,0,3.7e-11,1,0.000181,1.5089809411471e-82,0.98037045747289,3.8656709097757e-07
4138,0,0,4138,2.003346762485e-17,3.664672888133e-11,-4.7499770091038e-17,-1.6263891082324e-20,0,3.7e-11,1,0.000181,1.3620427160755e-82,0.98746072269612,4.0195109116747e-07
4139,0,0,4139,2.0048979522816e-17,3.6603932567697e-11,7.7461327676476e-18,-1.551189796602e-20,0,3.7e-11,1,0.000181,1.2293725746651e-82,0.98630174932511,3.9940286660917e-07
4140,0,0,4140,2.0063761229603e-17,3.7324576861902e-11,-1.3043661725108e-16,-1.4781706786667e-20,0,3.7e-11,1,0.000181,1.1095889724139e-82,1.0057764149283,4.4401477380541e-07
4141,0,0,4141,2.0077839680133e-17,3.6430602320873e-11,1.6180939192623e-16,-1.4078450529771e-20,0,3.7e-11,1,0.000181,1.0014437540607e-82,0.98161283864384,3.8922745328677e-07
4142,0,0,4142,2.0091246187074e-17,3.7325635885129e-11,-1.6200107513036e-16,-1.3406506941579e-20,0,3.7e-11,1,0.000181,9.038093119157e-83,1.0058009331075,4.4407339352239e-07
4143,0,0,4143,2.0104015776392e-17,3.68290728869e-11,8.9877902679454e-17,-1.2769589317826e-20,0,3.7e-11,1,0.000181,8.1566697688326e-83,0.99237840477116,4.1291147510708e-07
4144,0,0,4144,2.0116186279135e-17,3.7306679067687e-11,-8.6446718722456e-17,-1.2170502743317e-20,0,3.7e-11,1,0.000181,7.3609652419801e-83,1.0052848626209,4.4284086792632e-07
4145,0,0,4145,2.0127797507802e-17,3.637711909331e-11,1.6825035536216e-16,-1.1611228666935e-20,0,3.7e-11,1,0.000181,6.6426668715113e-83,0.98015988627465,3.8611765912589e-07
4146,0,0,4146,2.0138890302717e-17,3.7585415943318e-11,-2.1870172985139e-16,-1.1092794915017e-20,0,3.7e-11,1,0.000181,5.9942658227313e-83,1.0128149015138,4.6110401452505e-07
4147,0,0,4147,2.0149505699425e-17,3.745566952988e-11,2.3484100832325e-17,-1.0615396707746e-20,0,3.7e-11,1,0.000181,5.408979586557e-83,1.0093066565938,4.5252032270532e-07
4148,0,0,4148,2.0159683868577e-17,3.7269081874645e-11,3.3772365597568e-17,-1.0178169151689e-20,0,3.7e-11,1,0.000181,4.8806819243595e-83,1.0042622271826,4.4040675780522e-07
4149,0,0,4149,2.0169463195739e-17,3.763178966132e-11,-6.5650109388182e-17,-9.7793271623919e-21,0,3.7e-11,1,0.000181,4.4038395501193e-83,1.0140636800811,4.6419127057109e-07
4150,0,0,4150,2.0178879385693e-17,3.7808091188164e-11,-3.1910576358829e-17,-9.4161899539258e-21,0,3.7e-11,1,0.000181,3.9734549038551e-83,1.018827180181,4.7612287158187e-07
4151,0,0,4151,2.0187964534296e-17,3.7845387349567e-11,-6.7506052139875e-18,-9.0851486027491e-21,0,3.7e-11,1,0.000181,3.5850144320542e-83,1.0198338279435,4.7867604071913e-07
4152,0,0,4152,2.0196746259169e-17,3.6673326343103e-11,2.1214304217006e-16,-8.7817248732521e-21,0,3.7e-11,1,0.000181,3.2344418467039e-83,0.98815519215207,4.0348435545279e-07
4153,0,0,4153,2.0205246902024e-17,3.7061886954375e-11,-7.0329470640311e-17,-8.5006428552205e-21,0,3.7e-11,1,0.000181,2.9180558850826e-83,0.99865556097355,4.2725463443574e-07
4154,0,0,4154,2.0213482938604e-17,3.7112140259313e-11,-9.0958481937932e-18,-8.236036579829e-21,0,3.7e-11,1,0.000181,2.6325321381888e-83,1.0000125285945,4.3040803818296e-07
4155,0,0,4155,2.0221464335007e-17,3.6639220773104e-11,8.5598427003882e-17,-7.9813964026822e-21,0,3.7e-11,1,0.000181,2.3748685570562e-83,0.98722972907224,4.0144215274486e-07
4156,0,0,4156,2.0229194066766e-17,3.6250950632948e-11,7.0276895368163e-17,-7.7297317589899e-21,0,3.7e-11,1,0.000181,2.1423542836191e-83,0.97673478729235,3.7886692548819e-07
4157,0,0,4157,2.0236667833934e-17,3.611053365812e-11,2.5415472443925e-17,-7.4737671680425e-21,0,3.7e-11,1,0.000181,1.9325414866386e-83,0.97293861793128,3.7096076196143e-07
4158,0,0,4158,2.0243873924276e-17,3.6972889501828e-11,-1.5608640771121e-16,-7.206090341902e-21,0,3.7e-11,1,0.000181,1.7432199138099e-83,0.99624445660843,4.2169804228529e-07
4159,0,0,4159,2.0250793238553e-17,3.7772773046567e-11,-1.4477892159767e-16,-6.9193142774895e-21,0,3.7e-11,1,0.000181,1.5723938988625e-83,1.0178618975945,4.7368505649293e-07
4160,0,0,4160,2.0257399389583e-17,3.6821524265505e-11,1.721760293722e-16,-6.6061510297821e-21,0,3.7e-11,1,0.000181,1.4182615875062e-83,0.99215148464489,4.1240041783034e-07
4161,0,0,4161,2.0263658958145e-17,3.6227134038437e-11,1.0758463109935e-16,-6.2595685618983e-21,0,3.7e-11,1,0.000181,1.2791961687226e-83,0.97608594923084,3.7750596475127e-07
4162,0,0,4162,2.0269532077874e-17,3.7333369433463e-11,-2.0022860649977e-16,-5.8731197294627e-21,0,3.7e-11,1,0.000181,1.1537289183876e-83,1.0059833261728,4.4450966926627e-07
4163,0,0,4163,2.0274973112855e-17,3.6197115849413e-11,2.0566189871305e-16,-5.4410349809722e-21,0,3.7e-11,1,0.000181,1.0405338807304e-83,0.97527295738852,3.7580631465941e-07
4164,0,0,4164,2.02799312997e-17,3.6903366433194e-11,-1.2783135566437e-16,-4.9581868444742e-21,0,3.7e-11,1,0.000181,9.3841402988978e-84,0.99436007064483,4.1739646006592e-07
4165,0,0,4165,2.0284351762214e-17,3.69599966324e-11,-1.0250066056278e-17,-4.4204625145652e-21,0,3.7e-11,1,0.000181,8.4628876897062e-84,0.99588995650324,4.208860591384e-07
4166,0,0,4166,2.0288176431962e-17,3.6108111797e-11,1.5419115520748e-16,-3.8246697479904e-21,0,3.7e-11,1,0.000181,7.631826377068e-84,0.97286547093101,3.7080975285988e-07
4167,0,0,4167,2.0291345116024e-17,3.6593438679253e-11,-8.7844165687766e-17,-3.1686840613383e-21,0,3.7e-11,1,0.000181,6.8821511221798e-84,0.98598194054482,3.9870202960998e-07
4168,0,0,4168,2.029379675012e-17,3.7824676904675e-11,-2.2285411880154e-16,-2.4516340967593e-21,0,3.7e-11,1,0.000181,6.2059139154896e-84,1.0192582832606,4.7721491904334e-07
4169,0,0,4169,2.0295470571553e-17,3.7544769236145e-11,5.0663288004018e-17,-1.6738214322061e-21,0,3.7e-11,1,0.000181,5.595940758048e-84,1.0116929612021,4.5834462726191e-07
4170,0,0,4170,2.0296307255275e-17,3.7431863511371e-11,2.0435936184088e-17,-8.366837224715e-22,0,3.7e-11,1,0.000181,5.0457564985076e-84,1.0086413301931,4.5090725038519e-07
4171,0,0,4171,2.029625022e-17,3.7580635708252e-11,-2.6927767635438e-17,5.7035275383613e-23,0,3.7e-11,1,0.000181,4.5495169482269e-84,1.0126622088956,4.6072767618275e-07
4172,0,0,4172,2.0295246890327e-17,3.7041033249607e-11,9.7668045014805e-17,1.0033296723019e-21,0,3.7e-11,1,0.000181,4.1019475717639e-84,0.99807850847968,4.2591936619848e-07
4173,0,0,4173,2.029324989829e-17,3.7067455488172e-11,-4.7824251802785e-18,1.9969920370504e-21,0,3.7e-11,1,0.000181,3.6982881177028e-84,0.99879292122753,4.2757298100718e-07
4174,0,0,4174,2.0290218326209e-17,3.6931674593065e-11,2.4576342014257e-17,3.0315720812114e-21,0,3.7e-11,1,0.000181,3.3342426159031e-84,0.99512361998187,4.191351198632e-07
4175,0,0,4175,2.028611885667e-17,3.767266266392e-11,-1.3411884082463e-16,4.0994695390892e-21,0,3.7e-11,1,0.000181,3.0059342225556e-84,1.0151509367348,4.6689291393754e-07
4176,0,0,4176,2.0280926891122e-17,3.7249262494016e-11,7.6635430752466e-17,5.1919655479928e-21,0,3.7e-11,1,0.000181,2.7098644443955e-84,1.0037084641669,4.3909323305847e-07
4177,0,0,4177,2.0274627505502e-17,3.6559310287827e-11,1.2488134932034e-16,6.2993856205328e-21,0,3.7e-11,1,0.000181,2.442876318602e-84,0.98506204787086,3.9669174156365e-07
4178,0,0,4178,2.0267216445307e-17,3.7527585028045e-11,-1.7525772797954e-16,7.4110601945534e-21,0,3.7e-11,1,0.000181,2.2021211657439e-84,1.0112327420682,4.5721662989182e-07
4179,0,0,4179,2.0258701044972e-17,3.6505558246677e-11,1.8498684742761e-16,8.5154003351643e-21,0,3.7e-11,1,0.000181,1.9850285700338e-84,0.98361166815045,3.9353894611281e-07
4180,0,0,4180,2.0249100873362e-17,3.7720036984486e-11,-2.1982065154338e-16,9.6001716098463e-21,0,3.7e-11,1,0.000181,1.7892792745163e-84,1.0164368513243,4.7010472164872e-07
4181,0,0,4181,2.0238448467702e-17,3.6519875785293e-11,2.1722917705395e-16,1.0652405660434e-20,0,3.7e-11,1,0.000181,1.6127807089581e-84,0.98400165278039,3.9438466853873e-07
4182,0,0,4182,2.0226789684394e-17,3.6177967621761e-11,6.1885377599232e-17,1.165878330734e-20,0,3.7e-11,1,0.000181,1.4536448954582e-84,0.97476263250028,3.7474261481735e-07
4183,0,0,4183,2.0214184147956e-17,3.764333288663e-11,-2.6523111294132e-16,1.2605536437774e-20,0,3.7e-11,1,0.000181,1.3101685014195e-84,1.0143689813845,4.6494860067765e-07
4184,0,0,4184,2.0200705457533e-17,3.7597332442818e-11,8.3260803301001e-18,1.3478690423282e-20,0,3.7e-11,1,0.000181,1.1808148317758e-84,1.0131277387924,4.6187584093152e-07
4185,0,0,4185,2.0186441024702e-17,3.7546514340574e-11,9.1980765061672e-18,1.4264432830837e-20,0,3.7e-11,1,0.000181,1.0641975724789e-84,1.0117564065431,4.5850030963227e-07
4186,0,0,4186,2.0171491879576e-17,3.7809031273692e-11,-4.7515564894442e-17,1.4949145126834e-20,0,3.7e-11,1,0.000181,9.5906611542204e-85,1.0188536910047,4.7618996854248e-07
4187,0,0,4187,2.0155972232136e-17,3.6188745501779e-11,2.9327172471624e-16,1.5519647439336e-20,0,3.7e-11,1,0.000181,8.6429231139644e-85,0.97506450105867,3.7537152000378e-07
4188,0,0,4188,2.0140008748542e-17,3.6656355847563e-11,-8.4637472586883e-17,1.5963483594496e-20,0,3.7e-11,1,0.000181,7.7885851251516e-85,0.98770500218909,4.0248987398769e-07
4189,0,0,4189,2.0123739808551e-17,3.7792189116392e-11,-2.055858216581e-16,1.6268939990667e-20,0,3.7e-11,1,0.000181,7.0184677894636e-85,1.0184056279317,4.7505698897739e-07
4190,0,0,4190,2.0107314332162e-17,3.6742145097786e-11,1.9005796736765e-16,1.6425476389404e-20,0,3.7e-11,1,0.000181,6.3242913690932e-85,0.9900285125231,4.0764410855613e-07
4191,0,0,4191,2.0090890323897e-17,3.6305310449506e-11,7.9067071338797e-17,1.6424008265105e-20,0,3.7e-11,1,0.000181,5.6985878583244e-85,0.9782246231203,3.8200705219955e-07
4192,0,0,4192,2.0074633454246e-17,3.7462825435872e-11,-2.0951021253223e-16,1.6256869650125e-20,0,3.7e-11,1,0.000181,5.1346216245963e-85,1.0095112394264,4.5301727493153e-07
4193,0,0,4193,2.005871538779e-17,3.697619739567e-11,8.8079675276494e-17,1.5918066456099e-20,0,3.7e-11,1,0.000181,4.6263177862445e-85,0.99636150712685,4.2196642702307e-07
4194,0,0,4194,2.0043311799492e-17,3.7639759624666e-11,-1.2010476344822e-16,1.5403588297979e-20,0,3.7e-11,1,0.000181,4.1681975748203e-85,1.0142979214969,4.6477223970409e-07
4195,0,0,4195,2.0028600437383e-17,3.6440345705651e-11,2.1709391934165e-16,1.4711362109693e-20,0,3.7e-11,1,0.000181,3.7553200027855e-85,0.98188352580043,3.8980906271753e-07
4196,0,0,4196,2.0014758959944e-17,3.6851259055352e-11,-7.4375316295821e-17,1.384147743827e-20,0,3.7e-11,1,0.000181,3.3832292232431e-85,0.99299135882615,4.1429451897415e-07
4197,0,0,4197,2.0001962894673e-17,3.6880895327441e-11,-5.3641652481369e-18,1.2796065271327e-20,0,3.7e-11,1,0.000181,3.0479070278549e-85,0.99379424986892,4.1611184044827e-07
4198,0,0,4198,1.9990383420757e-17,3.7358727433503e-11,-8.6487611197289e-17,1.1579473915887e-20,0,3.7e-11,1,0.000181,2.7457299828284e-85,1.0067103601677,4.4625217517373e-07
4199,0,0,4199,1.9980185204838e-17,3.642913490316e-11,1.6825624799211e-16,1.0198215918811e-20,0,3.7e-11,1,0.000181,2.4734307514024e-85,0.98158776052966,3.8917360526304e-07
4200,0,0,4200,1.9971524256208e-17,3.7608302267878e-11,-2.1342929301391e-16,8.6609486307811e-21,0,3.7e-11,1,0.000181,2.2280631950909e-85,1.0134584420232,4.6269289088192e-07
4201,0,0,4201,1.9964546006751e-17,3.7067937209387e-11,9.7806075586867e-17,6.9782494563272e-21,0,3.7e-11,1,0.000181,2.0069708855532e-85,0.99885502297929,4.2771697169918e-07
4202,0,0,4202,1.9959383282722e-17,3.6602089820683e-11,8.4318377355381e-17,5.1627240291458e-21,0,3.7e-11,1,0.000181,1.8077586947108e-85,0.98626532391533,3.9932299240118e-07
4203,0,0,4203,1.995615459557e-17,3.7109773275344e-11,-9.1890705293625e-17,3.2286871516777e-21,0,3.7e-11,1,0.000181,1.6282671630374e-85,0.9999869804751,4.3034849315166e-07
4204,0,0,4204,1.9954962596586e-17,3.6954731027292e-11,2.8062646897465e-17,1.1919989840278e-21,0,3.7e-11,1,0.000181,1.4665493751121e-85,0.99579682743665,4.2067295841112e-07
4205,0,0,4205,1.9955892619214e-17,3.7092240222423e-11,-2.4889164318829e-17,-9.3002262803029e-22,0,3.7e-11,1,0.000181,1.3208500978718e-85,0.99951315329841,4.292453604622e-07
4206,0,0,4206,1.9959011498658e-17,3.6373756308856e-11,1.3004558835579e-16,-3.1188794437384e-21,0,3.7e-11,1,0.000181,1.1895869607836e-85,0.980094203435,3.8597755640726e-07
4207,0,0,4207,1.9964366571915e-17,3.6248603649383e-11,2.2652631364628e-17,-5.3550732566408e-21,0,3.7e-11,1,0.000181,1.0713334786395e-85,0.97671089950221,3.7881674917841e-07
4208,0,0,4208,1.9971984984447e-17,3.630816395453e-11,-1.0780415231666e-17,-7.6184125319881e-21,0,3.7e-11,1,0.000181,9.6480373707314e-86,0.9783194998933,3.8220774040201e-07
4209,0,0,4209,1.9981873184586e-17,3.7282283805099e-11,-1.7631569295302e-16,-9.8882001391099e-21,0,3.7e-11,1,0.000181,8.6883857841258e-86,1.0046455869103,4.4131796156137e-07
4210,0,0,4210,1.9994016652273e-17,3.7218507299575e-11,1.1543547499913e-17,-1.2143467687576e-20,0,3.7e-11,1,0.000181,7.8239314129524e-86,1.002920084302,4.3722871005801e-07
4211,0,0,4211,2.0008379776234e-17,3.6863689033448e-11,6.4222106168921e-17,-1.4363123960198e-20,0,3.7e-11,1,0.000181,7.045256217529e-86,0.99332825672359,4.1505628829348e-07
4212,0,0,4212,2.0024906066702e-17,3.7590248561148e-11,-1.3150727451372e-16,-1.6526290468218e-20,0,3.7e-11,1,0.000181,6.343871363633e-86,1.012962533,4.6146811708039e-07
4213,0,0,4213,2.00435186056e-17,3.6747341644345e-11,1.5256615194132e-16,-1.8612538898224e-20,0,3.7e-11,1,0.000181,5.7121257970534e-86,0.990178485743,4.0797863355842e-07
4214,0,0,4214,2.006412058163e-17,3.6482286073649e-11,4.7975058295932e-17,-2.0601976029725e-20,0,3.7e-11,1,0.000181,5.1431237886175e-86,0.9830117453709,3.9224083827614e-07
4215,0,0,4215,2.0086596195353e-17,3.7111435619734e-11,-1.1387606784128e-16,-2.2475613723005e-20,0,3.7e-11,1,0.000181,4.6306505719958e-86,1.000012431085,4.3040781090486e-07
4216,0,0,4216,2.0110811698258e-17,3.6364729326028e-11,1.351538391607e-16,-2.4215502905274e-20,0,3.7e-11,1,0.000181,4.1691052822174e-86,0.97982756403059,3.8540923518882e-07
4217,0,0,4217,2.0136616522054e-17,3.6420182120634e-11,-1.0036955823688e-17,-2.5804823796264e-20,0,3.7e-11,1,0.000181,3.7534404801355e-86,0.98132243501758,3.8860426716902e-07
4218,0,0,4218,2.0163844737231e-17,3.7007532725783e-11,-1.0631045953193e-16,-2.7228215177082e-20,0,3.7e-11,1,0.000181,3.3791076178606e-86,0.99719270996409,4.2387629798397e-07
4219,0,0,4219,2.0192316584698e-17,3.6229279055044e-11,1.4086391440379e-16,-2.8471847466331e-20,0,3.7e-11,1,0.000181,3.0420078631644e-86,0.97615457553804,3.7764972206633e-07
4220,0,0,4220,2.0221840101861e-17,3.7169664051457e-11,-1.7020968435085e-16,-2.9523517163424e-20,0,3.7e-11,1,0.000181,2.7384477577135e-86,1.0015659777829,4.3404130805988e-07
4221,0,0,4221,2.025221303198e-17,3.7283196366499e-11,-2.0549349022471e-17,-3.0372930118472e-20,0,3.7e-11,1,0.000181,2.4650992353052e-86,1.0046298834261,4.4128060594442e-07
4222,0,0,4222,2.0283224671557e-17,3.7707828940697e-11,-7.6858495929812e-17,-3.1011639577633e-20,0,3.7e-11,1,0.000181,2.2189635725947e-86,1.0161018088091,4.6926616145468e-07
4223,0,0,4223,2.0314657897646e-17,3.7768953952136e-11,-1.1063627070495e-17,-3.1433226088946e-20,0,3.7e-11,1,0.000181,1.9973388866011e-86,1.0177491425174,4.7340095934463e-07
4224,0,0,4224,2.0346291224346e-17,3.7104415272369e-11,1.2028150103787e-16,-3.1633326700263e-20,0,3.7e-11,1,0.000181,1.7977908310089e-86,0.99978391415176,4.2987544505613e-07
4225,0,0,4225,2.037790092079e-17,3.6979697098395e-11,2.2573989489244e-17,-3.1609696443092e-20,0,3.7e-11,1,0.000181,1.6181261773234e-86,0.99640843271445,4.220740616447e-07
4226,0,0,4226,2.0409263225079e-17,3.7413868928149e-11,-7.8585101185461e-17,-3.1362304288921e-20,0,3.7e-11,1,0.000181,1.4563689976659e-86,1.0081381234538,4.4969035084916e-07
4227,0,0,4227,2.044015650351e-17,3.7013559852031e-11,7.2455942777239e-17,-3.0893278431157e-20,0,3.7e-11,1,0.000181,1.31073919372e-86,0.99731434623177,4.2415637420131e-07
4228,0,0,4228,2.0470363344796e-17,3.7476558772699e-11,-8.3802804640865e-17,-3.0206841286218e-20,0,3.7e-11,1,0.000181,1.1796331413592e-86,1.0098233200707,4.5377620717124e-07
4229,0,0,4229,2.049967271432e-17,3.7483977376704e-11,-1.342767324919e-18,-2.9309369523797e-20,0,3.7e-11,1,0.000181,1.0616062430614e-86,1.0100194463893,4.5425368650042e-07
4230,0,0,4230,2.0527881941841e-17,3.6157394733956e-11,2.4011145833743e-16,-2.8209227521316e-20,0,3.7e-11,1,0.000181,9.5535720059045e-87,0.97416164923162,3.7349309941741e-07
4231,0,0,4231,2.0554798659872e-17,3.6315811900822e-11,-2.867350720276e-17,-2.6916718030671e-20,0,3.7e-11,1,0.000181,8.5971383880022e-87,0.97843917506181,3.8246100603316e-07
4232,0,0,4232,2.0580242793644e-17,3.751153406393e-11,-2.1642571152262e-16,-2.5444133771929e-20,0,3.7e-11,1,0.000181,7.7362032800595e-87,1.0107521909479,4.5604121547427e-07
4233,0,0,4233,2.0604048295695e-17,3.7575996710363e-11,-1.1667739004272e-17,-2.3805502051042e-20,0,3.7e-11,1,0.000181,6.9612566732615e-87,1.0124908699836,4.6030567892232e-07
4234,0,0,4234,2.0626064654061e-17,3.7086195888208e-11,8.8653948810059e-17,-2.2016358366496e-20,0,3.7e-11,1,0.000181,6.2637330489988e-87,0.99924972242968,4.2863305629614e-07
4235,0,0,4235,2.0646158373989e-17,3.7070809972389e-11,2.7848507632708e-18,-2.0093719928157e-20,0,3.7e-11,1,0.000181,5.6359178306188e-87,0.99883088646086,4.2766100346094e-07
4236,0,0,4236,2.0664214337223e-17,3.7197938874929e-11,-2.3010331359799e-17,-1.805596323386e-20,0,3.7e-11,1,0.000181,5.070863075448e-87,1.0022641066186,4.3568224378947e-07
4237,0,0,4237,2.0680136917722e-17,3.674360996993e-11,8.2233531804808e-17,-1.592258049854e-20,0,3.7e-11,1,0.000181,4.5623114968947e-87,0.98998256945492,4.0754167432243e-07
4238,0,0,4238,2.0693850907225e-17,3.7699090464089e-11,-1.729419694427e-16,-1.3713989503393e-20,0,3.7e-11,1,0.000181,4.1046279958431e-87,1.0158043188133,4.6852261206531e-07
4239,0,0,4239,2.0705302304287e-17,3.6425381234798e-11,2.3054137050166e-16,-1.1451397062242e-20,0,3.7e-11,1,0.000181,3.6927379612023e-87,0.98137803511932,3.8872351813412e-07
4240,0,0,4240,2.0714458753545e-17,3.7767504103829e-11,-2.4292423929473e-16,-9.1564492574671e-21,0,3.7e-11,1,0.000181,3.3220716722196e-87,1.0176502589278,4.7315192708474e-07
4241,0,0,4241,2.0721310007806e-17,3.6971618677879e-11,1.4405526209703e-16,-6.8512542612254e-21,0,3.7e-11,1,0.000181,2.9885142007855e-87,0.9961388189769,4.2145594561899e-07
4242,0,0,4242,2.0725867889952e-17,3.7050631813935e-11,-1.4301377626173e-17,-4.557882146208e-21,0,3.7e-11,1,0.000181,2.688360271141e-87,0.99827362855492,4.2637048220445e-07
4243,0,0,4243,2.0728166258988e-17,3.7567312862183e-11,-9.3519269732794e-17,-2.2983690354237e-21,0,3.7e-11,1,0.000181,2.4182735877766e-87,1.0122376380164,4.5968256120905e-07
4244,0,0,4244,2.0728260656965e-17,3.6804124179165e-11,1.3813715162614e-16,-9.4397977288669e-23,0,3.7e-11,1,0.000181,2.1752501904561e-87,0.99161090275824,4.1118502589597e-07
4245,0,0,4245,2.0726227677224e-17,3.7522288786859e-11,-1.2998779399248e-16,2.032979741363e-21,0,3.7e-11,1,0.000181,1.9565854387159e-87,1.011021060586,4.5669855897625e-07
4246,0,0,4246,2.0722164241918e-17,3.6418459062548e-11,1.9979318010019e-16,4.063435305967e-21,0,3.7e-11,1,0.000181,1.7598442673467e-87,0.98118843154835,3.8831697942072e-07
4247,0,0,4247,2.0716186491222e-17,3.6670634850835e-11,-4.5643817679939e-17,5.9777506954929e-21,0,3.7e-11,1,0.000181,1.5828343896768e-87,0.98800488599521,4.0315210267016e-07
4248,0,0,4248,2.0708428662084e-17,3.7475579688051e-11,-1.4569501553603e-16,7.7578291380279e-21,0,3.7e-11,1,0.000181,1.4235821573175e-87,1.0097613102695,4.5362532638396e-07
4249,0,0,4249,2.06990416435e-17,3.7752996772412e-11,-5.0212492269452e-17,9.3870185838445e-21,0,3.7e-11,1,0.000181,1.2803108137453e-87,1.0172604709815,4.7217131016899e-07
4250,0,0,4250,2.0688191289519e-17,3.7011715132498e-11,1.3417197682454e-16,1.0850353981308e-20,0,3.7e-11,1,0.000181,1.1514209049905e-87,0.99722745224616,4.2395627918826e-07
4251,0,0,4251,2.0676056630988e-17,3.7864279974494e-11,-1.5431423640138e-16,1.2134658530852e-20,0,3.7e-11,1,0.000181,1.0354726340438e-87,1.0202715572275,4.7978973393623e-07
4252,0,0,4252,2.0662828037702e-17,3.7497789756094e-11,6.6334729530419e-17,1.3228593285632e-20,0,3.7e-11,1,0.000181,9.3116996664667e-88,1.010368391491,4.5510422356048e-07
4253,0,0,4253,2.0648705070929e-17,3.6814050140637e-11,1.237568703977e-16,1.4122966773804e-20,0,3.7e-11,1,0.000181,8.373463151083e-88,0.99189105127436,4.1181451955777e-07
4254,0,0,4254,2.0633894359549e-17,3.6674163243471e-11,2.5319528387119e-17,1.4810711379421e-20,0,3.7e-11,1,0.000181,7.5295164390639e-88,0.9881125358681,4.0339004076592e-07
4255,0,0,4255,2.06186074487e-17,3.7587683197457e-11,-1.6534711167153e-16,1.5286910849602e-20,0,3.7e-11,1,0.000181,6.7704085625372e-88,1.0128045470048,4.6107848606117e-07
4256,0,0,4256,2.0603058546636e-17,3.6632520270478e-11,1.7288448978328e-16,1.5548902063591e-20,0,3.7e-11,1,0.000181,6.0876333472331e-88,0.98699165453335,4.0091816318309e-07
4257,0,0,4257,2.0587462153347e-17,3.6593641888439e-11,7.0369871489608e-18,1.5596393289508e-20,0,3.7e-11,1,0.000181,5.4735352156181e-88,0.9859432163139,3.9861723645694e-07
4258,0,0,4258,2.0572030901458e-17,3.6630833999909e-11,-6.7317721759615e-18,1.5431251888796e-20,0,3.7e-11,1,0.000181,4.9212243562509e-88,0.98695071271943,4.0082810862214e-07
4259,0,0,4259,2.0556973347517e-17,3.7765995409151e-11,-2.0546421507281e-16,1.5057553940692e-20,0,3.7e-11,1,0.000181,4.424500330584e-88,1.0176329992099,4.7310847049403e-07
4260,0,0,4260,2.0542491824764e-17,3.730957782718e-11,8.2611582336655e-17,1.4481522752611e-20,0,3.7e-11,1,0.000181,3.9777832802824e-88,1.0052995512759,4.4287591007639e-07
4261,0,0,4261,2.0528780261414e-17,3.6443030301311e-11,1.5684510218231e-16,1.3711563350142e-20,0,3.7e-11,1,0.000181,3.5760519809241e-88,0.9818813952928,3.898044822572e-07
4262,0,0,4262,2.0516022252586e-17,3.6985434322791e-11,-9.8175127887877e-17,1.2758008828401e-20,0,3.7e-11,1,0.000181,3.2147880625634e-88,0.99654286847433,4.2238254489851e-07
4263,0,0,4263,2.0504389273463e-17,3.6594992713074e-11,7.0669931358734e-17,1.1632979122554e-20,0,3.7e-11,1,0.000181,2.889925784901e-88,0.98599212957936,3.9872434264171e-07
4264,0,0,4264,2.0494038864541e-17,3.6638066059961e-11,-7.7962757865544e-18,1.035040892258e-20,0,3.7e-11,1,0.000181,2.5978068154213e-88,0.987157819619,4.0128382499131e-07
4265,0,0,4265,2.0485113081221e-17,3.7841463161061e-11,-2.178148752991e-16,8.9257833196028e-21,0,3.7e-11,1,0.000181,2.3351395134948e-88,1.0196833983979,4.7829379718537e-07
4266,0,0,4266,2.0477737065916e-17,3.7651039393166e-11,3.4466701989084e-17,7.3760153048736e-21,0,3.7e-11,1,0.000181,2.0989622726799e-88,1.0145379114674,4.6536808121142e-07
4267,0,0,4267,2.0472017655114e-17,3.7358031214631e-11,5.3034480314775e-17,5.7194108018908e-21,0,3.7e-11,1,0.000181,1.8866105178317e-88,1.0066196255328,4.4603440487759e-07
4268,0,0,4268,2.0468042280634e-17,3.6183323804537e-11,2.1262204122698e-16,3.9753744804184e-21,0,3.7e-11,1,0.000181,1.6956869936163e-88,0.97487137021661,3.7496905710362e-07
4269,0,0,4269,2.0465878030268e-17,3.6363075048257e-11,-3.2534975113258e-17,2.1642503659752e-21,0,3.7e-11,1,0.000181,1.5240350170603e-88,0.97972983510591,3.8520110450701e-07
4270,0,0,4270,2.0465570976546e-17,3.6752371280897e-11,-7.046261810782e-17,3.0705372193259e-22,0,3.7e-11,1,0.000181,1.3697143992415e-88,0.99025140075643,4.0814135607517e-07
4271,0,0,4271,2.0467145583669e-17,3.754105590094e-11,-1.4275191622771e-16,-1.5746071230548e-21,0,3.7e-11,1,0.000181,1.230979770483e-88,1.0115669661769,4.5803558806922e-07
4272,0,0,4272,2.0470604312219e-17,3.6790638949941e-11,1.3582546813083e-16,-3.4587285496052e-21,0,3.7e-11,1,0.000181,1.1062610697792e-88,0.99128491050127,4.1045350921811e-07
4273,0,0,4273,2.0475927403356e-17,3.7631877282014e-11,-1.5226413810532e-16,-5.3230911372335e-21,0,3.7e-11,1,0.000181,9.9414598293711e-89,1.0140202867913,4.6408371090549e-07
4274,0,0,4274,2.0483073018974e-17,3.6639389643581e-11,1.7964026255644e-16,-7.1456156176073e-21,0,3.7e-11,1,0.000181,8.9336413531852e-89,0.9871952295758,4.0136618658868e-07
4275,0,0,4275,2.0491977410202e-17,3.6668540003838e-11,-5.2762152065443e-18,-8.9043912283564e-21,0,3.7e-11,1,0.000181,8.0277286435328e-89,0.98798174754136,4.0310097477994e-07
4276,0,0,4276,2.0502555490621e-17,3.7014662501219e-11,-6.2648172026012e-17,-1.0578080418765e-20,0,3.7e-11,1,0.000181,7.213444143664e-89,0.99733483010752,4.2420355463316e-07
4277,0,0,4277,2.0514701535435e-17,3.7641484545204e-11,-1.1345478996133e-16,-1.214604481479e-20,0,3.7e-11,1,0.000181,6.4815441191238e-89,1.0142741527768,4.6471326114922e-07
4278,0,0,4278,2.0528290064841e-17,3.6895914365287e-11,1.3494820256504e-16,-1.3588529405272e-20,0,3.7e-11,1,0.000181,5.8237149391138e-89,0.99412157832643,4.1685460183908e-07
4279,0,0,4279,2.0543176904547e-17,3.6193562481123e-11,1.2712569103367e-16,-1.4886839706616e-20,0,3.7e-11,1,0.000181,5.2324797358226e-89,0.97513687205894,3.7552242369658e-07
4280,0,0,4280,2.0559200574967e-17,3.6171777436402e-11,3.9430930944337e-18,-1.6023670419761e-20,0,3.7e-11,1,0.000181,4.7011144061047e-89,0.97454569440255,3.7429118233287e-07
4281,0,0,4281,2.0576183867623e-17,3.6878821524261e-11,-1.2797497990237e-16,-1.6983292656204e-20,0,3.7e-11,1,0.000181,4.2235720229454e-89,0.9936524581191,4.1579042709822e-07
4282,0,0,4282,2.059393554971e-17,3.7178857704775e-11,-5.430654867309e-17,-1.7751682087162e-20,0,3.7e-11,1,0.000181,3.7944148169934e-89,1.0017588933873,4.3449424703515e-07
4283,0,0,4283,2.0612252177897e-17,3.6709769180553e-11,8.4905022884156e-17,-1.831662818694e-20,0,3.7e-11,1,0.000181,3.4087529720563e-89,0.98907809011531,4.0552932526792e-07
4284,0,0,4284,2.0630920103041e-17,3.662923166602e-11,1.4577290130587e-17,-1.8667925143865e-20,0,3.7e-11,1,0.000181,3.0621895537762e-89,0.9868986130277,4.0071353532839e-07
4285,0,0,4285,2.0649717680882e-17,3.7548096179766e-11,-1.6631447698815e-16,-1.8797577840834e-20,0,3.7e-11,1,0.000181,2.7507709585316e-89,1.0117299822095,4.58435464284e-07
4286,0,0,4286,2.0668417547186e-17,3.7686361670748e-11,-2.5026053867707e-17,-1.8699866304286e-20,0,3.7e-11,1,0.000181,2.4709423307095e-89,1.015464095096,4.6767343137384e-07
4287,0,0,4287,2.068678886654e-17,3.7147307508986e-11,9.7568803278897e-17,-1.8371319353596e-20,0,3.7e-11,1,0.000181,2.2195074515082e-89,1.0008923204808,4.3246267281904e-07
4288,0,0,4288,2.0704599707338e-17,3.6846098437839e-11,5.4518841877608e-17,-1.78108407977e-20,0,3.7e-11,1,0.000181,1.993592651985e-89,0.99274887524886,4.1374693835399e-07
4289,0,0,4289,2.0721619499441e-17,3.7169980939654e-11,-5.8622732828498e-17,-1.7019792103442e-20,0,3.7e-11,1,0.000181,1.7906143476831e-89,1.0014999149736,4.3388629030235e-07
4290,0,0,4290,2.0737621459121e-17,3.7365700308644e-11,-3.542520578706e-17,-1.6001959680083e-20,0,3.7e-11,1,0.000181,1.6082498323534e-89,1.0067872382269,4.4643675642809e-07
4291,0,0,4291,2.0752384925938e-17,3.6981534306157e-11,6.9534046450108e-17,-1.4763466816667e-20,0,3.7e-11,1,0.000181,1.4444110044734e-89,0.9964021688052,4.220596926345e-07
4292,0,0,4292,2.076569767305e-17,3.7470934310992e-11,-8.8581400875094e-17,-1.3312747111647e-20,0,3.7e-11,1,0.000181,1.297220732842e-89,1.0096272080956,4.5329917201139e-07
4293,0,0,4293,2.0777358212756e-17,3.7813690485144e-11,-6.2038867521629e-17,-1.1660539706777e-20,0,3.7e-11,1,0.000181,1.1649915968717e-89,1.0188891473194,4.7627971793833e-07
4294,0,0,4294,2.0787177905621e-17,3.6960293982701e-11,1.5446476694222e-16,-9.8196928642396e-21,0,3.7e-11,1,0.000181,1.0462067636094e-89,0.9958229107008,4.2073263404843e-07
4295,0,0,4295,2.0794982963318e-17,3.7058004294082e-11,-1.7685566359966e-17,-7.8050576974468e-21,0,3.7e-11,1,0.000181,9.3950278730108e-90,0.99846256447148,4.2680767166011e-07
4296,0,0,4296,2.0800616441698e-17,3.7099585464745e-11,-7.526191889974e-18,-5.6334783798625e-21,0,3.7e-11,1,0.000181,8.4365413873046e-90,0.99958553870048,4.294137339387e-07
4297,0,0,4297,2.0803939970786e-17,3.6513961302939e-11,1.0599797328694e-16,-3.3235290883652e-21,0,3.7e-11,1,0.000181,7.5755929083454e-90,0.98375736238033,3.9385472607884e-07
4298,0,0,4298,2.0804835339809e-17,3.774071271983e-11,-2.220420064573e-16,-8.9536902271799e-22,0,3.7e-11,1,0.000181,6.802282044576e-90,1.0169126723831,4.7129772832671e-07
4299,0,0,4299,2.0803205989061e-17,3.7676086856233e-11,1.1697281311081e-17,1.6293507477774e-21,0,3.7e-11,1,0.000181,6.1077107372708e-90,1.0151662707166,4.6693110768254e-07
4300,0,0,4300,2.0798978105668e-17,3.6740941197828e-11,1.6926136417124e-16,4.2278833926738e-21,0,3.7e-11,1,0.000181,5.4838820459893e-90,0.98989269504273,4.0734135185972e-07
4301,0,0,4301,2.0792101632336e-17,3.6669219756117e-11,1.298158094967e-17,6.8764733324549e-21,0,3.7e-11,1,0.000181,4.9236091278142e-90,0.98795530449826,4.0304255137665e-07
4302,0,0,4302,2.0782551140508e-17,3.7635015020424e-11,-1.7480894283956e-16,9.550491827679e-21,0,3.7e-11,1,0.000181,4.4204333864232e-90,1.0140593052943,4.6418042579357e-07
4303,0,0,4303,2.0770326368589e-17,3.7375184629435e-11,4.7029300769062e-17,1.2224771919733e-20,0,3.7e-11,1,0.000181,3.9685508696193e-90,1.0070386877048,4.4704091174672e-07
4304,0,0,4304,2.0755452413981e-17,3.7654044457684e-11,-5.0473628913186e-17,1.4873954607882e-20,0,3.7e-11,1,0.000181,3.5627460862843e-90,1.0145776608074,4.6546683004032e-07
4305,0,0,4305,2.073797979386e-17,3.7011568685084e-11,1.1628811484058e-16,1.7472620120723e-20,0,3.7e-11,1,0.000181,3.1983324968186e-90,0.99721605975906,4.2393005086106e-07
4306,0,0,4306,2.0717984158158e-17,3.6899098697054e-11,2.0357067833487e-17,1.9995635701914e-20,0,3.7e-11,1,0.000181,2.8710990059255e-90,0.99417931611298,4.1698573033247e-07
4307,0,0,4307,2.0695565804539e-17,3.6584253211226e-11,5.6987032934873e-17,2.2418353618695e-20,0,3.7e-11,1,0.000181,2.5772618539177e-90,0.98567332617999,3.9802667530585e-07
4308,0,0,4308,2.0670848871173e-17,3.773796880914e-11,-2.0882252322239e-16,2.4716933366838e-20,0,3.7e-11,1,0.000181,2.3134213633039e-90,1.0168585195734,4.7116182885225e-07
4309,0,0,4309,2.0643980293207e-17,3.7777007612532e-11,-7.0660234140382e-18,2.6868577965945e-20,0,3.7e-11,1,0.000181,2.0765230519319e-90,1.0179176343998,4.7382554201074e-07
4310,0,0,4310,2.06151283353e-17,3.6540132495269e-11,2.238743962246e-16,2.8851957906484e-20,0,3.7e-11,1,0.000181,1.8638226730316e-90,0.98449288536785,3.9545206604223e-07
4311,0,0,4311,2.0584480970793e-17,3.6737763547917e-11,-3.577122052914e-17,3.0647364507563e-20,0,3.7e-11,1,0.000181,1.6728547866499e-90,0.98983884145171,4.0722135523209e-07
4312,0,0,4312,2.0552244140419e-17,3.6863860795517e-11,-2.2823601815636e-17,3.2236830373968e-20,0,3.7e-11,1,0.000181,1.5014045066973e-90,0.99325168879321,4.148830581903e-07
4313,0,0,4313,2.0518639640695e-17,3.76396947065e-11,-1.4042593788788e-16,3.3604499723194e-20,0,3.7e-11,1,0.000181,1.3474821035784e-90,1.0142251907176,4.6459178829041e-07
4314,0,0,4314,2.0483902849772e-17,3.7766871982858e-11,-2.3019087020808e-17,3.4736790923382e-20,0,3.7e-11,1,0.000181,1.2093001745418e-90,1.0176676013211,4.7319559511382e-07
4315,0,0,4315,2.0448280232821e-17,3.7485247741413e-11,5.0973987701488e-17,3.5622616950668e-20,0,3.7e-11,1,0.000181,1.0852531228286e-90,1.0100614545263,4.543560106584e-07
4316,0,0,4316,2.041202676843e-17,3.7179807792939e-11,5.5284630673844e-17,3.6253464391596e-20,0,3.7e-11,1,0.000181,9.7389871273737e-91,1.0018117341725,4.3461837705257e-07
4317,0,0,4317,2.0375403293267e-17,3.6280190353619e-11,1.6283075651694e-16,3.6623475163225e-20,0,3.7e-11,1,0.000181,8.739414911537e-91,0.97750321796501,3.8048390765732e-07
4318,0,0,4318,2.0338673777998e-17,3.7009735286243e-11,-1.3204763280507e-16,3.6729515268655e-20,0,3.7e-11,1,0.000181,7.8421788716618e-91,0.99722613304943,4.2395324200288e-07
4319,0,0,4319,2.0302102649022e-17,3.6495529339964e-11,9.307127627659e-17,3.6571128975463e-20,0,3.7e-11,1,0.000181,7.0368282035681e-91,0.98333413586448,3.9293798941115e-07
4320,0,0,4320,2.0265951977342e-17,3.703914142983e-11,-9.8393788265745e-17,3.6150671680418e-20,0,3.7e-11,1,0.000181,6.3139766540928e-91,0.99803175254918,4.2581132469326e-07
4321,0,0,4321,2.0230478862464e-17,3.6144001635464e-11,1.6202030278011e-16,3.547311487764e-20,0,3.7e-11,1,0.000181,5.6651943602507e-91,0.97384408200039,3.7283421257861e-07
4322,0,0,4322,2.0195932806977e-17,3.6739621076956e-11,-1.0780711890992e-16,3.4546055487324e-20,0,3.7e-11,1,0.000181,5.0829106494127e-91,0.98994706318083,4.0746252424486e-07
4323,0,0,4323,2.0162553379521e-17,3.7532768669585e-11,-1.4355971426586e-16,3.3379427455595e-20,0,3.7e-11,1,0.000181,4.5603266926017e-91,1.0113884688391,4.5759806264437e-07
4324,0,0,4324,2.0130567893029e-17,3.6839418588042e-11,1.2549636475931e-16,3.1985486492176e-20,0,3.7e-11,1,0.000181,4.0913370147005e-91,0.99265405353778,4.1353297088364e-07
4325,0,0,4325,2.0100189260031e-17,3.7782240335834e-11,-1.7065073635044e-16,3.0378632998101e-20,0,3.7e-11,1,0.000181,3.6704589658206e-91,1.0181402585525,4.7438700865643e-07
4326,0,0,4326,2.0071614216482e-17,3.7379975397597e-11,7.2809953820865e-17,2.8575043548686e-20,0,3.7e-11,1,0.000181,3.2927693484365e-91,1.0072725000371,4.4760328842096e-07
4327,0,0,4327,2.0045021586836e-17,3.693322989976e-11,8.086093510864e-17,2.6592629646342e-20,0,3.7e-11,1,0.000181,2.9538474761547e-91,0.99520226822004,4.1931454279491e-07
4328,0,0,4328,2.0020570918316e-17,3.6905044307222e-11,5.1015922492123e-18,2.4450668520055e-20,0,3.7e-11,1,0.000181,2.6497240130722e-91,0.99444414643705,4.1758761841779e-07
4329,0,0,4329,1.999840136489e-17,3.6538585025942e-11,6.6329129911687e-17,2.2169553425646e-20,0,3.7e-11,1,0.000181,2.3768350084113e-91,0.98454315190842,3.9556142273656e-07
4330,0,0,4330,1.997863078376e-17,3.7046952380255e-11,-9.201449113049e-17,1.9770581130816e-20,0,3.7e-11,1,0.000181,2.1319806002266e-91,0.99828576228794,4.2639854815627e-07
4331,0,0,4331,1.9961355139342e-17,3.6912544532034e-11,2.4327820527869e-17,1.7275644417542e-20,0,3.7e-11,1,0.000181,1.9122879151365e-91,0.99465569735088,4.1806892549622e-07
4332,0,0,4332,1.9946648073163e-17,3.6174446544214e-11,1.3359573579551e-16,1.4707066178782e-20,0,3.7e-11,1,0.000181,1.715177738837e-91,0.97470929915328,3.7463159084962e-07
4333,0,0,4333,1.9934560787928e-17,3.6665669281957e-11,-8.8911315531581e-17,1.2087285235138e-20,0,3.7e-11,1,0.000181,1.5383345751323e-91,0.98798739424314,4.0311345152825e-07
4334,0,0,4334,1.9925122244506e-17,3.7518517391696e-11,-1.5436550786271e-16,9.4385434222783e-21,0,3.7e-11,1,0.000181,1.3796797498768e-91,1.0110387525239,4.5674184002526e-07
4335,0,0,4335,1.9918339456383e-17,3.62920795088e-11,2.219852568042e-16,6.7827881225362e-21,0,3.7e-11,1,0.000181,1.2373472509644e-91,0.97789279552582,3.8130582911294e-07
4336,0,0,4336,1.9914197971391e-17,3.7532329923183e-11,-2.2448532500333e-16,4.1414849928076e-21,0,3.7e-11,1,0.000181,1.1096620267594e-91,1.0114136954046,4.576598762926e-07
4337,0,0,4337,1.9912662757305e-17,3.6534452135118e-11,1.8061587963976e-16,1.5352140852581e-21,0,3.7e-11,1,0.000181,9.9512049344886e-92,0.98444425469599,3.9534629170104e-07
4338,0,0,4338,1.9913678993094e-17,3.6241559979279e-11,5.3013480206844e-17,-1.0162357890425e-21,0,3.7e-11,1,0.000181,8.9237302706001e-92,0.9765280987392,3.7843295547231e-07
4339,0,0,4339,1.9917173249339e-17,3.7012100521922e-11,-1.3946783821842e-16,-3.4942562447525e-21,0,3.7e-11,1,0.000181,8.0020823859144e-92,0.99735299704623,4.2424540205313e-07
4340,0,0,4340,1.992305476125e-17,3.7707891734746e-11,-1.259382095211e-16,-5.8815119105885e-21,0,3.7e-11,1,0.000181,7.1753885112432e-92,1.0161572867295,4.6940492989008e-07
4341,0,0,4341,1.9931216719708e-17,3.6834372093738e-11,1.5810705502236e-16,-8.1619584581315e-21,0,3.7e-11,1,0.000181,6.4338901613038e-92,0.99254742903493,4.1329247790237e-07
4342,0,0,4342,1.9941537676144e-17,3.6124353947206e-11,1.2851328452234e-16,-1.0320956436276e-20,0,3.7e-11,1,0.000181,5.7688292269242e-92,0.97335620826761,3.7182382130472e-07
4343,0,0,4343,1.9953883182534e-17,3.6372945534769e-11,-4.4995077348945e-17,-1.2345506389776e-20,0,3.7e-11,1,0.000181,5.172345681828e-92,0.98007305638506,3.8593245817808e-07
4344,0,0,4344,1.9968107480543e-17,3.66355929818e-11,-4.7539187912568e-17,-1.4224298009517e-20,0,3.7e-11,1,0.000181,4.6373857227672e-92,0.98716951205395,4.0130956552443e-07
4345,0,0,4345,1.9984055175574e-17,3.7797106280141e-11,-2.1023390699976e-16,-1.5947695030495e-20,0,3.7e-11,1,0.000181,4.1576192815865e-92,1.0185593820412,4.7544552614044e-07
4346,0,0,4346,2.0001562979161e-17,3.7499953904262e-11,5.3784580034196e-17,-1.7507803587037e-20,0,3.7e-11,1,0.000181,3.7273659555103e-92,1.0105256224716,4.5548789069625e-07
4347,0,0,4347,2.0020461375505e-17,3.6715313355457e-11,1.4201993933375e-16,-1.8898396343863e-20,0,3.7e-11,1,0.000181,3.3415284987403e-92,0.98931629923281,4.0605852198165e-07
4348,0,0,4348,2.0040576407983e-17,3.6308029028195e-11,7.3718463234351e-17,-2.0115032478078e-20,0,3.7e-11,1,0.000181,2.9955331054558e-92,0.97830561112368,3.821783567965e-07
4349,0,0,4349,2.0061731484086e-17,3.7677108639002e-11,-2.4780340955614e-16,-2.1155076102955e-20,0,3.7e-11,1,0.000181,2.685275792498e-92,1.0153046038787,4.6727578185461e-07
4350,0,0,4350,2.0083749101371e-17,3.7475843221568e-11,3.642904055562e-17,-2.2017617285521e-20,0,3.7e-11,1,0.000181,2.4070742602911e-92,1.0098617103184,4.538696379232e-07
4351,0,0,4351,2.0106452336688e-17,3.7000487884723e-11,8.6039315968981e-17,-2.2703235316591e-20,0,3.7e-11,1,0.000181,2.1576246737049e-92,0.99701087872154,4.2345789972584e-07
4352,0,0,4352,2.0129666405781e-17,3.6591202493421e-11,7.4080655825669e-17,-2.3214069092799e-20,0,3.7e-11,1,0.000181,1.9339628613114e-92,0.98594564505052,3.9862255414809e-07
4353,0,0,4353,2.0153220137877e-17,3.7385123892561e-11,-1.4369977324445e-16,-2.3553732095791e-20,0,3.7e-11,1,0.000181,1.7334294824877e-92,1.0073994631052,4.4790890767336e-07
4354,0,0,4354,2.0176947313936e-17,3.693472395344e-11,8.1522388980894e-17,-2.3727176059451e-20,0,3.7e-11,1,0.000181,1.5536387576386e-92,0.99522294882168,4.1936173256e-07
4355,0,0,4355,2.0200687753101e-17,3.6572614416796e-11,6.5541826132646e-17,-2.3740439165325e-20,0,3.7e-11,1,0.000181,1.3924503979914e-92,0.98543265965163,3.9750066177265e-07
4356,0,0,4356,2.0224288393957e-17,3.7030124578507e-11,-8.2809339269687e-17,-2.360064085612e-20,0,3.7e-11,1,0.000181,1.2479444084127e-92,0.99779427509568,4.2526291737167e-07
4357,0,0,4357,2.0247604232889e-17,3.781322439028e-11,-1.4174106593097e-16,-2.3315838931281e-20,0,3.7e-11,1,0.000181,1.1183984699366e-92,1.0189556533385,4.7644809961993e-07
4358,0,0,4358,2.0270499035808e-17,3.7479705893169e-11,6.0366847977075e-17,-2.2894802919337e-20,0,3.7e-11,1,0.000181,1.0022676385648e-92,1.0099382212375,4.5405589013626e-07
4359,0,0,4359,2.0292845866975e-17,3.6665318538775e-11,1.4740411114544e-16,-2.2346831166655e-20,0,3.7e-11,1,0.000181,8.981661237313e-93,0.98792441535781,4.0297431348468e-07
4360,0,0,4360,2.0314527581523e-17,3.7301709885704e-11,-1.1518683379426e-16,-2.1681714548531e-20,0,3.7e-11,1,0.000181,8.0485093392951e-93,1.0051209439646,4.4244996695409e-07
4361,0,0,4361,2.033543722565e-17,3.7784293102171e-11,-8.7347562180539e-17,-2.0909644126305e-20,0,3.7e-11,1,0.000181,7.2120719866094e-93,1.0181606113584,4.7443836626461e-07
4362,0,0,4362,2.0355478152178e-17,3.7106033117916e-11,1.2276505715025e-16,-2.0040926528285e-20,0,3.7e-11,1,0.000181,6.4623499531868e-93,0.9998262679096,4.2997407418899e-07
4363,0,0,4363,2.0374564031782e-17,3.7111138914625e-11,-9.2414920435552e-19,-1.9085879604484e-20,0,3.7e-11,1,0.000181,5.790375270961e-93,0.99996141250042,4.3028890856819e-07
4364,0,0,4364,2.039261887428e-17,3.7863014511736e-11,-1.3608948307703e-16,-1.8054842497835e-20,0,3.7e-11,1,0.000181,5.1881051371265e-93,1.0202796786247,4.7981041675431e-07
4365,0,0,4365,2.0409576855714e-17,3.676264759276e-11,1.991664123345e-16,-1.6957981434225e-20,0,3.7e-11,1,0.000181,4.6483267084974e-93,0.99053749999013,4.0878034746151e-07
4366,0,0,4366,2.0425381952827e-17,3.6067110063178e-11,1.2589229285439e-16,-1.5805097112289e-20,0,3.7e-11,1,0.000181,4.164571668577e-93,0.97173682835336,3.6848606036889e-07
4367,0,0,4367,2.0439987679214e-17,3.6431048824431e-11,-6.5872915786849e-17,-1.4605726387182e-20,0,3.7e-11,1,0.000181,3.7310395667232e-93,0.98157083015423,3.8913725559502e-07
4368,0,0,4368,2.0453356704641e-17,3.6762955958546e-11,-6.0075191274767e-17,-1.3369025426911e-20,0,3.7e-11,1,0.000181,3.3425290309846e-93,0.99053929696763,4.087843635162e-07
4369,0,0,4369,2.0465460319857e-17,3.7287235939864e-11,-9.4894676618567e-17,-1.2103615216276e-20,0,3.7e-11,1,0.000181,2.9943760479619e-93,1.0047072188735,4.4146459725521e-07
4370,0,0,4370,2.0476277872067e-17,3.6456158938022e-11,1.504249373334e-16,-1.0817552209791e-20,0,3.7e-11,1,0.000181,2.6823985854801e-93,0.98224406299985,3.9058482786072e-07
4371,0,0,4371,2.0485796144722e-17,3.7104438496362e-11,-1.1733860005958e-16,-9.5182726552799e-21,0,3.7e-11,1,0.000181,2.4028469078834e-93,0.99976371087007,4.2982840420276e-07
4372,0,0,4372,2.0494008855503e-17,3.7779409535487e-11,-1.2216975808161e-16,-8.2127107810182e-21,0,3.7e-11,1,0.000181,2.1523590002427e-93,1.0180049450601,4.7404567822729e-07
4373,0,0,4373,2.0500915988587e-17,3.7586832851998e-11,3.4856379711525e-17,-6.9071330837629e-21,0,3.7e-11,1,0.000181,1.9279205774686e-93,1.0127991384535,4.610651520381e-07
4374,0,0,4374,2.0506523110382e-17,3.6434151399194e-11,2.086353429575e-16,-5.6071217954744e-21,0,3.7e-11,1,0.000181,1.7268292079307e-93,0.98164474841628,3.8929597911046e-07
4375,0,0,4375,2.0510840775385e-17,3.6794676784659e-11,-6.5255094769081e-17,-4.317665002904e-21,0,3.7e-11,1,0.000181,1.5466621293222e-93,0.99138803303687,4.1068479820793e-07
4376,0,0,4376,2.0513884048714e-17,3.7646381203045e-11,-1.5415849972785e-16,-3.0432733284258e-21,0,3.7e-11,1,0.000181,1.3852473777371e-93,1.0144066169482,4.6504202912653e-07
4377,0,0,4377,2.0515671909709e-17,3.7356035382553e-11,5.2552593509012e-17,-1.7878609956542e-21,0,3.7e-11,1,0.000181,1.2406378897347e-93,1.0065591656462,4.4588934448092e-07
4378,0,0,4378,2.051622666523e-17,3.7728514979454e-11,-6.7418807039055e-17,-5.5475552060573e-22,0,3.7e-11,1,0.000181,1.1110882720197e-93,1.0166260989422,4.7057891919884e-07
4379,0,0,4379,2.0515573537282e-17,3.7394529953987e-11,6.045128960958e-17,6.5312794793265e-22,0,3.7e-11,1,0.000181,9.950339646468e-94,1.0075995741577,4.483909505559e-07
4380,0,0,4380,2.0513740219777e-17,3.7294440120659e-11,1.8116259832378e-17,1.8333175046972e-21,0,3.7e-11,1,0.000181,8.9107255175588e-94,1.0048947172793,4.4191094056181e-07
4381,0,0,4381,2.0510756552277e-17,3.669461644612e-11,1.0856808509155e-16,2.9836675001459e-21,0,3.7e-11,1,0.000181,7.979469990566e-94,0.98868371213907,4.0465442572579e-07
4382,0,0,4382,2.0506654220593e-17,3.6124402008356e-11,1.0320881323528e-16,4.1023316841361e-21,0,3.7e-11,1,0.000181,7.1453061992571e-94,0.97327312368102,3.7165197500633e-07
4383,0,0,4383,2.0501466569858e-17,3.6228732517036e-11,-1.8883822071063e-17,5.1876507349992e-21,0,3.7e-11,1,0.000181,6.3981359230116e-94,0.97609364178193,3.7752207676625e-07
4384,0,0,4384,2.049522849277e-17,3.6361140712328e-11,-2.3965883347886e-17,6.2380770877673e-21,0,3.7e-11,1,0.000181,5.7289086680454e-94,0.97967317312805,3.8508047498062e-07
4385,0,0,4385,2.0487976330471e-17,3.6400717909688e-11,-7.1634727222589e-18,7.2521622996667e-21,0,3.7e-11,1,0.000181,5.1295132289878e-94,0.98074391000793,3.8736521700336e-07
4386,0,0,4386,2.0479747870355e-17,3.7756340266954e-11,-2.4536764666502e-16,8.2284601156691e-21,0,3.7e-11,1,0.000181,4.5926804459057e-94,1.0173835807747,4.7248084691918e-07
4387,0,0,4387,2.0470582443061e-17,3.7969039255542e-11,-3.8498516934569e-17,9.1654272938325e-21,0,3.7e-11,1,0.000181,4.1118960038124e-94,1.0231335706749,4.8712359788891e-07
4388,0,0,4388,2.0460520943297e-17,3.7668670226171e-11,5.4366794316145e-17,1.0061499764179e-20,0,3.7e-11,1,0.000181,3.6813222401439e-94,1.0150169911891,4.6655939186387e-07
4389,0,0,4389,2.0449606006073e-17,3.7118297763205e-11,9.961741579689e-17,1.0914937223569e-20,0,3.7e-11,1,0.000181,3.2957280319821e-94,1.0001436895825,4.3071384102933e-07
4390,0,0,4390,2.0437882260291e-17,3.7478270152587e-11,-6.5155002478043e-17,1.1723745781992e-20,0,3.7e-11,1,0.000181,2.9504259302164e-94,1.009874423676,4.5390058201289e-07
4391,0,0,4391,2.0425396613548e-17,3.6285649274705e-11,2.1586437889662e-16,1.2485646743652e-20,0,3.7e-11,1,0.000181,2.6412157934559e-94,0.9776432913406,3.8077926463919e-07
4392,0,0,4392,2.0412198458179e-17,3.6382216902121e-11,-1.7478740562265e-17,1.3198155368584e-20,0,3.7e-11,1,0.000181,2.3643342513505e-94,0.98025519797307,3.8632103448761e-07
4393,0,0,4393,2.0398340065665e-17,3.715512649821e-11,-1.3989663689214e-16,1.385839251436e-20,0,3.7e-11,1,0.000181,2.116409395942e-94,1.0011467158594,4.3305826685972e-07
4394,0,0,4394,2.0383876859983e-17,3.707996232799e-11,1.3604714809693e-17,1.4463205682222e-20,0,3.7e-11,1,0.000181,1.8944201615475e-94,0.99911741145383,4.2832578874718e-07
4395,0,0,4395,2.0368867616595e-17,3.7328106080926e-11,-4.4914019281312e-17,1.5009243387855e-20,0,3.7e-11,1,0.000181,1.6956599092121e-94,1.0058262405601,4.4413390690497e-07
4396,0,0,4396,2.0353374732319e-17,3.7811375971188e-11,-8.7471850137488e-17,1.5492884275615e-20,0,3.7e-11,1,0.000181,1.5177037815993e-94,1.0188899023522,4.7628162927774e-07
4397,0,0,4397,2.0337464386725e-17,3.6412603563687e-11,2.5317780575773e-16,1.5910345594115e-20,0,3.7e-11,1,0.000181,1.3583794388988e-94,0.98108761843223,3.881009620669e-07
4398,0,0,4398,2.0321206597953e-17,3.7603501527684e-11,-2.1555253148339e-16,1.6257788771924e-20,0,3.7e-11,1,0.000181,1.2157408264523e-94,1.0132764775142,4.6224317567273e-07
4399,0,0,4399,2.0304675389236e-17,3.7395546036336e-11,3.7639943934018e-17,1.6531208716632e-20,0,3.7e-11,1,0.000181,1.0880446607933e-94,1.007658527279,4.4853304199747e-07
4400,0,0,4400,2.0287948583467e-17,3.7215639628655e-11,3.2563059790128e-17,1.672680576968e-20,0,3.7e-11,1,0.000181,9.737293530956e-95,1.0027986895928,4.3694218526872e-07
4401,0,0,4401,2.027110762621e-17,3.6516786492575e-11,1.2649241763055e-16,1.6840957256978e-20,0,3.7e-11,1,0.000181,8.7139611799722e-95,0.98391328169775,3.9419289688316e-07
4402,0,0,4402,2.0254237291158e-17,3.7318303567513e-11,-1.450745905638e-16,1.6870335051716e-20,0,3.7e-11,1,0.000181,7.7979204176552e-95,1.0055784244331,4.4354163591814e-07
4403,0,0,4403,2.0237425310377e-17,3.7130500167414e-11,3.3992415418008e-17,1.6811980781372e-20,0,3.7e-11,1,0.000181,6.9779490708753e-95,1.0005051672378,4.3155754594948e-07
4404,0,0,4404,2.0220761732721e-17,3.6784342053444e-11,6.2654618628466e-17,1.6663577655698e-20,0,3.7e-11,1,0.000181,6.2439959269133e-95,0.99115203075118,4.1015563569015e-07
4405,0,0,4405,2.0204338277769e-17,3.736912568216e-11,-1.0584583679766e-16,1.6423454952051e-20,0,3.7e-11,1,0.000181,5.5870588477174e-95,1.0069594460495,4.4685044666723e-07
4406,0,0,4406,2.0188247596929e-17,3.6844998522439e-11,9.4867015909573e-17,1.6090680839445e-20,0,3.7e-11,1,0.000181,4.9990755402726e-95,0.99279624980805,4.1385387399589e-07
4407,0,0,4407,2.0172582332711e-17,3.6891818508192e-11,-8.4744174212904e-18,1.5665264218479e-20,0,3.7e-11,1,0.000181,4.4728256721675e-95,0.99406399397492,4.1672385530184e-07
4408,0,0,4408,2.0157434206361e-17,3.639085531241e-11,9.067433843659e-17,1.5148126349593e-20,0,3.7e-11,1,0.000181,4.0018431568844e-95,0.98052671007015,3.8690086372944e-07
4409,0,0,4409,2.0142892988999e-17,3.765418774222e-11,-2.2866316979572e-16,1.4541217361892e-20,0,3.7e-11,1,0.000181,3.5803375548307e-95,1.0146730010979,4.6570375246442e-07
4410,0,0,4410,2.0129045483412e-17,3.6966567699425e-11,1.2445922774588e-16,1.3847505587193e-20,0,3.7e-11,1,0.000181,3.2031236450875e-95,0.99609074333472,4.2134580505528e-07
4411,0,0,4411,2.0115974289469e-17,3.6341696512624e-11,1.1310168481103e-16,1.3071193943653e-20,0,3.7e-11,1,0.000181,2.8655583205841e-95,0.97920428467904,3.8408342465982e-07
4412,0,0,4412,2.0103756755792e-17,3.7187146357934e-11,-1.530264220011e-16,1.22175336763e-20,0,3.7e-11,1,0.000181,2.5634840470467e-95,1.0020561048276,4.3519281227475e-07
4413,0,0,4413,2.0092463924497e-17,3.675540682738e-11,7.8144855030213e-17,1.1292831295428e-20,0,3.7e-11,1,0.000181,2.2931782046762e-95,0.99038915511891,4.0844892328584e-07
4414,0,0,4414,2.0082159350583e-17,3.7562062185004e-11,-1.4600461972982e-16,1.0304573913807e-20,0,3.7e-11,1,0.000181,2.051307701997e-95,1.012192189956,4.5957080182329e-07
4415,0,0,4415,2.0072898107403e-17,3.709827521896e-11,8.3945440853969e-17,9.2612431805252e-21,0,3.7e-11,1,0.000181,1.8348883145311e-95,0.99965878998422,4.295841763319e-07
4416,0,0,4416,2.006472571996e-17,3.7063222389965e-11,6.3445620479596e-18,8.1723874424526e-21,0,3.7e-11,1,0.000181,1.6412482576357e-95,0.99871263653334,4.2738688946312e-07
4417,0,0,4417,2.0057677286594e-17,3.6433614026139e-11,1.1395911385267e-16,7.0484333664649e-21,0,3.7e-11,1,0.000181,1.4679955536702e-95,0.98169724674399,3.8940873999434e-07
4418,0,0,4418,2.0051776641807e-17,3.6471122477184e-11,-6.7890296392811e-18,5.9006447868571e-21,0,3.7e-11,1,0.000181,1.3129887992352e-95,0.98271186975191,3.915932799013e-07
4419,0,0,4419,2.0047035686972e-17,3.6467430117849e-11,6.6831703961838e-19,4.7409548349072e-21,0,3.7e-11,1,0.000181,1.1743109790906e-95,0.98261278417855,3.9137950390718e-07
4420,0,0,4420,2.0043453804004e-17,3.7391103172868e-11,-1.6718482295844e-16,3.5818829674142e-21,0,3.7e-11,1,0.000181,1.0502460100001e-95,1.0075774556496,4.4833764901036e-07
4421,0,0,4421,2.0041017438259e-17,3.7207489584914e-11,3.3234059419765e-17,2.436365745643e-21,0,3.7e-11,1,0.000181,9.3925773059888e-96,1.002615290045,4.3650960243559e-07
4422,0,0,4422,2.0039699749189e-17,3.6402162424743e-11,1.4576421599094e-16,1.3176890701605e-21,0,3.7e-11,1,0.000181,8.3997108283545e-96,0.98084988787954,3.8759195272967e-07
4423,0,0,4423,2.0039460552913e-17,3.7732117843711e-11,-2.4072193083322e-16,2.3919627598459e-22,0,3.7e-11,1,0.000181,7.5115525694138e-96,1.0167946646497,4.71001622437e-07
4424,0,0,4424,2.0040246514379e-17,3.7327737840596e-11,7.3192780563776e-17,-7.8596146606293e-22,0,3.7e-11,1,0.000181,6.7170859555348e-96,1.0058653580161,4.442274550142e-07
4425,0,0,4425,2.0041991303302e-17,3.6539707748558e-11,1.4263344665893e-16,-1.7447889235232e-21,0,3.7e-11,1,0.000181,6.0064507383443e-96,0.98456698688752,3.9561328522084e-07
4426,0,0,4426,2.0044616133676e-17,3.7336205813193e-11,-1.4416614969896e-16,-2.6248303737899e-21,0,3.7e-11,1,0.000181,5.370821914593e-96,1.0060935696662,4.4477353599015e-07
4427,0,0,4427,2.0048030542715e-17,3.7076053544866e-11,4.7087560567176e-17,-3.4144090387518e-21,0,3.7e-11,1,0.000181,4.8023012938716e-96,0.99906191743737,4.2819696772115e-07
4428,0,0,4428,2.0052133191175e-17,3.6570990803438e-11,9.1416356198511e-17,-4.1026484599902e-21,0,3.7e-11,1,0.000181,4.2938203962166e-96,0.98541096046455,3.9745326274749e-07
4429,0,0,4429,2.0056812975996e-17,3.7531425131007e-11,-1.7383861329009e-16,-4.6797848212139e-21,0,3.7e-11,1,0.000181,3.8390534986437e-96,1.0113679462052,4.575477802471e-07
4430,0,0,4430,2.0061950347325e-17,3.7023703583767e-11,9.1897600050584e-17,-5.1373713287709e-21,0,3.7e-11,1,0.000181,3.4323397724418e-96,0.99764497511041,4.2491843344732e-07
4431,0,0,4431,2.0067418629271e-17,3.7303832117372e-11,-5.0703264582556e-17,-5.468281946424e-21,0,3.7e-11,1,0.000181,3.0686135631193e-96,1.0052152000321,4.4267470739494e-07
4432,0,0,4432,2.0073085620146e-17,3.6291755867731e-11,1.83185801185e-16,-5.6669908744407e-21,0,3.7e-11,1,0.000181,2.7433419635341e-96,0.97786094168123,3.8123857033425e-07
4433,0,0,4433,2.0078815207202e-17,3.6266923663018e-11,4.4946290530516e-18,-5.7295870561567e-21,0,3.7e-11,1,0.000181,2.4524689191411e-96,0.97718894546798,3.7982191622326e-07
4434,0,0,4434,2.0084469188306e-17,3.6493106969919e-11,-4.0939178548984e-17,-5.6539811037284e-21,0,3.7e-11,1,0.000181,2.1923651835171e-96,0.98330116356084,3.9286664233207e-07
4435,0,0,4435,2.008990906145e-17,3.6832982519894e-11,-6.1517474545503e-17,-5.4398731446095e-21,0,3.7e-11,1,0.000181,1.9597835133196e-96,0.99248617695077,4.1315437459246e-07
4436,0,0,4436,2.0094997828299e-17,3.6728551849508e-11,1.8901951339856e-17,-5.0887668483916e-21,0,3.7e-11,1,0.000181,1.7518185554625e-96,0.98966296654212,4.0682967131924e-07
4437,0,0,4437,2.0099601798708e-17,3.683261636196e-11,-1.8835676753904e-17,-4.6039704097215e-21,0,3.7e-11,1,0.000181,1.5658709363046e-96,0.99247483346515,4.1312880289195e-07
4438,0,0,4438,2.0103592423132e-17,3.7788080606574e-11,-1.7293902827508e-16,-3.9906244241649e-21,0,3.7e-11,1,0.000181,1.3996151137304e-96,1.0182975955453,4.7478414565125e-07
4439,0,0,4439,2.010684805652e-17,3.7559193256501e-11,4.1428610363129e-17,-3.2556333875814e-21,0,3.7e-11,1,0.000181,1.2509705987867e-96,1.0121109648156,4.5937111972559e-07
4440,0,0,4440,2.0109255552879e-17,3.6850759663657e-11,1.2822648030488e-16,-2.4074963588779e-21,0,3.7e-11,1,0.000181,1.118076194548e-96,0.99296375146618,4.1423214576435e-07
4441,0,0,4441,2.011071188518e-17,3.7450285213036e-11,-1.0851412443758e-16,-1.456332301214e-21,0,3.7e-11,1,0.000181,9.9926693663741e-97,1.0091669272322,4.5218116159979e-07
4442,0,0,4442,2.0111125692771e-17,3.6790339990868e-11,1.1945008521238e-16,-4.1380759122434e-22,0,3.7e-11,1,0.000181,8.9305345275463e-97,0.99133050808635,4.1055576493038e-07
4443,0,0,4443,2.0110418568031e-17,3.7175227376772e-11,-6.9664616848595e-17,7.0712474061355e-22,0,3.7e-11,1,0.000181,7.9810348806041e-97,1.0017329754558,4.3443337294145e-07
4444,0,0,4444,2.0108526355215e-17,3.7476811319205e-11,-5.458669358037e-17,1.8922128154353e-21,0,3.7e-11,1,0.000181,7.1322536969711e-97,1.0098841753652,4.5392431861953e-07
4445,0,0,4445,2.0105400202185e-17,3.6878406965726e-11,1.0831118797965e-16,3.1261530305839e-21,0,3.7e-11,1,0.000181,6.3735320739829e-97,0.99371155152967,4.1592435535205e-07
4446,0,0,4446,2.0101007467284e-17,3.7261650216393e-11,-6.9367028370654e-17,4.3927349009001e-21,0,3.7e-11,1,0.000181,5.6953364835081e-97,1.0040701331491,4.3995074873809e-07
4447,0,0,4447,2.0095332570241e-17,3.7813241612165e-11,-9.9838042634737e-17,5.6748970428834e-21,0,3.7e-11,1,0.000181,5.089140234718e-97,1.0189788560895,4.7650685637233e-07
4448,0,0,4448,2.00883775652e-17,3.6786319776574e-11,1.8587285224194e-16,6.9550050410296e-21,0,3.7e-11,1,0.000181,4.5473173928212e-97,0.99122525040983,4.1031974873107e-07
4449,0,0,4449,2.008016251259e-17,3.6667644452265e-11,2.148023369993e-17,8.2150526098796e-21,0,3.7e-11,1,0.000181,4.0630478480235e-97,0.9880190358888,4.0318337159129e-07
4450,0,0,4450,2.0070725825776e-17,3.6624842578084e-11,7.7471392267652e-18,9.4366868139913e-21,0,3.7e-11,1,0.000181,3.6302323655197e-97,0.98686363757016,4.0063663520216e-07
4451,0,0,4451,2.0060124329598e-17,3.6682120102797e-11,-1.0367231973106e-17,1.060149617837e-20,0,3.7e-11,1,0.000181,3.2434165696311e-97,0.98841326180031,4.0405534089378e-07
4452,0,0,4452,2.0048433133717e-17,3.7426854724295e-11,-1.3479696649116e-16,1.1691195880561e-20,0,3.7e-11,1,0.000181,2.8977229247376e-97,1.0085429702798,4.5066917677907e-07
4453,0,0,4453,2.0035745319262e-17,3.7308009183659e-11,2.1511042855165e-17,1.2687814454575e-20,0,3.7e-11,1,0.000181,2.5887898737649e-97,1.0053328231929,4.4295529394884e-07
4454,0,0,4454,2.0022171349836e-17,3.6826430725149e-11,8.7165700990276e-17,1.3573969426961e-20,0,3.7e-11,1,0.000181,2.3127173828476e-97,0.99231921605228,4.1277812371451e-07
4455,0,0,4455,2.0007838368583e-17,3.7906594458371e-11,-1.9550963571318e-16,1.4332981252264e-20,0,3.7e-11,1,0.000181,2.0660182194784e-97,1.0215149706729,4.8296481954963e-07
4456,0,0,4456,1.9992889323328e-17,3.7618679019707e-11,5.211269439823e-17,1.4949045254868e-20,0,3.7e-11,1,0.000181,1.8455743619173e-97,1.0137357045309,4.6337881566837e-07
4457,0,0,4457,1.9977481708418e-17,3.6616020716937e-11,1.8148115280135e-16,1.540761491072e-20,0,3.7e-11,1,0.000181,1.6485980007427e-97,0.98663913215726,4.0014330425228e-07
4458,0,0,4458,1.996178624549e-17,3.7775509249625e-11,-2.0986742441659e-16,1.5695462927723e-20,0,3.7e-11,1,0.000181,1.4725966499271e-97,1.0179790037236,4.7398026367492e-07
4459,0,0,4459,1.9945985432081e-17,3.6994311433714e-11,1.4139680467988e-16,1.5800813408974e-20,0,3.7e-11,1,0.000181,1.3153419354247e-97,0.99686790862628,4.2312915846848e-07
4460,0,0,4460,1.9930271668714e-17,3.7007608872782e-11,-2.4068364712596e-18,1.571376336681e-20,0,3.7e-11,1,0.000181,1.1748416745594e-97,0.99722964525979,4.2396132820069e-07
4461,0,0,4461,1.9914845401421e-17,3.6162332981724e-11,1.5299493628159e-16,1.5426267293605e-20,0,3.7e-11,1,0.000181,1.0493149000737e-97,0.97438665436621,3.7396051328963e-07
4462,0,0,4462,1.9899913012825e-17,3.6417456142785e-11,-4.6177292152085e-17,1.4932388595253e-20,0,3.7e-11,1,0.000181,9.3716951901586e-98,0.98128410464853,3.8852207365626e-07
4463,0,0,4463,1.9885684665723e-17,3.7748479320148e-11,-2.4091519510268e-16,1.4228347102588e-20,0,3.7e-11,1,0.000181,8.3698232916478e-98,1.0172598286219,4.7216969550864e-07
4464,0,0,4464,1.9872371930606e-17,3.682053691902e-11,1.6795757460404e-16,1.3312735116631e-20,0,3.7e-11,1,0.000181,7.4748114480576e-98,0.99218229213261,4.1246977052189e-07
4465,0,0,4465,1.986018521508e-17,3.7155360874997e-11,-6.0603136031803e-17,1.2186715525787e-20,0,3.7e-11,1,0.000181,6.6752880973474e-98,1.0012334079677,4.3326138436392e-07
4466,0,0,4466,1.9849331352974e-17,3.6745311695513e-11,7.4218901486674e-17,1.0853862106462e-20,0,3.7e-11,1,0.000181,5.9610889870378e-98,0.99015261841643,4.079209188394e-07
4467,0,0,4467,1.9840011007514e-17,3.6285197159989e-11,8.3280730929848e-17,9.3203454600367e-21,0,3.7e-11,1,0.000181,5.3231292940854e-98,0.97771848214879,3.8093788813465e-07
4468,0,0,4468,1.983241613691e-17,3.6144349149935e-11,2.5493489819773e-17,7.5948706042096e-21,0,3.7e-11,1,0.000181,4.7532892581779e-98,0.97391291324493,3.7297694277834e-07
4469,0,0,4469,1.982672752097e-17,3.7087810687264e-11,-1.7076653825654e-16,5.6886159400491e-21,0,3.7e-11,1,0.000181,4.2443119038401e-98,0.99941272314077,4.2901184208979e-07
4470,0,0,4470,1.9823112339757e-17,3.6564736378118e-11,9.4676449955332e-17,3.6151812122731e-21,0,3.7e-11,1,0.000181,3.7897115765577e-98,0.98527611947135,3.9715882358408e-07
4471,0,0,4471,1.9821721778846e-17,3.7634328795787e-11,-1.9359622759809e-16,1.3905609110966e-21,0,3.7e-11,1,0.000181,3.3836921522441e-98,1.014184230291,4.6449018704309e-07
4472,0,0,4472,1.982268894666e-17,3.7520232205703e-11,2.0651482805174e-17,-9.6716781348766e-22,0,3.7e-11,1,0.000181,3.0210738994016e-98,1.011100394249,4.5689266469785e-07
4473,0,0,4473,1.9826126795135e-17,3.6168668762087e-11,2.4463298329462e-16,-3.4378484757124e-21,0,3.7e-11,1,0.000181,2.6972280807641e-98,0.97457113918808,3.743441081256e-07
4474,0,0,4474,1.9832126360831e-17,3.7021607701742e-11,-1.5438194807758e-16,-5.999565695277e-21,0,3.7e-11,1,0.000181,2.4080184773626e-98,0.99762264710384,4.2486693499244e-07
4475,0,0,4475,1.9840755380417e-17,3.7491759211849e-11,-8.5097423329375e-17,-8.629019586222e-21,0,3.7e-11,1,0.000181,2.1497491039996e-98,1.010328156184,4.5500608574043e-07
4476,0,0,4476,1.9852056942656e-17,3.6409214877956e-11,1.959405244347e-16,-1.1301562239028e-20,0,3.7e-11,1,0.000181,1.9191174621395e-98,0.98106851365795,3.8806003634783e-07
4477,0,0,4477,1.986604847819e-17,3.6941508640715e-11,-9.6345171059387e-17,-1.3991535533975e-20,0,3.7e-11,1,0.000181,1.7131727451306e-98,0.995452742346,4.1988637539154e-07
4478,0,0,4478,1.9882721219857e-17,3.7050221446617e-11,-1.9677017868428e-17,-1.6672741666879e-20,0,3.7e-11,1,0.000181,1.529278472353e-98,0.99838843670568,4.2663609970024e-07
4479,0,0,4479,1.990203980113e-17,3.6347009381799e-11,1.2728138373207e-16,-1.9318581273546e-20,0,3.7e-11,1,0.000181,1.365079084069e-98,0.97937982056213,3.8445643958002e-07
4480,0,0,4480,1.9923942236194e-17,3.7594430291372e-11,-2.2578318463256e-16,-2.190243506397e-20,0,3.7e-11,1,0.000181,1.2184700781403e-98,1.0130906287147,4.6178422859959e-07
4481,0,0,4481,1.9948340334013e-17,3.777202638443e-11,-3.2144892843649e-17,-2.4398097818822e-20,0,3.7e-11,1,0.000181,1.0875713139569e-98,1.0178868799833,4.7374802080708e-07
4482,0,0,4482,1.9975120240789e-17,3.716251277698e-11,1.1032196294851e-16,-2.6779906775784e-20,0,3.7e-11,1,0.000181,9.7070314846462e-99,1.0014095404498,4.3367429772e-07
4483,0,0,4483,2.0004143403106e-17,3.6247619702141e-11,1.655956465458e-16,-2.9023162317417e-20,0,3.7e-11,1,0.000181,8.6636510454615e-99,0.97667836683358,3.7874842301327e-07
4484,0,0,4484,2.0035247912086e-17,3.6363545534393e-11,-2.0982575637583e-17,-3.1104508979328e-20,0,3.7e-11,1,0.000181,7.7321680366501e-99,0.97980685289131,3.8536511957349e-07
4485,0,0,4485,2.0068250168204e-17,3.6174266051062e-11,3.4259586482903e-17,-3.3002256118246e-20,0,3.7e-11,1,0.000181,6.9006092299234e-99,0.97468626326326,3.7458364535782e-07
4486,0,0,4486,2.0102946743843e-17,3.6401067774034e-11,-4.1051111857937e-17,-3.4696575639427e-20,0,3.7e-11,1,0.000181,6.158279625715e-99,0.98081085864661,3.8750843854936e-07
4487,0,0,4487,2.0139116582388e-17,3.7467875331584e-11,-1.930921679165e-16,-3.6169838545086e-20,0,3.7e-11,1,0.000181,5.4956263073487e-99,1.0096380944355,4.5332564190894e-07
4488,0,0,4488,2.0176523420119e-17,3.6978565527848e-11,8.8565074476176e-17,-3.7406837730373e-20,0,3.7e-11,1,0.000181,4.9041167626176e-99,0.99640791953418,4.2207288442674e-07
4489,0,0,4489,2.0214918343442e-17,3.7525879512984e-11,-9.9063831309519e-17,-3.8394923322901e-20,0,3.7e-11,1,0.000181,4.3761301390038e-99,1.0111944562501,4.5712289340314e-07
4490,0,0,4490,2.0254042672577e-17,3.6320402514698e-11,2.1819133668975e-16,-3.9124329135467e-20,0,3.7e-11,1,0.000181,3.9048600609882e-99,0.97860815476896,3.8281884664515e-07
4491,0,0,4491,2.0293630854414e-17,3.6289223641242e-11,5.643376095497e-18,-3.9588181837021e-20,0,3.7e-11,1,0.000181,3.4842277830066e-99,0.97775957118268,3.8102459285135e-07
4492,0,0,4492,2.0333413633746e-17,3.7297958373425e-11,-1.8258098652517e-16,-3.9782779331895e-20,0,3.7e-11,1,0.000181,3.1088045813938e-99,1.0050167316644,4.4220159556245e-07
4493,0,0,4493,2.0373121165989e-17,3.6622173437226e-11,1.2231707345205e-16,-3.9707532242952e-20,0,3.7e-11,1,0.000181,2.773742404746e-99,0.98674634477706,4.0037883275376e-07
4494,0,0,4494,2.0412486038551e-17,3.7106548141782e-11,-8.7671821524659e-17,-3.9364872561992e-20,0,3.7e-11,1,0.000181,2.4747119059552e-99,0.99983167502225,4.2998666705219e-07
4495,0,0,4495,2.0451246444482e-17,3.7538195772131e-11,-7.8128221093193e-17,-3.8760405930641e-20,0,3.7e-11,1,0.000181,2.2078470720343e-99,1.0114920394671,4.5785188924283e-07
4496,0,0,4496,2.0489149142146e-17,3.7377297622463e-11,2.9122565090061e-17,-3.7902697664096e-20,0,3.7e-11,1,0.000181,1.9696957508937e-99,1.0071377811742,4.4727918574414e-07
4497,0,0,4497,2.0525952272013e-17,3.6862512875611e-11,9.317603918012e-17,-3.6803129866898e-20,0,3.7e-11,1,0.000181,1.7571754485045e-99,0.99321918444282,4.1480953697849e-07
4498,0,0,4498,2.0561428063638e-17,3.7867386566266e-11,-1.8188213800848e-16,-3.5475791625602e-20,0,3.7e-11,1,0.000181,1.5675338362992e-99,1.0203726355727,4.8004720263523e-07
4499,0,0,4499,2.0595365360926e-17,3.7610176729284e-11,4.6554980493632e-17,-3.3937297287474e-20,0,3.7e-11,1,0.000181,1.3983134680558e-99,1.0134159508197,4.6258784431365e-07
4500,0,0,4500,2.0627571728541e-17,3.6682103279556e-11,1.6798129440085e-16,-3.2206367615646e-20,0,3.7e-11,1,0.000181,1.247320258623e-99,0.98832807553697,4.0386679139756e-07
4501,0,0,4501,2.0657875408635e-17,3.6785599559597e-11,-1.8732826687472e-17,-3.0303680093604e-20,0,3.7e-11,1,0.000181,1.1125953243342e-99,0.99112074733141,4.1008553399462e-07
4502,0,0,4502,2.0686127057978e-17,3.7790646420033e-11,-1.8191348173893e-16,-2.8251649342962e-20,0,3.7e-11,1,0.000181,9.9238982742537e-100,1.0182799574389,4.7473961151891e-07
4503,0,0,4503,2.0712201068215e-17,3.7305121501042e-11,8.7880010337354e-17,-2.6074010236907e-20,0,3.7e-11,1,0.000181,8.8514250473797e-100,1.0051537689444,4.4252822297802e-07
4504,0,0,4504,2.0735996483868e-17,3.7277570945545e-11,4.9866505449859e-18,-2.3795415652958e-20,0,3.7e-11,1,0.000181,7.8945959493894e-100,1.0044056061908,4.4074737413298e-07
4505,0,0,4505,2.0757437744273e-17,3.622236882147e-11,1.9099158445759e-16,-2.1441260404888e-20,0,3.7e-11,1,0.000181,7.0409690883994e-100,0.97588342824277,3.7708198705151e-07
4506,0,0,4506,2.077647504585e-17,3.7584420087626e-11,-2.4653127917429e-16,-1.9037301577625e-20,0,3.7e-11,1,0.000181,6.2794381453463e-100,1.0126927819642,4.6080300893451e-07
4507,0,0,4507,2.0793084499887e-17,3.7555803166556e-11,5.1796627137006e-18,-1.6609454037156e-20,0,3.7e-11,1,0.000181,5.6000893333198e-100,1.0119168715315,4.5889425153824e-07
4508,0,0,4508,2.0807267734135e-17,3.7202178394954e-11,6.4006083659901e-17,-1.4183234247872e-20,0,3.7e-11,1,0.000181,4.9940736415171e-100,1.0023573274231,4.3590173941187e-07
4509,0,0,4509,2.0819051346342e-17,3.7567625729738e-11,-6.6145967595843e-17,-1.1783612207073e-20,0,3.7e-11,1,0.000181,4.4534927343501e-100,1.0122325228813,4.5966998169208e-07
4510,0,0,4510,2.0828486094969e-17,3.7221196302393e-11,6.2703726349433e-17,-9.4347486267354e-21,0,3.7e-11,1,0.000181,3.9712970495531e-100,1.0028681565833,4.3710612766428e-07
4511,0,0,4511,2.0835645723405e-17,3.7855688574322e-11,-1.1484310121903e-16,-7.1596284358229e-21,0,3.7e-11,1,0.000181,3.5411947940521e-100,1.0200155272852,4.7913807331166e-07
4512,0,0,4512,2.0840625592594e-17,3.7020432755477e-11,1.5118130321094e-16,-4.9798691893623e-21,0,3.7e-11,1,0.000181,3.1575706748386e-100,0.99744030209775,4.2444655560501e-07
4513,0,0,4513,2.0843540943155e-17,3.6344982329937e-11,1.2225652702257e-16,-2.9153505604823e-21,0,3.7e-11,1,0.000181,2.8154133258621e-100,0.97918444986942,3.8404129411948e-07
4514,0,0,4514,2.0844525067854e-17,3.6598818187792e-11,-4.5944290271646e-17,-9.8412469886129e-22,0,3.7e-11,1,0.000181,2.510250502589e-100,0.98604473151,3.9883955214195e-07
4515,0,0,4515,2.0843727261276e-17,3.7212781960625e-11,-1.1112744288272e-16,7.9780657814872e-22,0,3.7e-11,1,0.000181,2.2380912147465e-100,1.0026384661209,4.3656424835051e-07
4516,0,0,4516,2.0841310498309e-17,3.7533315718877e-11,-5.8016610243595e-17,2.4167629666638e-21,0,3.7e-11,1,0.000181,1.9953740561506e-100,1.0113019015407,4.5738599513733e-07
4517,0,0,4517,2.0837448938555e-17,3.7809708128126e-11,-5.0027026074201e-17,3.861559753699e-21,0,3.7e-11,1,0.000181,1.7789210694854e-100,1.018772543266,4.759846138502e-07
4518,0,0,4518,2.0832325332808e-17,3.7563788413044e-11,4.4511468429837e-17,5.1236057470356e-21,0,3.7e-11,1,0.000181,1.5858965544905e-100,1.0121268295398,4.5941011565433e-07
4519,0,0,4519,2.082612832282e-17,3.772491698342e-11,-2.9164271237944e-17,6.1970099885775e-21,0,3.7e-11,1,0.000181,1.4137702910831e-100,1.0164825811074,4.7021927100265e-07
4520,0,0,4520,2.0819049706097e-17,3.6349285099697e-11,2.4898937095375e-16,7.0786167222718e-21,0,3.7e-11,1,0.000181,1.2602847053079e-100,0.97930439799001,3.8429612993832e-07
4521,0,0,4521,2.0811281624338e-17,3.7105924095723e-11,-1.3695165828061e-16,7.7680817594157e-21,0,3.7e-11,1,0.000181,1.1234255563775e-100,0.99975526051986,4.2980872984786e-07
4522,0,0,4522,2.0803013946913e-17,3.7488106816084e-11,-6.917507238544e-17,8.2676774245395e-21,0,3.7e-11,1,0.000181,1.0013957680685e-100,1.0100857577668,4.5441521749916e-07
4523,0,0,4523,2.0794431500468e-17,3.6524718626879e-11,1.7437326224613e-16,8.5824464454459e-21,0,3.7e-11,1,0.000181,8.9259206795726e-101,0.98404952067562,3.9448857709825e-07
4524,0,0,4524,2.078571145665e-17,3.6658805969014e-11,-2.4269808926415e-17,8.7200438180386e-21,0,3.7e-11,1,0.000181,7.9558413390852e-101,0.98767480497759,4.0242323914344e-07
4525,0,0,4525,2.077702103414e-17,3.7322594555941e-11,-1.2014573423383e-16,8.6904225102285e-21,0,3.7e-11,1,0.000181,7.0909597933518e-101,1.0056163347157,4.4363219828628e-07
4526,0,0,4526,2.0768515282513e-17,3.7184424634312e-11,2.5008755814896e-17,8.505751626455e-21,0,3.7e-11,1,0.000181,6.3198933743111e-101,1.0018832825934,4.3478649986868e-07
4527,0,0,4527,2.0760335055109e-17,3.6986737681365e-11,3.5781338483339e-17,8.1802274037532e-21,0,3.7e-11,1,0.000181,5.6324883020456e-101,0.99654161344961,4.2237966420399e-07
4528,0,0,4528,2.075260533677e-17,3.6361512270426e-11,1.1316579937999e-16,7.729718339224e-21,0,3.7e-11,1,0.000181,5.0196873103339e-101,0.97964478357628,3.8502004712425e-07
4529,0,0,4529,2.0745433860954e-17,3.6401598709354e-11,-7.2556454459652e-18,7.171475816269e-21,0,3.7e-11,1,0.000181,4.4734114991615e-101,0.98072927169362,3.87333907375e-07
4530,0,0,4530,2.0738910093145e-17,3.6970527279174e-11,-1.0297607113739e-16,6.5237678090829e-21,0,3.7e-11,1,0.000181,3.9864548886327e-101,0.99610669365945,4.2138234440443e-07
4531,0,0,4531,2.0733104492047e-17,3.6845026379466e-11,2.2715662847194e-17,5.8056010981179e-21,0,3.7e-11,1,0.000181,3.5523903119351e-101,0.99271564434691,4.1367194175346e-07
4532,0,0,4532,2.0728068058999e-17,3.6182604382804e-11,1.1989838139576e-16,5.0364330474901e-21,0,3.7e-11,1,0.000181,3.1654854307991e-101,0.974813099183,3.7484769595458e-07
4533,0,0,4533,2.0723832307869e-17,3.7072077561274e-11,-1.6099464530298e-16,4.235751130223e-21,0,3.7e-11,1,0.000181,2.8206277871198e-101,0.99885354730217,4.2771354969839e-07
4534,0,0,4534,2.0720409619095e-17,3.6718484541721e-11,6.4000336539048e-17,3.4226887743839e-21,0,3.7e-11,1,0.000181,2.5132579207204e-101,0.98929749028406,4.060167162418e-07
4535,0,0,4535,2.0717793745094e-17,3.7028523715868e-11,-5.6117090520582e-17,2.6158740001951e-21,0,3.7e-11,1,0.000181,2.2393096871354e-101,0.99767731802702,4.2499303982791e-07
4536,0,0,4536,2.0715960755565e-17,3.7553457671858e-11,-9.5013046034192e-17,1.832989529505e-21,0,3.7e-11,1,0.000181,1.9951570020724e-101,1.011864995946,4.587668666843e-07
4537,0,0,4537,2.0714870178363e-17,3.6944069673567e-11,1.1029922769069e-16,1.0905772023578e-21,0,3.7e-11,1,0.000181,1.7775663220913e-101,0.99539521289192,4.1975497939562e-07
4538,0,0,4538,2.0714466346507e-17,3.7403969951383e-11,-8.324195028483e-17,4.0383185599594e-22,0,3.7e-11,1,0.000181,1.5836542450472e-101,1.0078250104306,4.4893450535573e-07
4539,0,0,4539,2.0714680066608e-17,3.7120137713801e-11,5.1373635002451e-17,-2.1372010191442e-22,0,3.7e-11,1,0.000181,1.4108496799411e-101,1.0001538369615,4.3073750710197e-07
4540,0,0,4540,2.0715430336863e-17,3.7349913926662e-11,-4.1589494527847e-17,-7.5027025412936e-22,0,3.7e-11,1,0.000181,1.256860094848e-101,1.0063638928459,4.454210924312e-07
4541,0,0,4541,2.0716626282118e-17,3.764249105573e-11,-5.2956460361374e-17,-1.1959452554306e-21,0,3.7e-11,1,0.000181,1.1196414043039e-101,1.0142712042415,4.6470594522127e-07
4542,0,0,4542,2.071816913557e-17,3.7174628827937e-11,8.4683063230479e-17,-1.5428534520741e-21,0,3.7e-11,1,0.000181,9.9737110459852e-102,1.0016260487862,4.3418230511649e-07
4543,0,0,4543,2.0719954259897e-17,3.632502312756e-11,1.5377863176837e-16,-1.7851243267642e-21,0,3.7e-11,1,0.000181,8.8842430745309e-102,0.97866346600394,3.8293603600502e-07
4544,0,0,4544,2.0721873265553e-17,3.6203753254528e-11,2.1949847018754e-17,-1.9190056561218e-21,0,3.7e-11,1,0.000181,7.9135236008691e-102,0.97538561532089,3.7604146552301e-07
4545,0,0,4545,2.0723816163069e-17,3.6460295659065e-11,-4.6434175221189e-17,-1.9428975164503e-21,0,3.7e-11,1,0.000181,7.0486377318762e-102,0.98231890370728,3.907460196998e-07
4546,0,0,4546,2.0725673424043e-17,3.6983814151588e-11,-9.4756847146622e-17,-1.8572609734431e-21,0,3.7e-11,1,0.000181,6.2780720821536e-102,0.99646777482654,4.2221020847223e-07
4547,0,0,4547,2.0727337979583e-17,3.7778331969166e-11,-1.4380772498166e-16,-1.6645555400495e-21,0,3.7e-11,1,0.000181,5.5915630218248e-102,1.0179409808033,4.7388439709181e-07
4548,0,0,4548,2.0728707131993e-17,3.7924172090287e-11,-2.6397061922985e-17,-1.3691524102029e-21,0,3.7e-11,1,0.000181,4.9799613189822e-102,1.0218824012558,4.8390633423071e-07
4549,0,0,4549,2.0729684324142e-17,3.7412853705013e-11,9.2548627734686e-17,-9.7719214893267e-22,0,3.7e-11,1,0.000181,4.435111409562e-102,1.0080628395226,4.4950852301162e-07
4550,0,0,4550,2.0730180818881e-17,3.6784241816804e-11,1.1377875176574e-16,-4.9649473890664e-22,0,3.7e-11,1,0.000181,3.9497437174987e-102,0.99107325489364,4.0997912886751e-07
4551,0,0,4551,2.0730117276419e-17,3.7470942499085e-11,-1.2429282349285e-16,6.3542461897893e-23,0,3.7e-11,1,0.000181,3.5173786176655e-102,1.0096327422813,4.5331262810554e-07
4552,0,0,4552,2.0729425163061e-17,3.7090264668199e-11,6.8902687390436e-17,6.9211335801899e-22,0,3.7e-11,1,0.000181,3.1322407855676e-102,0.99934425560414,4.2885270200766e-07
4553,0,0,4553,2.0728047834897e-17,3.7028370432928e-11,1.1202856583974e-17,1.3773281637957e-21,0,3.7e-11,1,0.000181,2.7891828129497e-102,0.99767164409812,4.2497995083267e-07
4554,0,0,4554,2.0725941539818e-17,3.7304890434528e-11,-5.0050120289517e-17,2.1062950794223e-21,0,3.7e-11,1,0.000181,2.4836170891538e-102,1.0051454721681,4.4250844207618e-07
4555,0,0,4555,2.0723076165652e-17,3.7079390461752e-11,4.0815495072378e-17,2.8653741653697e-21,0,3.7e-11,1,0.000181,2.211455055779e-102,0.99905130616866,4.2817233885231e-07
4556,0,0,4556,2.071943571107e-17,3.6852074548855e-11,4.1144180234379e-17,3.6404545819666e-21,0,3.7e-11,1,0.000181,1.9690530383309e-102,0.99290817644194,4.1410660853029e-07
4557,0,0,4557,2.0715018573111e-17,3.7254260507273e-11,-7.2795658473575e-17,4.4171379590141e-21,0,3.7e-11,1,0.000181,1.753163944359e-102,1.0037787267796,4.39259718678e-07
4558,0,0,4558,2.0709837593399e-17,3.7518265819678e-11,-4.778496154534e-17,5.1809797126505e-21,0,3.7e-11,1,0.000181,1.5608941941573e-102,1.0109147791202,4.5643862542754e-07
4559,0,0,4559,2.0703919796385e-17,3.7610318410805e-11,-1.6661518993978e-17,5.9177970142328e-21,0,3.7e-11,1,0.000181,1.3896653184533e-102,1.0134035706375,4.6255724173953e-07
4560,0,0,4560,2.0697305905959e-17,3.7725432587657e-11,-2.0835666010171e-17,6.613890425717e-21,0,3.7e-11,1,0.000181,1.2371797185021e-102,1.0165157521965,4.70302376099e-07
4561,0,0,4561,2.0690049645894e-17,3.7880815321382e-11,-2.8124274804254e-17,7.2562600645433e-21,0,3.7e-11,1,0.000181,1.1013901384336e-102,1.0207163690495,4.8092361021081e-07
4562,0,0,4562,2.0682216805977e-17,3.7462654765907e-11,7.5687060540948e-17,7.8328399168988e-21,0,3.7e-11,1,0.000181,9.8047244827435e-103,1.0094159020193,4.5278563547003e-07
4563,0,0,4563,2.0673884077572e-17,3.6170445556137e-11,2.338898669683e-16,8.3327284051045e-21,0,3.7e-11,1,0.000181,8.728013794102e-103,0.9744925730302,3.74180708209e-07
4564,0,0,4564,2.066513775732e-17,3.6540090181426e-11,-6.6905677177177e-17,8.7463202524917e-21,0,3.7e-11,1,0.000181,7.7692889292788e-103,0.98448427431398,3.9543333485344e-07
4565,0,0,4565,2.0656072401376e-17,3.7145480290332e-11,-1.0957560971209e-16,9.0653559435818e-21,0,3.7e-11,1,0.000181,6.915648957886e-103,1.0008475227936,4.3235786103714e-07
4566,0,0,4566,2.0646789196713e-17,3.6257168665633e-11,1.6078440407051e-16,9.2832046635518e-21,0,3.7e-11,1,0.000181,6.1556005057455e-103,0.97684048667805,3.7908901211877e-07
4567,0,0,4567,2.0637394253884e-17,3.7455629356277e-11,-2.1692138500651e-16,9.3949428288438e-21,0,3.7e-11,1,0.000181,5.4789045202403e-103,1.0092327190133,4.5234083028997e-07
4568,0,0,4568,2.0627997021901e-17,3.6627619784272e-11,1.4986973253293e-16,9.3972319827416e-21,0,3.7e-11,1,0.000181,4.8764396808099e-103,0.98685548513234,4.0061871226254e-07
4569,0,0,4569,2.061870846297e-17,3.6921254257527e-11,-5.314783965912e-17,9.2885589308793e-21,0,3.7e-11,1,0.000181,4.3400806505363e-103,0.99479293895018,4.1838141061069e-07
4570,0,0,4570,2.0609639466514e-17,3.7261469592938e-11,-6.1578975709409e-17,9.0689964564575e-21,0,3.7e-11,1,0.000181,3.8625895598518e-103,1.0039893022033,4.3975898051654e-07
4571,0,0,4571,2.0600899202453e-17,3.7103003639836e-11,2.8682337511314e-17,8.7402640603299e-21,0,3.7e-11,1,0.000181,3.4375192874435e-103,0.99970774370732,4.2969811347389e-07
4572,0,0,4572,2.059259353782e-17,3.652380384702e-11,1.0483516249974e-16,8.3056646335944e-21,0,3.7e-11,1,0.000181,3.0591272586913e-103,0.98405493545958,3.9450033256946e-07
4573,0,0,4573,2.0584823616473e-17,3.7106246979538e-11,-1.054222069857e-16,7.7699213467437e-21,0,3.7e-11,1,0.000181,2.7222986204663e-103,0.9997978019531,4.2990778352561e-07
4574,0,0,4574,2.0577684598932e-17,3.6505504411337e-11,1.087344048444e-16,7.1390175412636e-21,0,3.7e-11,1,0.000181,2.4224777746654e-103,0.98356258232836,3.9343260323185e-07
4575,0,0,4575,2.0571264427472e-17,3.7349504882385e-11,-1.5276408525966e-16,6.420171459771e-21,0,3.7e-11,1,0.000181,2.1556073630503e-103,1.006374364534,4.4544619271096e-07
4576,0,0,4576,2.0565642870065e-17,3.6327188289227e-11,1.850393033615e-16,5.6215574069031e-21,0,3.7e-11,1,0.000181,1.9180738942522e-103,0.97874502575482,3.8310889214525e-07
4577,0,0,4577,2.0560890573488e-17,3.6972722598692e-11,-1.1684171001306e-16,4.7522965775888e-21,0,3.7e-11,1,0.000181,1.7066592914729e-103,0.99619260859933,4.2157920464861e-07
4578,0,0,4578,2.0557068477515e-17,3.7209050596467e-11,-4.277536759741e-17,3.8220959727638e-21,0,3.7e-11,1,0.000181,1.5184977176006e-103,1.0025804225001,4.364274001946e-07
4579,0,0,4579,2.0554227219193e-17,3.7000203912663e-11,3.7801249768586e-17,2.8412583216968e-21,0,3.7e-11,1,0.000181,1.3510371041989e-103,0.99693634179077,4.232864857132e-07
4580,0,0,4580,2.0552406730401e-17,3.673935270544e-11,4.7214068507377e-17,1.8204887919408e-21,0,3.7e-11,1,0.000181,1.2020048730173e-103,0.98988658099959,4.0732772709183e-07
4581,0,0,4581,2.0551636038112e-17,3.7422496727514e-11,-1.2364906799547e-16,7.7069228869191e-22,0,3.7e-11,1,0.000181,1.0693773941377e-103,1.0083500480278,4.502025189899e-07
4582,0,0,4582,2.0551933209155e-17,3.775839345226e-11,-6.0797307179024e-17,-2.9717104226807e-22,0,3.7e-11,1,0.000181,9.5135277433239e-104,1.017428293512,4.7259330975609e-07
4583,0,0,4583,2.0553305329492e-17,3.7769812161539e-11,-2.0667863795128e-18,-1.3721203372202e-21,0,3.7e-11,1,0.000181,8.4632661331645e-104,1.0177367023905,4.7336962377215e-07
4584,0,0,4584,2.0555748619094e-17,3.6377730028269e-11,2.5196686612203e-16,-2.4432896024477e-21,0,3.7e-11,1,0.000181,7.5287040490868e-104,0.98011249611729,3.8601657087379e-07
4585,0,0,4585,2.0559248654707e-17,3.6359794451301e-11,3.2463394311759e-18,-3.5000356125201e-21,0,3.7e-11,1,0.000181,6.6971229518736e-104,0.97962722816645,3.8498268387325e-07
4586,0,0,4586,2.0563780816413e-17,3.7248046165324e-11,-1.6077356023823e-16,-4.5321617062088e-21,0,3.7e-11,1,0.000181,5.9571994099742e-104,1.0036333545031,4.3891531936295e-07
4587,0,0,4587,2.0569310661118e-17,3.622372518236e-11,1.8540209791645e-16,-5.5298447049652e-21,0,3.7e-11,1,0.000181,5.2988524004938e-104,0.9759481778925,3.7721749820383e-07
4588,0,0,4588,2.0575794281552e-17,3.7318942282906e-11,-1.9823429519876e-16,-6.483620433612e-21,0,3.7e-11,1,0.000181,4.7131072871012e-104,1.0055476719314,4.4346818356195e-07
4589,0,0,4589,2.0583178939635e-17,3.7633633801417e-11,-5.6959164850556e-17,-7.3846580835141e-21,0,3.7e-11,1,0.000181,4.1919746574997e-104,1.0140517454258,4.6416168591746e-07
4590,0,0,4590,2.0591403505837e-17,3.6920648610107e-11,1.290503196272e-16,-8.2245662014514e-21,0,3.7e-11,1,0.000181,3.7283424007157e-104,0.99478064729334,4.1835341600078e-07
4591,0,0,4591,2.0600398997414e-17,3.7163799697143e-11,-4.4010346753632e-17,-8.9954915775343e-21,0,3.7e-11,1,0.000181,3.3158795806243e-104,1.0013509550822,4.3353691845761e-07
4592,0,0,4592,2.0610089232209e-17,3.6800316914614e-11,6.5790383637794e-17,-9.6902347947289e-21,0,3.7e-11,1,0.000181,2.9489508191816e-104,0.99152564914334,4.1099361682227e-07
4593,0,0,4593,2.0620391378894e-17,3.7617473511392e-11,-1.479053440168e-16,-1.0302146684892e-20,0,3.7e-11,1,0.000181,2.6225400428376e-104,1.0136094242471,4.6306630582698e-07
4594,0,0,4594,2.063121657122e-17,3.6977174717118e-11,1.1589408176366e-16,-1.0825192326189e-20,0,3.7e-11,1,0.000181,2.3321825704001e-104,0.99630243500479,4.2183096335263e-07
4595,0,0,4595,2.0642470390111e-17,3.7132227040043e-11,-2.8064470449436e-17,-1.1253818890728e-20,0,3.7e-11,1,0.000181,2.0739046318721e-104,1.0004913579002,4.3152528960518e-07
4596,0,0,4596,2.0654053465641e-17,3.6322709322951e-11,1.4652270679371e-16,-1.1583075530672e-20,0,3.7e-11,1,0.000181,1.8441695069411e-104,0.9786107710898,3.8282438925358e-07
4597,0,0,4597,2.0665861966205e-17,3.7105592289095e-11,-1.417018168721e-16,-1.180850056347e-20,0,3.7e-11,1,0.000181,1.6398295601861e-104,0.99976800692249,4.2983840668039e-07
4598,0,0,4598,2.0677788171177e-17,3.7833577562629e-11,-1.317653345098e-16,-1.1926204972282e-20,0,3.7e-11,1,0.000181,1.4580835288477e-104,1.0194415037576,4.7767966147833e-07
4599,0,0,4599,2.0689720849087e-17,3.6562946582974e-11,2.2998420731757e-16,-1.1932677910225e-20,0,3.7e-11,1,0.000181,1.2964384892131e-104,0.98509834413458,3.967709046973e-07
4600,0,0,4600,2.0701545607969e-17,3.7105142818553e-11,-9.8137518639736e-17,-1.1824758881404e-20,0,3.7e-11,1,0.000181,1.1526759902533e-104,0.99975053076753,4.2979771821934e-07
4601,0,0,4601,2.0713145433701e-17,3.7692143677706e-11,-1.062471555066e-16,-1.1599825732029e-20,0,3.7e-11,1,0.000181,1.0248218989098e-104,1.0156136867599,4.6804664966419e-07
4602,0,0,4602,2.0724401000355e-17,3.6866632671631e-11,1.494174920995e-16,-1.125556665449e-20,0,3.7e-11,1,0.000181,9.1111955113471e-105,0.99330089779974,4.1499438368732e-07
4603,0,0,4603,2.0735190969143e-17,3.7649187410613e-11,-1.4164240775575e-16,-1.0789968787583e-20,0,3.7e-11,1,0.000181,8.1000584707574e-105,1.0144494147158,4.6514829109422e-07
4604,0,0,4604,2.0745392440528e-17,3.7008009180292e-11,1.1605325968817e-16,-1.0201471385348e-20,0,3.7e-11,1,0.000181,7.2008996826687e-105,0.99711875006604,4.2370607375206e-07
4605,0,0,4605,2.0754881228509e-17,3.6551777456455e-11,8.2577942014409e-17,-9.4887879802556e-21,0,3.7e-11,1,0.000181,6.4013442985552e-105,0.98478674606389,3.9609172004345e-07
4606,0,0,4606,2.0763532317756e-17,3.7472017272297e-11,-1.6656340666739e-16,-8.6510892471467e-21,0,3.7e-11,1,0.000181,5.6903821223621e-105,1.0096568006522,4.5337112860973e-07
4607,0,0,4607,2.077122035144e-17,3.6726475847319e-11,1.3494299792106e-16,-7.688033684222e-21,0,3.7e-11,1,0.000181,5.0582174438415e-105,0.98950588442784,4.0648009982626e-07
4608,0,0,4608,2.0777820043514e-17,3.765900877868e-11,-1.6878846057636e-16,-6.5996920743591e-21,0,3.7e-11,1,0.000181,4.4961353606291e-105,1.0147084916974,4.6579197238423e-07
4609,0,0,4609,2.0783206858749e-17,3.7117869032294e-11,9.7946294095924e-17,-5.3868152348232e-21,0,3.7e-11,1,0.000181,3.9963827824841e-105,1.000082288784,4.3057066255198e-07
4610,0,0,4610,2.0787257607573e-17,3.7480903981492e-11,-6.5709325804943e-17,-4.0507488237472e-21,0,3.7e-11,1,0.000181,3.552062508615e-105,1.0098934393075,4.5394686893777e-07
4611,0,0,4611,2.0789851292594e-17,3.7119230730077e-11,6.5462858506113e-17,-2.5936850211589e-21,0,3.7e-11,1,0.000181,3.1570389449742e-105,1.000118099276,4.306541631285e-07
4612,0,0,4612,2.0790869956965e-17,3.6344174022626e-11,1.4028526404868e-16,-1.0186643710299e-21,0,3.7e-11,1,0.000181,2.8058541851657e-105,0.97917046858867,3.8401159915315e-07
4613,0,0,4613,2.0790199710985e-17,3.6909577389353e-11,-1.0233800937755e-16,6.7024597982135e-22,0,3.7e-11,1,0.000181,2.4936533182597e-105,0.99445174074389,4.1760488867614e-07
4614,0,0,4614,2.0787731910724e-17,3.629581318392e-11,1.1109132118327e-16,2.4678002614203e-21,0,3.7e-11,1,0.000181,2.2161179512116e-105,0.97786388746884,3.8124478990206e-07
4615,0,0,4615,2.0783364307622e-17,3.759058407372e-11,-2.3435353105366e-16,4.3676031017871e-21,0,3.7e-11,1,0.000181,1.9694070444029e-105,1.0128583474743,4.6121114067773e-07
4616,0,0,4616,2.0777002421746e-17,3.6772553049107e-11,1.4806361545489e-16,6.3618858755948e-21,0,3.7e-11,1,0.000181,1.7501042575373e-105,0.99075035082374,4.0925627039232e-07
4617,0,0,4617,2.07685607691e-17,3.6277188276958e-11,8.9661023758963e-17,8.4416526459946e-21,0,3.7e-11,1,0.000181,1.5551710910509e-105,0.9773633742512,3.8018922129862e-07
4618,0,0,4618,2.0757964348908e-17,3.7445306037684e-11,-2.1142931469135e-16,1.059642019254e-20,0,3.7e-11,1,0.000181,1.3819051865169e-105,1.0089357068048,4.5162038209899e-07
4619,0,0,4619,2.0745150110455e-17,3.7509952441694e-11,-1.1700999125857e-17,1.28142384526e-20,0,3.7e-11,1,0.000181,1.2279032192795e-105,1.0106848203429,4.5587662598534e-07
4620,0,0,4620,2.0730068201262e-17,3.6252071083025e-11,2.2767652591914e-16,1.5081909193443e-20,0,3.7e-11,1,0.000181,1.0910278786841e-105,0.97669027890491,3.7877343996547e-07
4621,0,0,4621,2.0712683272726e-17,3.6980525887155e-11,-1.3185031954765e-16,1.7384928536309e-20,0,3.7e-11,1,0.000181,9.6937848659946e-106,0.99638084251193,4.22010774462e-07
4622,0,0,4622,2.0692975826049e-17,3.7554470520158e-11,-1.0388397857349e-16,1.970744667693e-20,0,3.7e-11,1,0.000181,8.6126485421179e-106,1.0118958023477,4.588425109116e-07
4623,0,0,4623,2.0670943210143e-17,3.7587406116118e-11,-5.9613428687749e-18,2.203261590568e-20,0,3.7e-11,1,0.000181,7.6518402095273e-106,1.0127892435131,4.6104075826695e-07
4624,0,0,4624,2.064660048101e-17,3.7881935869534e-11,-5.3309885368311e-17,2.4342729132827e-20,0,3.7e-11,1,0.000181,6.797995585074e-106,1.0207531419896,4.8101744633718e-07
4625,0,0,4625,2.0619981111756e-17,3.7169378138948e-11,1.2897294923601e-16,2.6619369254451e-20,0,3.7e-11,1,0.000181,6.0392315765072e-106,1.0014987997667,4.3388367383383e-07
4626,0,0,4626,2.0591137418354e-17,3.7251814906316e-11,-1.4921054893502e-17,2.8843693402107e-20,0,3.7e-11,1,0.000181,5.3649824665036e-106,1.0037311274638,4.3914692758889e-07
4627,0,0,4627,2.056014082226e-17,3.7069243376891e-11,3.3045446825948e-17,3.0996596093984e-20,0,3.7e-11,1,0.000181,4.7658541757089e-106,0.99880139023368,4.2759261513123e-07
4628,0,0,4628,2.0527081753903e-17,3.7049272726798e-11,3.6146876667027e-18,3.3059068356961e-20,0,3.7e-11,1,0.000181,4.2334946138421e-106,0.99826657933352,4.2635417768262e-07
4629,0,0,4629,2.0492069302296e-17,3.6725175201659e-11,5.8661652050163e-17,3.5012451606867e-20,0,3.7e-11,1,0.000181,3.7604783466945e-106,0.98951241484218,4.0649462776922e-07
4630,0,0,4630,2.0455230569664e-17,3.6813736907709e-11,-1.6029668794974e-17,3.6838732631408e-20,0,3.7e-11,1,0.000181,3.3402040016484e-106,0.99191147524648,4.1186044293179e-07
4631,0,0,4631,2.0416709789993e-17,3.7553853965574e-11,-1.339611874736e-16,3.8520779670831e-20,0,3.7e-11,1,0.000181,2.9668030077595e-106,1.0119203909182,4.5890289473197e-07
4632,0,0,4632,2.0376667155362e-17,3.7785026855818e-11,-4.1842293134207e-17,4.0042634631678e-20,0,3.7e-11,1,0.000181,2.6350584208521e-106,1.0181742860606,4.7447287510915e-07
4633,0,0,4633,2.0335277330429e-17,3.7128286176321e-11,1.1887006298896e-16,4.1389824932859e-20,0,3.7e-11,1,0.000181,2.3403327215326e-106,1.0004307183192,4.3138366877231e-07
4634,0,0,4634,2.0292727791258e-17,3.7013093143526e-11,2.0849938935968e-17,4.254953917106e-20,0,3.7e-11,1,0.000181,2.0785035963924e-106,0.99732374663087,4.24178025573e-07
4635,0,0,4635,2.0249217059096e-17,3.7623824375959e-11,-1.1054235307031e-16,4.351073216231e-20,0,3.7e-11,1,0.000181,1.8459068216077e-106,1.0138364932043,4.6362836398434e-07
4636,0,0,4636,2.0204952717604e-17,3.7348820340372e-11,4.9775730441166e-17,4.4264341491632e-20,0,3.7e-11,1,0.000181,1.6392854651114e-106,1.0064105612796,4.4553296396063e-07
4637,0,0,4637,2.0160149227742e-17,3.6125531235845e-11,2.2141532791949e-16,4.4803489862055e-20,0,3.7e-11,1,0.000181,1.4557447098309e-106,0.9733553836733,3.7182211545378e-07
4638,0,0,4638,2.0115025749967e-17,3.6421309058226e-11,-5.3535785851093e-17,4.5123477774445e-20,0,3.7e-11,1,0.000181,1.2927116773153e-106,0.98135611673719,3.8867650407843e-07
4639,0,0,4639,2.0069804034586e-17,3.7849511961245e-11,-2.5850472544647e-16,4.5221715381742e-20,0,3.7e-11,1,0.000181,1.1478996994659e-106,1.0199629477305,4.7900433447746e-07
4640,0,0,4640,2.0024706170698e-17,3.7705976505446e-11,2.5979917499767e-17,4.5097863887762e-20,0,3.7e-11,1,0.000181,1.0192765469498e-106,1.0160903451269,4.6923749120412e-07
4641,0,0,4641,1.9979952256963e-17,3.63666098574e-11,2.4242536329627e-16,4.4753913735052e-20,0,3.7e-11,1,0.000181,9.0503617705279e-107,0.97989792921195,3.8555914680485e-07
4642,0,0,4642,1.9935758300617e-17,3.7462214163685e-11,-1.9830437943757e-16,4.4193956345823e-20,0,3.7e-11,1,0.000181,8.0357361194112e-107,1.0095154554765,4.530275208178e-07
4643,0,0,4643,1.9892334319674e-17,3.7427755158338e-11,6.2370799678093e-18,4.3423980942576e-20,0,3.7e-11,1,0.000181,7.1346260121433e-107,1.0085906151022,4.5078448509025e-07
4644,0,0,4644,1.9849882311492e-17,3.7398183992107e-11,5.3523810878346e-18,4.245200818198e-20,0,3.7e-11,1,0.000181,6.3343576081602e-107,1.0077977333522,4.4886870838322e-07
4645,0,0,4645,1.9808594483368e-17,3.6579816743671e-11,1.4812447196694e-16,4.1287828124847e-20,0,3.7e-11,1,0.000181,5.6236691435418e-107,0.98568586473361,3.9805409578047e-07
4646,0,0,4646,1.9768651643144e-17,3.6968896133651e-11,-7.04233695865e-17,3.9942840223639e-20,0,3.7e-11,1,0.000181,4.9925539312314e-107,0.9962074882108,4.2161330649799e-07
4647,0,0,4647,1.9730221830956e-17,3.6530646595634e-11,7.9323166381088e-17,3.8429812188423e-20,0,3.7e-11,1,0.000181,4.4321207802908e-107,0.98436864446451,3.9518188117391e-07
4648,0,0,4648,1.9693459023363e-17,3.6839378432289e-11,-5.5880462434569e-17,3.6762807592176e-20,0,3.7e-11,1,0.000181,3.9344699056559e-107,0.99271823760206,4.1367779389885e-07
4649,0,0,4649,1.9658502131992e-17,3.6980314593549e-11,-2.5509445187946e-17,3.4956891371762e-20,0,3.7e-11,1,0.000181,3.4925826129261e-107,0.99653254282519,4.2235884461394e-07
4650,0,0,4650,1.9625474136957e-17,3.6663742923707e-11,5.729947224132e-17,3.3027995034664e-20,0,3.7e-11,1,0.000181,3.1002232322804e-107,0.98798148350814,4.031003913894e-07
4651,0,0,4651,1.9594481434009e-17,3.6253602526112e-11,7.4235411964687e-17,3.0992702947858e-20,0,3.7e-11,1,0.000181,2.7518519442923e-107,0.9769012357462,3.792167009606e-07
4652,0,0,4652,1.9565613435741e-17,3.704523415394e-11,-1.4328532463682e-16,2.8867998267752e-20,0,3.7e-11,1,0.000181,2.4425472904706e-107,0.99830099573352,4.2643378603616e-07
4653,0,0,4653,1.9538942378847e-17,3.6545297192796e-11,9.0488589967051e-17,2.6671056894088e-20,0,3.7e-11,1,0.000181,2.1679372948679e-107,0.98479316851086,3.9610570936019e-07
4654,0,0,4654,1.9514523208167e-17,3.692992192497e-11,-6.9617076523587e-17,2.441917068005e-20,0,3.7e-11,1,0.000181,1.9241382418659e-107,0.99519207782761,4.1929129157126e-07
4655,0,0,4655,1.9492393773667e-17,3.6566258295461e-11,6.5823116941138e-17,2.2129434500632e-20,0,3.7e-11,1,0.000181,1.707700260916e-107,0.98536663546436,3.9735645492532e-07
4656,0,0,4656,1.9472575096136e-17,3.6188495006341e-11,6.8375155330852e-17,1.981867753047e-20,0,3.7e-11,1,0.000181,1.5155589630038e-107,0.97515977617613,3.755701922983e-07
4657,0,0,4657,1.9455071853437e-17,3.6716432254849e-11,-9.5556641980072e-17,1.7503242698646e-20,0,3.7e-11,1,0.000181,1.344992457223e-107,0.9894309640547,4.0631345785377e-07
4658,0,0,4658,1.9439873005789e-17,3.6483262125578e-11,4.2203793398141e-17,1.5198847648189e-20,0,3.7e-11,1,0.000181,1.1935831502223e-107,0.9831313381699,3.9249933314975e-07
4659,0,0,4659,1.9426952440125e-17,3.6046418935325e-11,7.9068617435844e-17,1.2920565663966e-20,0,3.7e-11,1,0.000181,1.0591837974424e-107,0.97132669476685,3.6764460861419e-07
4660,0,0,4660,1.9416269784057e-17,3.6065332691289e-11,-3.4233898294752e-18,1.0682656068032e-20,0,3.7e-11,1,0.000181,9.3988733391008e-108,0.971839472501,3.6869689600887e-07
4661,0,0,4661,1.9407771318624e-17,3.6769612369192e-11,-1.2747462170052e-16,8.4984654337756e-21,0,3.7e-11,1,0.000181,8.3400006469092e-108,0.99087532738616,4.0953592165476e-07
4662,0,0,4662,1.940139090331e-17,3.6621948578991e-11,2.6727146026453e-17,6.3804153138756e-21,0,3.7e-11,1,0.000181,7.4001784165509e-108,0.98688536686486,4.0068440973054e-07
4663,0,0,4663,1.9397050885657e-17,3.7457973564038e-11,-1.5132052229357e-16,4.3400176525606e-21,0,3.7e-11,1,0.000181,6.5660489461015e-108,1.009481284785,4.5294448430901e-07
4664,0,0,4664,1.9394663126473e-17,3.7743855177622e-11,-5.1744572058808e-17,2.3877591841192e-21,0,3.7e-11,1,0.000181,5.825750216748e-108,1.0172081714235,4.720398626768e-07
4665,0,0,4665,1.9394129920603e-17,3.7086910841832e-11,1.1890692477799e-16,5.3320587022007e-22,0,3.7e-11,1,0.000181,5.1687487651156e-108,0.99945299872347,4.2910547769723e-07
4666,0,0,4666,1.9395344936727e-17,3.6303914672164e-11,1.417223067099e-16,-1.2150161243231e-21,0,3.7e-11,1,0.000181,4.5856911915522e-108,0.97829075865687,3.8214693639481e-07
4667,0,0,4667,1.939819422945e-17,3.7808317431708e-11,-2.7229689947742e-16,-2.8492927228569e-21,0,3.7e-11,1,0.000181,4.0682722306859e-108,1.0189498672405,4.7643344829809e-07
4668,0,0,4668,1.9402557245414e-17,3.7780785199334e-11,4.9833340597133e-18,-4.363015964367e-21,0,3.7e-11,1,0.000181,3.6091175408247e-108,1.0182051013639,4.745506466824e-07
4669,0,0,4669,1.9408307588246e-17,3.7392327751546e-11,7.0310798049648e-17,-5.7503428318097e-21,0,3.7e-11,1,0.000181,3.2016795735167e-108,1.0077053927791,4.4864602550696e-07
4670,0,0,4670,1.9415313908718e-17,3.6531902516753e-11,1.5573696749753e-16,-7.0063204717416e-21,0,3.7e-11,1,0.000181,2.8401450666416e-108,0.98444961051569,3.9535793976804e-07
4671,0,0,4671,1.9423440788634e-17,3.6321189931689e-11,3.8138977896542e-17,-8.1268799164529e-21,0,3.7e-11,1,0.000181,2.5193528662746e-108,0.97875346227372,3.8312677596842e-07
4672,0,0,4672,1.9432549651704e-17,3.7775418231383e-11,-2.6321532224458e-16,-9.1088630695314e-21,0,3.7e-11,1,0.000181,2.2347209264846e-108,1.0180555696922,4.7417335621195e-07
4673,0,0,4673,1.9442499617426e-17,3.7214021972254e-11,1.0161272290234e-16,-9.9499657221129e-21,0,3.7e-11,1,0.000181,1.982181464186e-108,1.0028812120891,4.3713694431184e-07
4674,0,0,4674,1.945314820418e-17,3.778182875563e-11,-1.0277302779097e-16,-1.0648586753931e-20,0,3.7e-11,1,0.000181,1.7581233599241e-108,1.0182257513162,4.7460276878826e-07
4675,0,0,4675,1.9464352232477e-17,3.7333750618656e-11,8.1102142792148e-17,-1.1204028296789e-20,0,3.7e-11,1,0.000181,1.5593409966072e-108,1.0061138584059,4.4482211080191e-07
4676,0,0,4676,1.9475968599236e-17,3.7701490725736e-11,-6.6560959381368e-17,-1.1616366759593e-20,0,3.7e-11,1,0.000181,1.3829888181081e-108,1.0160510456561,4.6913921550268e-07
4677,0,0,4677,1.9487855119147e-17,3.6465232067738e-11,2.237628170976e-16,-1.1886519910668e-20,0,3.7e-11,1,0.000181,1.2265409695841e-108,0.98263687459182,3.9143146994196e-07
4678,0,0,4678,1.9499871272293e-17,3.7534089800243e-11,-1.9346324958342e-16,-1.2016153146511e-20,0,3.7e-11,1,0.000181,1.087755452407e-108,1.0115231271572,4.5792810005989e-07
4679,0,0,4679,1.9511879092508e-17,3.7379810672053e-11,2.7924522202477e-17,-1.2007820214331e-20,0,3.7e-11,1,0.000181,9.646422897572e-109,1.0073516279751,4.4779374133178e-07
4680,0,0,4680,1.9523743790129e-17,3.6229098375758e-11,2.0827892562939e-16,-1.1864697620863e-20,0,3.7e-11,1,0.000181,8.5543525506305e-109,0.9762495239991,3.7784869221337e-07
4681,0,0,4681,1.953533444734e-17,3.6348443327825e-11,-2.1601436324201e-17,-1.1590657211326e-20,0,3.7e-11,1,0.000181,7.5856676537122e-109,0.97947333252038,3.846552736683e-07
4682,0,0,4682,1.9546524764647e-17,3.6839274451852e-11,-8.8840433448797e-17,-1.1190317307337e-20,0,3.7e-11,1,0.000181,6.7264558607663e-109,0.99273736763035,4.1372096632462e-07
4683,0,0,4683,1.9557193610396e-17,3.6302787796153e-11,9.7104084681475e-17,-1.0668845748423e-20,0,3.7e-11,1,0.000181,5.9643703285968e-109,0.97823613520879,3.820313985768e-07
4684,0,0,4684,1.956722547723e-17,3.6908334798658e-11,-1.0960400745344e-16,-1.0031866834664e-20,0,3.7e-11,1,0.000181,5.2884539170849e-109,0.99460077244734,4.1794392042682e-07
4685,0,0,4685,1.9576510982155e-17,3.7508841642367e-11,-1.0869173871133e-16,-9.2855049243831e-21,0,3.7e-11,1,0.000181,4.6889830903802e-109,1.0108293006251,4.562296574243e-07
4686,0,0,4686,1.9584947157795e-17,3.6386371811031e-11,2.0316703947185e-16,-8.4361756404953e-21,0,3.7e-11,1,0.000181,4.157329315851e-109,0.98049101846181,3.8682460182566e-07
4687,0,0,4687,1.9592437657054e-17,3.7467875166317e-11,-1.9575210730684e-16,-7.4904992583615e-21,0,3.7e-11,1,0.000181,3.685836003463e-109,1.0097197203892,4.5352415378616e-07
4688,0,0,4688,1.9598893040596e-17,3.6621223691653e-11,1.5324391691424e-16,-6.4553835422088e-21,0,3.7e-11,1,0.000181,3.2677092467501e-109,0.98683628417927,4.0057650200942e-07
4689,0,0,4689,1.960423074689e-17,3.6241377075386e-11,6.8752237544385e-17,-5.3377062945135e-21,0,3.7e-11,1,0.000181,2.896920820693e-109,0.97656936238583,3.7851956157191e-07
4690,0,0,4690,1.9608375190707e-17,3.6905853804681e-11,-1.2027028800251e-16,-4.1444438170572e-21,0,3.7e-11,1,0.000181,2.5681220643448e-109,0.99452757405653,4.1777737360711e-07
4691,0,0,4691,1.9611257772457e-17,3.6751400920653e-11,2.7955972009167e-17,-2.8825817497776e-21,0,3.7e-11,1,0.000181,2.2765674293371e-109,0.99035274135668,4.0836760310544e-07
4692,0,0,4692,1.9612816750546e-17,3.6821154844399e-11,-1.2625460198131e-17,-1.5589780886381e-21,0,3.7e-11,1,0.000181,2.0180466115999e-109,0.99223774975149,4.1259463865501e-07
4693,0,0,4693,1.9612997195711e-17,3.6869918796105e-11,-8.8262752586766e-18,-1.8044516563338e-22,0,3.7e-11,1,0.000181,1.7888243046501e-109,0.993555667448,4.1557113840768e-07
4694,0,0,4694,1.9611750921558e-17,3.6191317728418e-11,1.228267932512e-16,1.2462741536889e-21,0,3.7e-11,1,0.000181,1.5855867203156e-109,0.97521528414546,3.7568597972678e-07
4695,0,0,4695,1.9609036433385e-17,3.6255932233992e-11,-1.1695225508806e-17,2.7144881731268e-21,0,3.7e-11,1,0.000181,1.4053941182858e-109,0.97696202746292,3.7934451454804e-07
4696,0,0,4696,1.9604819011174e-17,3.737247455076e-11,-2.020941593351e-16,4.2174222107423e-21,0,3.7e-11,1,0.000181,1.2456386707411e-109,1.007139476583,4.4728326331961e-07
4697,0,0,4697,1.9599070799273e-17,3.7411346513644e-11,-7.0358252819246e-18,5.7482119012537e-21,0,3.7e-11,1,0.000181,1.1040070637003e-109,1.0081909285009,4.4981792284222e-07
4698,0,0,4698,1.9591770879693e-17,3.7305772453988e-11,1.9108904797736e-17,7.2999195796474e-21,0,3.7e-11,1,0.000181,9.7844730369691e-110,1.0053386655655,4.429692345342e-07
4699,0,0,4699,1.9582905526078e-17,3.6173543585721e-11,2.0493342515628e-16,8.865353615452e-21,0,3.7e-11,1,0.000181,8.6713925788417e-110,0.97473920912192,3.74693851094e-07
4700,0,0,4700,1.9572468535314e-17,3.6639310558411e-11,-8.4303822056831e-17,1.0436990763866e-20,0,3.7e-11,1,0.000181,7.6846850851485e-110,0.98732906413873,4.0166094904031e-07
4701,0,0,4701,1.9560461744222e-17,3.7799751378713e-11,-2.1003978847462e-16,1.2006791091764e-20,0,3.7e-11,1,0.000181,6.8100314967901e-110,1.0186941224134,4.7578622850317e-07
4702,0,0,4702,1.9546895475979e-17,3.7609860349346e-11,3.4370276315374e-17,1.35662682431e-20,0,3.7e-11,1,0.000181,6.0347319587603e-110,1.0135639581537,4.6295383151951e-07
4703,0,0,4703,1.9531788982164e-17,3.7187567303997e-11,7.6435041208172e-17,1.5106493814831e-20,0,3.7e-11,1,0.000181,5.3475230902842e-110,1.0021528883144,4.3542048955812e-07
4704,0,0,4704,1.9515171055507e-17,3.7552304899267e-11,-6.6017504743934e-17,1.6617926656955e-20,0,3.7e-11,1,0.000181,4.7384158343294e-110,1.0120131425581,4.5913072954518e-07
4705,0,0,4705,1.9497080660045e-17,3.7558811858533e-11,-1.1777596270939e-18,1.8090395462492e-20,0,3.7e-11,1,0.000181,4.1985515735622e-110,1.0121917075906,4.5956961577811e-07
4706,0,0,4706,1.9477567449128e-17,3.6758159334674e-11,1.4491810681849e-16,1.9513210916443e-20,0,3.7e-11,1,0.000181,3.7200744592245e-110,0.99055536391323,4.0882027287044e-07
4707,0,0,4707,1.9456692285838e-17,3.7897025779817e-11,-2.061348265709e-16,2.0875163289876e-20,0,3.7e-11,1,0.000181,3.2960181297949e-110,1.021338655198,4.8251355433711e-07
4708,0,0,4708,1.943452778339e-17,3.785430292321e-11,7.7328370459458e-18,2.2164502448405e-20,0,3.7e-11,1,0.000181,2.9202052008852e-110,1.0201872930144,4.7957518058253e-07
4709,0,0,4709,1.9411158545733e-17,3.6767079271806e-11,1.9678748090411e-16,2.3369237656301e-20,0,3.7e-11,1,0.000181,2.5871580894977e-110,0.99080635951189,4.0938157783455e-07
4710,0,0,4710,1.9386681395557e-17,3.6785338461623e-11,-3.3049133569565e-18,2.4477150176356e-20,0,3.7e-11,1,0.000181,2.2920198971011e-110,0.99130350607111,4.1049520855125e-07
4711,0,0,4711,1.9361205548939e-17,3.6428705503039e-11,6.4550565503752e-17,2.5475846618332e-20,0,3.7e-11,1,0.000181,2.03048421923e-110,0.98166858152921,3.8934716682913e-07
4712,0,0,4712,1.9334852513071e-17,3.7226437185997e-11,-1.4438943461549e-16,2.6353035868148e-20,0,3.7e-11,1,0.000181,1.7987328765135e-110,1.0032328323357,4.3796758694333e-07
4713,0,0,4713,1.9307755851495e-17,3.6324672792545e-11,1.6321935521494e-16,2.7096661575648e-20,0,3.7e-11,1,0.000181,1.5933806749718e-110,0.97886486779142,3.8336299842667e-07
4714,0,0,4714,1.928006066009e-17,3.723119232257e-11,-1.6408003493464e-16,2.7695191404538e-20,0,3.7e-11,1,0.000181,1.4114264036984e-110,1.0033695310923,4.382908615547e-07
4715,0,0,4715,1.9251923020781e-17,3.7539470656362e-11,-5.5798378416319e-17,2.8137639309619e-20,0,3.7e-11,1,0.000181,1.2502093670687e-110,1.0117055794805,4.5837558659757e-07
4716,0,0,4716,1.9223509068437e-17,3.6806749464607e-11,1.3262253570765e-16,2.8413952344135e-20,0,3.7e-11,1,0.000181,1.1073708276558e-110,0.99190654681581,4.1184936095568e-07
4717,0,0,4717,1.9194993904282e-17,3.7067311154707e-11,-4.7161665908062e-17,2.8515164154395e-20,0,3.7e-11,1,0.000181,9.8081980620381e-111,0.99895301255752,4.2794425322128e-07
4718,0,0,4718,1.9166560412525e-17,3.737401213019e-11,-5.5512876562484e-17,2.843349175764e-20,0,3.7e-11,1,0.000181,8.687027473005e-111,1.0072464738169,4.4754066038798e-07
4719,0,0,4719,1.9138397767017e-17,3.6216820775884e-11,2.0945163512948e-16,2.8162645508009e-20,0,3.7e-11,1,0.000181,7.6937661468989e-111,0.97597523707152,3.772741407056e-07
4720,0,0,4720,1.9110699746633e-17,3.6193473786894e-11,4.2258050072456e-18,2.7698020383682e-20,0,3.7e-11,1,0.000181,6.8138502925349e-111,0.97534837325386,3.7596371689879e-07
4721,0,0,4721,1.9083663034604e-17,3.6293830304152e-11,-1.816452962371e-17,2.7036712029233e-20,0,3.7e-11,1,0.000181,6.0343710626123e-111,0.97806474869596,3.8166907201552e-07
4722,0,0,4722,1.9057485278154e-17,3.7023589987344e-11,-1.3208650265782e-16,2.6177756449823e-20,0,3.7e-11,1,0.000181,5.3438868717109e-111,0.99779189225491,4.252574175907e-07
4723,0,0,4723,1.903236304817e-17,3.718495682277e-11,-2.920739721208e-17,2.5122229984185e-20,0,3.7e-11,1,0.000181,4.7322569558546e-111,1.0021569093435,4.3542995088608e-07
4724,0,0,4724,1.9008489668653e-17,3.6325136179735e-11,1.5562753638932e-16,2.3873379516558e-20,0,3.7e-11,1,0.000181,4.1904937744303e-111,0.97892207837291,3.8348435296049e-07
4725,0,0,4725,1.8986053050408e-17,3.6700838247091e-11,-6.8002074191518e-17,2.2436618245325e-20,0,3.7e-11,1,0.000181,3.710632125681e-111,0.98907953855057,4.0553254135891e-07
4726,0,0,4726,1.8965233613313e-17,3.7030571300029e-11,-5.9681682581782e-17,2.0819437094941e-20,0,3.7e-11,1,0.000181,3.2856130870114e-111,0.99799435145468,4.2572491601072e-07
4727,0,0,4727,1.8946202126647e-17,3.7486874535776e-11,-8.2590885670098e-17,1.9031486666376e-20,0,3.7e-11,1,0.000181,2.9091811043505e-111,1.0103297131326,4.5500988296819e-07
4728,0,0,4728,1.8929117646022e-17,3.7895178016932e-11,-7.3902930089257e-17,1.7084480624993e-20,0,3.7e-11,1,0.000181,2.5757927438539e-111,1.0213674934177,4.8258733990465e-07
4729,0,0,4729,1.8914125551366e-17,3.6933433674393e-11,1.7407572599947e-16,1.4992094655466e-20,0,3.7e-11,1,0.000181,2.2805357869853e-111,0.99537664170731,4.1971257038098e-07
4730,0,0,4730,1.8901355714658e-17,3.6344359417254e-11,1.0662244054222e-16,1.2769836708205e-20,0,3.7e-11,1,0.000181,2.0190574988775e-111,0.97945762263825,3.846218639528e-07
4731,0,0,4731,1.8890920964615e-17,3.6302653127456e-11,7.5488384534638e-18,1.0434750042582e-20,0,3.7e-11,1,0.000181,1.7875010319785e-111,0.97833198373972,3.8223415327083e-07
4732,0,0,4732,1.8882915722701e-17,3.6163742622457e-11,2.5142801404747e-17,8.005241914502e-21,0,3.7e-11,1,0.000181,1.5824490441955e-111,0.97457884111424,3.7436012952837e-07
4733,0,0,4733,1.8877414850196e-17,3.7209348015223e-11,-1.8925457609054e-16,5.5008725050739e-21,0,3.7e-11,1,0.000181,1.4008737147633e-111,1.0028392677177,4.370379437269e-07
4734,0,0,4734,1.8874472787856e-17,3.6118095388483e-11,1.9751672543997e-16,2.9420623393537e-21,0,3.7e-11,1,0.000181,1.2400924333403e-111,0.97334639279192,3.7180351629303e-07
4735,0,0,4735,1.8874122862985e-17,3.6171473428246e-11,-9.6614251971181e-18,3.4992487124334e-22,0,3.7e-11,1,0.000181,1.0977285197154e-111,0.97478909476624,3.7479771124287e-07
4736,0,0,4736,1.887637708994e-17,3.6432956106366e-11,-4.7328364739818e-17,-2.254226954937e-21,0,3.7e-11,1,0.000181,9.7167640415031e-112,0.9818558575724,3.8974958114505e-07
4737,0,0,4737,1.8881226147225e-17,3.6176334586489e-11,4.6448495097753e-17,-4.8490572848858e-21,0,3.7e-11,1,0.000181,8.6007076283161e-112,0.97491941675486,3.7506914778041e-07
4738,0,0,4738,1.888863963178e-17,3.7065018058029e-11,-1.6085170834871e-16,-7.4134845545819e-21,0,3.7e-11,1,0.000181,7.612591600806e-112,0.99893678197274,4.2790660045564e-07
4739,0,0,4739,1.8898566663428e-17,3.7210579103502e-11,-2.6346549230642e-17,-9.9270316487538e-21,0,3.7e-11,1,0.000181,6.7377779969208e-112,1.0028693819726,4.3710902003842e-07
4740,0,0,4740,1.8910936648566e-17,3.7591080433476e-11,-6.8870740725345e-17,-1.2369985137359e-20,0,3.7e-11,1,0.000181,5.9633003276918e-112,1.0131513546081,4.6193414817313e-07
4741,0,0,4741,1.8925660343983e-17,3.6317522379851e-11,2.3051400770624e-16,-1.4723695416957e-20,0,3.7e-11,1,0.000181,5.2776730933484e-112,0.9787286681214,3.8307421899786e-07
4742,0,0,4742,1.8942631102175e-17,3.7033331877909e-11,-1.2956151914857e-16,-1.697075819213e-20,0,3.7e-11,1,0.000181,4.6707229640671e-112,0.99807233668798,4.2590510341894e-07
4743,0,0,4743,1.8961726457494e-17,3.7267908615715e-11,-4.2458389542834e-17,-1.9095355319282e-20,0,3.7e-11,1,0.000181,4.1334391662747e-112,1.0044093971908,4.4075638308274e-07
4744,0,0,4744,1.8982809677711e-17,3.6854178228895e-11,7.4885200014372e-17,-2.1083220216683e-20,0,3.7e-11,1,0.000181,3.6578408939816e-112,0.99322434668543,4.1482121268533e-07
4745,0,0,4745,1.9005731495671e-17,3.7303423000505e-11,-8.1313303661358e-17,-2.2921817960638e-20,0,3.7e-11,1,0.000181,3.2368598116919e-112,1.0053626745701,4.4302652658715e-07
4746,0,0,4746,1.9030332008484e-17,3.7706888382011e-11,-7.3027234052547e-17,-2.4600512812685e-20,0,3.7e-11,1,0.000181,2.8642359345676e-112,1.0162634709774,4.696706247494e-07
4747,0,0,4747,1.9056442534905e-17,3.6657861601754e-11,1.8987384722645e-16,-2.6110526420507e-20,0,3.7e-11,1,0.000181,2.5344253658669e-112,0.98790749699605,4.029369427456e-07
4748,0,0,4748,1.9083887483251e-17,3.6078151783458e-11,1.0492747711153e-16,-2.744494834677e-20,0,3.7e-11,1,0.000181,2.2425185440409e-112,0.97223556597323,3.6951141192234e-07
4749,0,0,4749,1.9112486348649e-17,3.6934572759572e-11,-1.5501219667666e-16,-2.8598865397399e-20,0,3.7e-11,1,0.000181,1.9841678047181e-112,0.99537780844168,4.1971523462379e-07
4750,0,0,4750,1.914205563237e-17,3.7291600075952e-11,-6.4621944264771e-17,-2.9569283721109e-20,0,3.7e-11,1,0.000181,1.755523198365e-112,1.0050227800679,4.4221600774318e-07
4751,0,0,4751,1.9172410562163e-17,3.6358557230763e-11,1.6888075497922e-16,-3.03549297929e-20,0,3.7e-11,1,0.000181,1.5531756246089e-112,0.97980087325758,3.8535238346305e-07
4752,0,0,4752,1.9203366793974e-17,3.7726849273163e-11,-2.4766085967428e-16,-3.0956231811244e-20,0,3.7e-11,1,0.000181,1.3741064508017e-112,1.0167771168655,4.7095760436313e-07
4753,0,0,4753,1.923474212412e-17,3.6493341993715e-11,2.2326481758003e-16,-3.1375330145872e-20,0,3.7e-11,1,0.000181,1.2156428769181e-112,0.98343439730301,3.9315500490913e-07
4754,0,0,4754,1.9266357832511e-17,3.6523215674393e-11,-5.4071362028136e-18,-3.1615708391635e-20,0,3.7e-11,1,0.000181,1.0754183926858e-112,0.98423707320184,3.9489591919383e-07
4755,0,0,4755,1.929804013999e-17,3.6463892132967e-11,1.0737560998271e-17,-3.1682307478391e-20,0,3.7e-11,1,0.000181,9.51337747154e-113,0.98262900342347,3.9141449022851e-07
4756,0,0,4756,1.9329621404741e-17,3.7206083590074e-11,-1.3433665373645e-16,-3.1581264751107e-20,0,3.7e-11,1,0.000181,8.4154591678606e-113,1.0026835162608,4.3667048617869e-07
4757,0,0,4757,1.9360941181028e-17,3.6999064494617e-11,3.7470456277793e-17,-3.1319776286637e-20,0,3.7e-11,1,0.000181,7.4440061657682e-113,0.99708372888526,4.2362548933471e-07
4758,0,0,4758,1.9391847069648e-17,3.7828821588676e-11,-1.5018603402484e-16,-3.0905888620527e-20,0,3.7e-11,1,0.000181,6.5844795047709e-113,1.0195049814067,4.778407598425e-07
4759,0,0,4759,1.9422195508763e-17,3.7471050352242e-11,6.4756593794721e-17,-3.0348439114477e-20,0,3.7e-11,1,0.000181,5.8240084332098e-113,1.0098309568832,4.5379479171301e-07
4760,0,0,4760,1.945185229156e-17,3.6829534968351e-11,1.1611428448427e-16,-2.9656782797451e-20,0,3.7e-11,1,0.000181,5.1511993714914e-113,0.9924882748962,4.1315910414722e-07
4761,0,0,4761,1.9480693025422e-17,3.6496543840605e-11,6.0271394121929e-17,-2.884073386213e-20,0,3.7e-11,1,0.000181,4.5559667090198e-113,0.98348420817143,3.9326285667136e-07
4762,0,0,4762,1.9508603466275e-17,3.7269467416982e-11,-1.3989916732422e-16,-2.791044085273e-20,0,3.7e-11,1,0.000181,4.0293829443892e-113,1.0043698669565,4.406624506325e-07
4763,0,0,4763,1.9535479671045e-17,3.6298337533748e-11,1.7577450886542e-16,-2.6876204769876e-20,0,3.7e-11,1,0.000181,3.5635459618991e-113,0.97811910018475,3.8178394561857e-07
4764,0,0,4764,1.9561227924103e-17,3.7708834863256e-11,-2.5530001664095e-16,-2.5748253058212e-20,0,3.7e-11,1,0.000181,3.1514614887553e-113,1.0162368048865,4.6960388917038e-07
4765,0,0,4765,1.9585764714944e-17,3.6417265221438e-11,2.3377410516896e-16,-2.4536790841331e-20,0,3.7e-11,1,0.000181,2.786939000049e-113,0.98132585342173,3.8861159809338e-07
4766,0,0,4766,1.9609016359534e-17,3.7135758394046e-11,-1.3004726424209e-16,-2.3251644589773e-20,0,3.7e-11,1,0.000181,2.4644995360324e-113,1.0007411158672,4.3210898702057e-07
4767,0,0,4767,1.9630918783592e-17,3.6706733157389e-11,7.7653567834914e-17,-2.1902424058093e-20,0,3.7e-11,1,0.000181,2.1792940711815e-113,0.98914256871792,4.0567251304929e-07
4768,0,0,4768,1.9651417019892e-17,3.6965080583755e-11,-4.6760884172248e-17,-2.0498236299955e-20,0,3.7e-11,1,0.000181,1.9270312296107e-113,0.99612187078391,4.2141711488835e-07
4769,0,0,4769,1.9670464750437e-17,3.7072029894189e-11,-1.9357825188543e-17,-1.9047730544387e-20,0,3.7e-11,1,0.000181,1.7039132788408e-113,0.99900954846914,4.2807542999808e-07
4770,0,0,4770,1.9688023734394e-17,3.6436832270298e-11,1.1497076992438e-16,-1.7558983957443e-20,0,3.7e-11,1,0.000181,1.5065794557173e-113,0.98183942320285,3.8971425379384e-07
4771,0,0,4771,1.9704063221001e-17,3.7294674227464e-11,-1.5526939424709e-16,-1.6039486606524e-20,0,3.7e-11,1,0.000181,1.33205578621e-113,1.0050219459385,4.4221402015057e-07
4772,0,0,4772,1.9718559437626e-17,3.7295582387032e-11,-1.6437688176716e-19,-1.449621662527e-20,0,3.7e-11,1,0.000181,1.1777106564745e-113,1.005044326208,4.4226735115713e-07
4773,0,0,4773,1.9731494943876e-17,3.759044597632e-11,-5.3370309661192e-17,-1.2935506250325e-20,0,3.7e-11,1,0.000181,1.0412154773076e-113,1.0130116808676,4.6158938213666e-07
4774,0,0,4774,1.9742858092659e-17,3.6405618955081e-11,2.1445369084423e-16,-1.1363148783211e-20,0,3.7e-11,1,0.000181,9.2050985923459e-114,0.98098763219009,3.8788681328431e-07
4775,0,0,4775,1.975264250687e-17,3.7718424508371e-11,-2.3761780514541e-16,-9.7844142102584e-21,0,3.7e-11,1,0.000181,8.1377078200769e-114,1.0164674023456,4.7018124692694e-07
4776,0,0,4776,1.9760846764596e-17,3.7801052334647e-11,-1.4955636555973e-17,-8.2042577268644e-21,0,3.7e-11,1,0.000181,7.1938530125969e-114,1.0186993617749,4.757994806889e-07
4777,0,0,4777,1.9767473894586e-17,3.645199889689e-11,2.4417867223395e-16,-6.6271299896204e-21,0,3.7e-11,1,0.000181,6.3592638729515e-114,0.98223746848478,3.9057062720041e-07
4778,0,0,4778,1.9772531063135e-17,3.6422472317348e-11,5.3443108970736e-18,-5.0571685484781e-21,0,3.7e-11,1,0.000181,5.621315372866e-114,0.98143869768209,3.8885366108765e-07
4779,0,0,4779,1.9776029486417e-17,3.6861638185905e-11,-7.948902220868e-17,-3.4984232824881e-21,0,3.7e-11,1,0.000181,4.968838431488e-114,0.99330752309427,4.1500937394611e-07
4780,0,0,4780,1.9777984291192e-17,3.7040638971786e-11,-3.2399142244518e-17,-1.9548047745545e-21,0,3.7e-11,1,0.000181,4.3919523369089e-114,0.99814509027954,4.2607325900889e-07
4781,0,0,4781,1.9778414427198e-17,3.6679931002097e-11,6.5288142513691e-17,-4.3013600596446e-22,0,3.7e-11,1,0.000181,3.8819164182963e-114,0.98839616200573,4.0401748680923e-07
4782,0,0,4782,1.9777342705125e-17,3.737864097082e-11,-1.2646650433879e-16,1.0717220729699e-21,0,3.7e-11,1,0.000181,3.4309987615474e-114,1.0072803752446,4.4762224028566e-07
4783,0,0,4783,1.9774795949075e-17,3.622581036617e-11,2.0866233944161e-16,2.5467560491377e-21,0,3.7e-11,1,0.000181,3.0323600139301e-114,0.97612317161829,3.7758393208812e-07
4784,0,0,4784,1.9770805103264e-17,3.7444606201639e-11,-2.2060204621985e-16,3.9908458110077e-21,0,3.7e-11,1,0.000181,2.6799505468698e-114,1.0090641955194,4.5193193606613e-07
4785,0,0,4785,1.9765405591302e-17,3.7814234750762e-11,-6.6902767391258e-17,5.3995119621738e-21,0,3.7e-11,1,0.000181,2.3684194441995e-114,1.0190549625648,4.7669962366918e-07
4786,0,0,4786,1.9758637480234e-17,3.7393181419989e-11,7.6210652869867e-17,6.7681110685394e-21,0,3.7e-11,1,0.000181,2.0930339586954e-114,1.0076761534325,4.4857553246719e-07
4787,0,0,4787,1.9750545746145e-17,3.6960256598133e-11,7.8359392755979e-17,8.0917340884766e-21,0,3.7e-11,1,0.000181,1.8496082351774e-114,0.99597669083408,4.2108460639013e-07
4788,0,0,4788,1.9741180609839e-17,3.6245671855816e-11,1.293398383593e-16,9.365136305941e-21,0,3.7e-11,1,0.000181,1.634440236133e-114,0.97666498809808,3.7872032747526e-07
4789,0,0,4789,1.9730597841874e-17,3.6641145487685e-11,-7.1580727368345e-17,1.058276796494e-20,0,3.7e-11,1,0.000181,1.4442559277628e-114,0.98735504486026,4.0171819044479e-07
4790,0,0,4790,1.9718859071106e-17,3.6419576451104e-11,4.0103995621273e-17,1.1738770767913e-20,0,3.7e-11,1,0.000181,1.2761598923401e-114,0.98136844536041,3.8870294791314e-07
4791,0,0,4791,1.9706031954573e-17,3.6861225560363e-11,-7.9938488775927e-17,1.282711653307e-20,0,3.7e-11,1,0.000181,1.1275916284125e-114,0.99330682312545,4.1500779018981e-07
4792,0,0,4792,1.9692190370926e-17,3.7452713881858e-11,-1.0705938619056e-16,1.3841583646983e-20,0,3.7e-11,1,0.000181,9.9628688506813e-115,1.0092950608101,4.5249216869956e-07
4793,0,0,4793,1.9677414475349e-17,3.6957575254477e-11,8.9620091555957e-17,1.4775895577659e-20,0,3.7e-11,1,0.000181,8.8024345149051e-115,0.99591514209123,4.2094370467484e-07
4794,0,0,4794,1.9661790644475e-17,3.7604049949443e-11,-1.1701191978881e-16,1.5623830873343e-20,0,3.7e-11,1,0.000181,7.7769088943539e-115,1.013389764104,4.6252311531445e-07
4795,0,0,4795,1.9645411408745e-17,3.6486335218826e-11,2.0230636624168e-16,1.6379235730653e-20,0,3.7e-11,1,0.000181,6.8706375507352e-115,0.98318370362829,3.926125626309e-07
4796,0,0,4796,1.9628375135242e-17,3.6954458571366e-11,-8.4730326809729e-17,1.7036273502939e-20,0,3.7e-11,1,0.000181,6.0697790871243e-115,0.99583822999581,4.2076768612641e-07
4797,0,0,4797,1.9610785765317e-17,3.7497232373854e-11,-9.8242058250453e-17,1.7589369925074e-20,0,3.7e-11,1,0.000181,5.3620955701536e-115,1.0105104186803,4.5545077965565e-07
4798,0,0,4798,1.9592752278415e-17,3.7631621980502e-11,-2.4324518803218e-17,1.8033486901734e-20,0,3.7e-11,1,0.000181,4.7367671315602e-115,1.0141452629823,4.6439354648782e-07
4799,0,0,4799,1.9574388015842e-17,3.6281716009314e-11,2.4433298078501e-16,1.8364262573094e-20,0,3.7e-11,1,0.000181,4.1842279648934e-115,0.9776640599776,3.8082307303848e-07
4800,0,0,4800,1.9555809933711e-17,3.7407706655642e-11,-2.0380430698531e-16,1.8578082130428e-20,0,3.7e-11,1,0.000181,3.6960212531463e-115,1.0080990136983,4.4959588440034e-07
4801,0,0,4801,1.9537137891581e-17,3.685210982288e-11,1.0056302672977e-16,1.8672042130506e-20,0,3.7e-11,1,0.000181,3.2646708463479e-115,0.99308567120349,4.1450765635815e-07
4802,0,0,4802,1.951849360909e-17,3.7059084309811e-11,-3.7462382134448e-17,1.864428249066e-20,0,3.7e-11,1,0.000181,2.8835677589257e-115,0.99868236023096,4.2731672930284e-07
4803,0,0,4803,1.9499999732561e-17,3.6446132133877e-11,1.1094434384413e-16,1.8493876529353e-20,0,3.7e-11,1,0.000181,2.5468697786343e-115,0.98211884672228,3.9031525841105e-07
4804,0,0,4804,1.9481778796669e-17,3.7243731416163e-11,-1.4436547009382e-16,1.8220935892069e-20,0,3.7e-11,1,0.000181,2.2494126753665e-115,1.0036783048423,4.3902178702648e-07
4805,0,0,4805,1.9463952249826e-17,3.6862484101469e-11,6.9005763959566e-17,1.7826546843273e-20,0,3.7e-11,1,0.000181,1.9866316721059e-115,0.9933769852346,4.1516656417513e-07
4806,0,0,4806,1.9446639349634e-17,3.6414247946611e-11,8.113074402932e-17,1.7312900191237e-20,0,3.7e-11,1,0.000181,1.7544919942544e-115,0.98126507973525,3.8848128295374e-07
4807,0,0,4807,1.9429956204248e-17,3.668722679372e-11,-4.940917132676e-17,1.6683145385985e-20,0,3.7e-11,1,0.000181,1.549427449856e-115,0.98864537755101,4.045694652973e-07
4808,0,0,4808,1.9414014880632e-17,3.7708011240862e-11,-1.8476198493271e-16,1.5941323616514e-20,0,3.7e-11,1,0.000181,1.3682861138579e-115,1.0162365267606,4.696031931624e-07
4809,0,0,4809,1.9398922508025e-17,3.7448850882753e-11,4.690802481785e-17,1.5092372607331e-20,0,3.7e-11,1,0.000181,1.2082822963166e-115,1.0092344463596,4.5234502296954e-07
4810,0,0,4810,1.9384780371961e-17,3.6381814494704e-11,1.9313358623679e-16,1.4142136063316e-20,0,3.7e-11,1,0.000181,1.0669540689445e-115,0.98039773677311,3.8662534564435e-07
4811,0,0,4811,1.9371683195458e-17,3.6861858405777e-11,-8.6887947904165e-17,1.3097176502835e-20,0,3.7e-11,1,0.000181,9.4212570801027e-116,0.99337385220997,4.1515947321219e-07
4812,0,0,4812,1.9359718563039e-17,3.7421078518605e-11,-1.012188404219e-16,1.1964632419756e-20,0,3.7e-11,1,0.000181,8.3187448561883e-116,1.0084896958794,4.5054027244294e-07
4813,0,0,4813,1.9348966255824e-17,3.7016731227708e-11,7.3186859652288e-17,1.0752307214689e-20,0,3.7e-11,1,0.000181,7.3450130688037e-116,0.99756299626092,4.2472937819894e-07
4814,0,0,4814,1.9339497648684e-17,3.7015045565279e-11,3.0510489964986e-19,9.468607139659e-21,0,3.7e-11,1,0.000181,6.48504748435e-116,0.99751885167491,4.2462760272252e-07
4815,0,0,4815,1.933137525248e-17,3.6656793069329e-11,6.4843701767034e-17,8.1223962038189e-21,0,3.7e-11,1,0.000181,5.725581050817e-116,0.98783756462536,4.0278250006219e-07
4816,0,0,4816,1.9324652239053e-17,3.6094098124861e-11,1.0184778494876e-16,6.7230134269839e-21,0,3.7e-11,1,0.000181,5.0548909663836e-116,0.97263059703759,3.7032520377021e-07
4817,0,0,4817,1.9319372037683e-17,3.6737484571673e-11,-1.1645294687296e-16,5.2802013703555e-21,0,3.7e-11,1,0.000181,4.4626192731141e-116,0.99002020836719,4.0762559213395e-07
4818,0,0,4818,1.9315568001862e-17,3.6980176480312e-11,-4.3927235463794e-17,3.8040358207326e-21,0,3.7e-11,1,0.000181,3.9396142538111e-116,0.99658001716211,4.2246782060986e-07
4819,0,0,4819,1.9313263009154e-17,3.7302609361938e-11,-5.8360351574297e-17,2.3049927079495e-21,0,3.7e-11,1,0.000181,3.4777902244088e-116,1.0052947635511,4.4286448794008e-07
4820,0,0,4820,1.9312469156098e-17,3.7490625027319e-11,-3.4030835433879e-17,7.9385305671354e-22,0,3.7e-11,1,0.000181,3.070003592396e-116,1.0103763865594,4.5512372636381e-07
4821,0,0,4821,1.9313187493811e-17,3.7411433153982e-11,1.4333729074033e-17,-7.1833771365e-22,0,3.7e-11,1,0.000181,2.7099432978003e-116,1.0082359583958,4.4992673411313e-07
4822,0,0,4822,1.9315407809979e-17,3.6257303392019e-11,2.0889748691522e-16,-2.220316167674e-21,0,3.7e-11,1,0.000181,2.3920339709324e-116,0.97704293058765,3.7951466651523e-07
4823,0,0,4823,1.9319108492046e-17,3.6629063050054e-11,-6.7288498104274e-17,-3.7006820669583e-21,0,3.7e-11,1,0.000181,2.1113503336537e-116,0.98708993632487,4.0113440861689e-07
4824,0,0,4824,1.9324256572111e-17,3.6236470869961e-11,7.1059184596712e-17,-5.148080065029e-21,0,3.7e-11,1,0.000181,1.8635415412745e-116,0.97647856814856,3.7832901965519e-07
4825,0,0,4825,1.9330807737707e-17,3.750208588014e-11,-2.2907631684234e-16,-6.5511655961517e-21,0,3.7e-11,1,0.000181,1.6447643128786e-116,1.0106834010106,4.5587315901219e-07
4826,0,0,4826,1.9338706545661e-17,3.6381078583207e-11,2.0290232074489e-16,-7.8988079540593e-21,0,3.7e-11,1,0.000181,1.4516238311644e-116,0.98038472704417,3.8659756260843e-07
4827,0,0,4827,1.9347886601872e-17,3.6464228087429e-11,-1.5050060264142e-17,-9.1800562105847e-21,0,3.7e-11,1,0.000181,1.2811215107932e-116,0.98263064017063,3.9141802097609e-07
4828,0,0,4828,1.9358271096628e-17,3.6046430954639e-11,7.5621281035035e-17,-1.0384494755844e-20,0,3.7e-11,1,0.000181,1.1306088385237e-116,0.971337275152,3.6766629618712e-07
4829,0,0,4829,1.9369773350556e-17,3.6268654080249e-11,-4.0222385735548e-17,-1.1502253927866e-20,0,3.7e-11,1,0.000181,9.9774658065204e-117,0.97734158805055,3.8014332897783e-07
4830,0,0,4830,1.9382297557406e-17,3.732896978141e-11,-1.9191714191006e-16,-1.2524206850727e-20,0,3.7e-11,1,0.000181,8.8046873485298e-117,1.005996899041,4.4454214890237e-07
4831,0,0,4831,1.9395739610382e-17,3.6452694977164e-11,1.5860573956852e-16,-1.3442052975573e-20,0,3.7e-11,1,0.000181,7.7695067567618e-117,0.98231178904827,3.907306938219e-07
4832,0,0,4832,1.9409987972338e-17,3.7408250196245e-11,-1.7295549465369e-16,-1.4248361956139e-20,0,3.7e-11,1,0.000181,6.8558100675664e-117,1.0081354782064,4.4968396095793e-07
4833,0,0,4833,1.942492483246e-17,3.6261105796462e-11,2.0763313636074e-16,-1.4936860122121e-20,0,3.7e-11,1,0.000181,6.049366892334e-117,0.97712934512874,3.7969647858107e-07
4834,0,0,4834,1.9440427153746e-17,3.7109675972045e-11,-1.5359120178061e-16,-1.5502321286216e-20,0,3.7e-11,1,0.000181,5.3376106577321e-117,1.0000613593828,4.3052186684762e-07
4835,0,0,4835,1.9456367993877e-17,3.749614178553e-11,-6.9950312240726e-17,-1.5940840130247e-20,0,3.7e-11,1,0.000181,4.7094444372773e-117,1.0105040010732,4.5543511561328e-07
4836,0,0,4836,1.9472617681603e-17,3.7836433917587e-11,-6.1592875902351e-17,-1.6249687726223e-20,0,3.7e-11,1,0.000181,4.1550693997508e-117,1.0196986593104,4.7833256402571e-07
4837,0,0,4837,1.9489045055416e-17,3.7743803003898e-11,1.676619537779e-17,-1.6427373813009e-20,0,3.7e-11,1,0.000181,3.6658332450427e-117,1.0171926681574,4.7200090315858e-07
4838,0,0,4838,1.9505518691865e-17,3.7174229461089e-11,1.0309281124839e-16,-1.6473636449218e-20,0,3.7e-11,1,0.000181,3.2340963031105e-117,1.0017963287689,4.3458218472919e-07
4839,0,0,4839,1.952190812794e-17,3.7728806775535e-11,-1.0037849391467e-16,-1.6389436075258e-20,0,3.7e-11,1,0.000181,2.8531132415184e-117,1.0167824575547,4.7097100096169e-07
4840,0,0,4840,1.9538085076253e-17,3.7826515183051e-11,-1.7685221760409e-17,-1.6176948312892e-20,0,3.7e-11,1,0.000181,2.5169285655433e-117,1.0194208097739,4.7762715229867e-07
4841,0,0,4841,1.9553924450815e-17,3.6839388717746e-11,1.786698902202e-16,-1.5839374561528e-20,0,3.7e-11,1,0.000181,2.2202843057206e-117,0.99273935097225,4.1372544251776e-07
4842,0,0,4842,1.9569305349675e-17,3.6770857586932e-11,1.2404134677251e-17,-1.5380898859985e-20,0,3.7e-11,1,0.000181,1.9585384741444e-117,0.99088486156265,4.0955726200552e-07
4843,0,0,4843,1.9584112043057e-17,3.6293346748164e-11,8.6429461817129e-17,-1.4806693382661e-20,0,3.7e-11,1,0.000181,1.7275930356627e-117,0.97797695227334,3.8148357100928e-07
4844,0,0,4844,1.9598234769915e-17,3.6971423350629e-11,-1.2273186504631e-16,-1.4122726857275e-20,0,3.7e-11,1,0.000181,1.5238302858293e-117,0.99630123812065,4.2182821903499e-07
4845,0,0,4845,1.9611570484248e-17,3.6417733825636e-11,1.0021780402375e-16,-1.3335714333813e-20,0,3.7e-11,1,0.000181,1.3440566562782e-117,0.98133466506733,3.8863049559115e-07
4846,0,0,4846,1.9624023391419e-17,3.6111826943808e-11,5.5369145610983e-17,-1.2452907170804e-20,0,3.7e-11,1,0.000181,1.1854530820621e-117,0.97306505202893,3.7122189841341e-07
4847,0,0,4847,1.9635505509032e-17,3.6328894811877e-11,-3.9289284120487e-17,-1.1482117612375e-20,0,3.7e-11,1,0.000181,1.0455311661462e-117,0.97893003664934,3.8350123646096e-07
4848,0,0,4848,1.9645937119032e-17,3.7073754138926e-11,-1.3481953819593e-16,-1.043161000087e-20,0,3.7e-11,1,0.000181,9.2209446522042e-118,0.99905981215866,4.2819208125478e-07
4849,0,0,4849,1.9655247096241e-17,3.7672217214802e-11,-1.0832181673356e-16,-9.3099772085637e-21,0,3.7e-11,1,0.000181,8.132042996329e-118,1.0152330997137,4.6709759449787e-07
4850,0,0,4850,1.9663373113664e-17,3.6929709566924e-11,1.3439388426601e-16,-8.1260174230027e-21,0,3.7e-11,1,0.000181,7.1714955975389e-118,0.99516411206503,4.1922748802621e-07
4851,0,0,4851,1.9670261779075e-17,3.6859540496176e-11,1.2700601805393e-17,-6.8886654106316e-21,0,3.7e-11,1,0.000181,6.3242004251349e-118,0.99326662207387,4.1491683916573e-07
4852,0,0,4852,1.967586881381e-17,3.630447670328e-11,1.0046654651413e-16,-5.6070347348898e-21,0,3.7e-11,1,0.000181,5.5768290614937e-118,0.97826406069581,3.8209046213927e-07
4853,0,0,4853,1.9680159097736e-17,3.7645239155554e-11,-2.4267800386159e-16,-4.2902839266794e-21,0,3.7e-11,1,0.000181,4.9176187918568e-118,1.0145002431025,4.6527451788885e-07
4854,0,0,4854,1.9683106705612e-17,3.6461729571391e-11,2.1421523473351e-16,-2.9476078752552e-21,0,3.7e-11,1,0.000181,4.3361890206993e-118,0.98251305744604,3.9116444070787e-07
4855,0,0,4855,1.9684694706699e-17,3.7066917418622e-11,-1.0953900034894e-16,-1.5880010875292e-21,0,3.7e-11,1,0.000181,3.8233791736884e-118,0.99886924862833,4.2774996121376e-07
4856,0,0,4856,1.9684915175724e-17,3.7922026856122e-11,-1.5477480818741e-16,-2.2046902503241e-22,0,3.7e-11,1,0.000181,3.3711055754034e-118,1.0219802815861,4.8415739786251e-07
4857,0,0,4857,1.9683768970989e-17,3.7617629194257e-11,5.5095976797631e-17,1.1462047354849e-21,0,3.7e-11,1,0.000181,2.9722350856203e-118,1.0137534889039,4.6342284103337e-07
4858,0,0,4858,1.9681265415503e-17,3.6959507281078e-11,1.1912006628524e-16,2.5035554858017e-21,0,3.7e-11,1,0.000181,2.6204735355341e-118,0.99596678400175,4.2106192437577e-07
4859,0,0,4859,1.96774220313e-17,3.7241592553882e-11,-5.105743437741e-17,3.8433842026881e-21,0,3.7e-11,1,0.000181,2.3102672337771e-118,1.0035912841901,4.3881569229274e-07
4860,0,0,4860,1.9672264235912e-17,3.7548100437033e-11,-5.5477926850412e-17,5.1577953877231e-21,0,3.7e-11,1,0.000181,2.0367160139648e-118,1.0118760511971,4.5879401136341e-07
4861,0,0,4861,1.9665824881869e-17,3.7258985135756e-11,5.2329869531091e-17,6.4393540435272e-21,0,3.7e-11,1,0.000181,1.7954964738628e-118,1.0040630856637,4.3993402614503e-07
4862,0,0,4862,1.9658143739278e-17,3.6711247702954e-11,9.9140475337236e-17,7.6811425911311e-21,0,3.7e-11,1,0.000181,1.5827942138632e-118,0.98926051821643,4.0593455044565e-07
4863,0,0,4863,1.964926698666e-17,3.6896166060227e-11,-3.347022266642e-17,8.8767526176271e-21,0,3.7e-11,1,0.000181,1.3952440216774e-118,0.99425963713819,4.1716820363435e-07
4864,0,0,4864,1.9639246680646e-17,3.6750595471697e-11,2.634827652395e-17,1.0020306013676e-20,0,3.7e-11,1,0.000181,1.2298770731585e-118,0.99032679314566,4.0830966292724e-07
4865,0,0,4865,1.962814013407e-17,3.7392060067479e-11,-1.161050918365e-16,1.1106546576168e-20,0,3.7e-11,1,0.000181,1.0840743278198e-118,1.0076653325488,4.4854944672559e-07
4866,0,0,4866,1.9616009318431e-17,3.6335738762619e-11,1.9119415617967e-16,1.2130815639021e-20,0,3.7e-11,1,0.000181,9.5552539361442e-119,0.97911791947373,3.8390000636216e-07
4867,0,0,4867,1.9602920187856e-17,3.6556104712081e-11,-3.9886236852652e-17,1.3089130575307e-20,0,3.7e-11,1,0.000181,8.4219222032521e-119,0.9850757104224,3.9672153844683e-07
4868,0,0,4868,1.9588942182246e-17,3.6258572315678e-11,5.3853363748855e-17,1.3978005610199e-20,0,3.7e-11,1,0.000181,7.4227705582545e-119,0.97703638150747,3.7950089045756e-07
4869,0,0,4869,1.9574147638257e-17,3.7017345160943e-11,-1.3733788499292e-16,1.4794543989184e-20,0,3.7e-11,1,0.000181,6.5419416562411e-119,0.99754596483387,4.246901098362e-07
4870,0,0,4870,1.955861130701e-17,3.7142478436613e-11,-2.2649122896287e-17,1.5536331246807e-20,0,3.7e-11,1,0.000181,5.7654487455235e-119,1.0009302651516,4.325514670118e-07
4871,0,0,4871,1.9542409835054e-17,3.7473707554239e-11,-5.9952470290312e-17,1.6201471956053e-20,0,3.7e-11,1,0.000181,5.0809554106122e-119,1.0098848226791,4.5392589428352e-07
4872,0,0,4872,1.9525621351672e-17,3.6448683548836e-11,1.8552934497802e-16,1.67884833813e-20,0,3.7e-11,1,0.000181,4.4775812018943e-119,0.98218397804802,3.9045545619282e-07
4873,0,0,4873,1.9508325068721e-17,3.613546760246e-11,5.6692086294078e-17,1.7296282951307e-20,0,3.7e-11,1,0.000181,3.9457301152166e-119,0.97372126489122,3.7257964655812e-07
4874,0,0,4874,1.9490601055669e-17,3.6825449193116e-11,-1.2488666790884e-16,1.7724013052434e-20,0,3.7e-11,1,0.000181,3.4769392401668e-119,0.99237206255015,4.1289718448791e-07
4875,0,0,4875,1.9472530006563e-17,3.7634652883268e-11,-1.4646586791746e-16,1.807104910524e-20,0,3.7e-11,1,0.000181,3.063745209867e-119,1.014245130934,4.6464125602344e-07
4876,0,0,4876,1.9454192969642e-17,3.7466362046474e-11,3.046064145968e-17,1.8337036921422e-20,0,3.7e-11,1,0.000181,2.699566362409e-119,1.0096994680368,4.5347489406119e-07
4877,0,0,4877,1.9435671110437e-17,3.694967075618e-11,9.3521123543326e-17,1.8521859204887e-20,0,3.7e-11,1,0.000181,2.3785987689528e-119,0.99573760426431,4.2053748793548e-07
4878,0,0,4878,1.9417045579187e-17,3.6108341667407e-11,1.522805650678e-16,1.8625531249742e-20,0,3.7e-11,1,0.000181,2.0957244997521e-119,0.97300176141877,3.7109115952559e-07
4879,0,0,4879,1.9398397413577e-17,3.6320391062368e-11,-3.8380940487885e-17,1.8648165610632e-20,0,3.7e-11,1,0.000181,1.8464306903234e-119,0.97873561070255,3.830889348202e-07
4880,0,0,4880,1.9379807509911e-17,3.7853090563914e-11,-2.7741860977984e-16,1.8589903665221e-20,0,3.7e-11,1,0.000181,1.6267381385778e-119,1.0201626974106,4.7951257006158e-07
4881,0,0,4881,1.9361356536292e-17,3.7246703777676e-11,1.0975600830911e-16,1.8450973619195e-20,0,3.7e-11,1,0.000181,1.433138312604e-119,1.0037766204604,4.3925472705545e-07
4882,0,0,4882,1.9343124742806e-17,3.6460035962059e-11,1.4238687462668e-16,1.8231793486213e-20,0,3.7e-11,1,0.000181,1.262537780234e-119,0.98251805052857,3.9117520612367e-07
4883,0,0,4883,1.9325192009081e-17,3.7605341029974e-11,-2.0730021729269e-16,1.7932733725164e-20,0,3.7e-11,1,0.000181,1.1122091875684e-119,1.0134749192797,4.6273363111661e-07
4884,0,0,4884,1.9307637927503e-17,3.78399485747e-11,-4.2463965595432e-17,1.7554081577675e-20,0,3.7e-11,1,0.000181,9.7974801609677e-120,1.0198182849176,4.7863653414349e-07
4885,0,0,4885,1.9290541718038e-17,3.7798521018099e-11,7.4983877447747e-18,1.7096209465705e-20,0,3.7e-11,1,0.000181,8.6303443849506e-120,1.0187011740418,4.7580406461859e-07
4886,0,0,4886,1.9273982262995e-17,3.7443894985915e-11,6.4187311825285e-17,1.6559455042658e-20,0,3.7e-11,1,0.000181,7.6019967303847e-120,1.0091191593531,4.520652635347e-07
4887,0,0,4887,1.9258038170595e-17,3.6776317726337e-11,1.2083148398375e-16,1.5944092399697e-20,0,3.7e-11,1,0.000181,6.6959630705328e-120,0.99107891149714,4.0999180110655e-07
4888,0,0,4888,1.924278785068e-17,3.6160878585636e-11,1.1139448446679e-16,1.5250319914889e-20,0,3.7e-11,1,0.000181,5.8977212206044e-120,0.97444769839472,3.7408740516883e-07
4889,0,0,4889,1.9228309621833e-17,3.65623844029e-11,-7.2672552924721e-17,1.4478228846898e-20,0,3.7e-11,1,0.000181,5.1944700818875e-120,0.98530136886711,3.9721394469651e-07
4890,0,0,4890,1.9214681820832e-17,3.6624402600903e-11,-1.1225293838509e-17,1.362780100156e-20,0,3.7e-11,1,0.000181,4.574926039211e-120,0.986979571292,4.0089158348048e-07
4891,0,0,4891,1.9201982813052e-17,3.647538480775e-11,2.6972220560671e-17,1.2699007779613e-20,0,3.7e-11,1,0.000181,4.0291434003065e-120,0.9829539595923,3.9211598646055e-07
4892,0,0,4892,1.9190291024371e-17,3.6780439616559e-11,-5.5214920394546e-17,1.1691788680947e-20,0,3.7e-11,1,0.000181,3.54835604337e-120,0.99120042997952,4.1026411073037e-07
4893,0,0,4893,1.9179684954588e-17,3.6525079556251e-11,4.6220170915716e-17,1.0606069783186e-20,0,3.7e-11,1,0.000181,3.1248377724932e-120,0.98430039043257,3.9503351420067e-07
4894,0,0,4894,1.9170243085509e-17,3.6631403122457e-11,-1.9244565483245e-17,9.4418690789405e-21,0,3.7e-11,1,0.000181,2.7517791748678e-120,0.9871754101955,4.0132255061107e-07
4895,0,0,4895,1.9162043776729e-17,3.6773632268574e-11,-2.5743475447065e-17,8.1993087802452e-21,0,3.7e-11,1,0.000181,2.4231790333318e-120,0.99102066549725,4.0986133045031e-07
4896,0,0,4896,1.9155165054101e-17,3.7407779513716e-11,-1.1478065137084e-16,6.8787226282957e-21,0,3.7e-11,1,0.000181,2.1337485769934e-120,1.0081608073658,4.4974514941758e-07
4897,0,0,4897,1.9149684300651e-17,3.6462087111363e-11,1.7117032482589e-16,5.4807534492776e-21,0,3.7e-11,1,0.000181,1.8788270548964e-120,0.98260237163747,3.9135704449475e-07
4898,0,0,4898,1.9145677796831e-17,3.6539048710417e-11,-1.3930049428698e-17,4.0065038202115e-21,0,3.7e-11,1,0.000181,1.6543072961534e-120,0.98468301310865,3.9586582563658e-07
4899,0,0,4899,1.914322031153e-17,3.6829713393778e-11,-5.2610307688345e-17,2.4574853006168e-21,0,3.7e-11,1,0.000181,1.4565700774508e-120,0.99253918231481,4.1327388206772e-07
4900,0,0,4900,1.9142384490883e-17,3.6527327047789e-11,5.4731928623992e-17,8.3582064768936e-22,0,3.7e-11,1,0.000181,1.2824262577891e-120,0.9843667031744,3.9517766067339e-07
4901,0,0,4901,1.9143240150444e-17,3.7795867663154e-11,-2.2960585138096e-16,-8.5565956073892e-22,0,3.7e-11,1,0.000181,1.1290657629319e-120,1.0186514569031,4.7567832364249e-07
4902,0,0,4902,1.914585355664e-17,3.7013969762199e-11,1.4152352007273e-16,-2.6134061968323e-21,0,3.7e-11,1,0.000181,9.9401261022418e-121,0.99751869096632,4.2462723224469e-07
4903,0,0,4903,1.9150286477546e-17,3.6940905649906e-11,1.3224604325104e-17,-4.4329209058973e-21,0,3.7e-11,1,0.000181,8.7508525989417e-121,0.99554332330229,4.2009332825401e-07
4904,0,0,4904,1.9156595376105e-17,3.7331359847435e-11,-7.0672209752714e-17,-6.3088985591805e-21,0,3.7e-11,1,0.000181,7.7036166316578e-121,1.0060951974032,4.4477743291948e-07
4905,0,0,4905,1.9164830484708e-17,3.64569031965e-11,1.5827665381912e-16,-8.2351086021322e-21,0,3.7e-11,1,0.000181,6.7814845181248e-121,0.9824600041932,3.9105006930844e-07
4906,0,0,4906,1.9175034801213e-17,3.6143057116042e-11,5.6806140562965e-17,-1.0204316505325e-20,0,3.7e-11,1,0.000181,5.9695377932933e-121,0.97397615397975,3.7310811962368e-07
4907,0,0,4907,1.9187243224563e-17,3.6934501955483e-11,-1.432515159389e-16,-1.2208423349656e-20,0,3.7e-11,1,0.000181,5.2546338172745e-121,0.99536473207674,4.1968537547861e-07
4908,0,0,4908,1.9201481676264e-17,3.7444025279628e-11,-9.222372167028e-17,-1.4238451701688e-20,0,3.7e-11,1,0.000181,4.6251947696764e-121,1.0091335066353,4.521000714579e-07
4909,0,0,4909,1.921776616863e-17,3.6649763653604e-11,1.4376135431037e-16,-1.628449236592e-20,0,3.7e-11,1,0.000181,4.0710216704927e-121,0.98766454459217,4.024006000545e-07
4910,0,0,4910,1.9236101983701e-17,3.7584519628753e-11,-1.6919083150185e-16,-1.8335815070568e-20,0,3.7e-11,1,0.000181,3.5831304646512e-121,1.0129254816814,4.6137671563345e-07
4911,0,0,4911,1.925648306951e-17,3.7705753727824e-11,-2.1943371931854e-17,-2.0381085809484e-20,0,3.7e-11,1,0.000181,3.1536075574609e-121,1.0161990356378,4.6950937963438e-07
4912,0,0,4912,1.9278891357511e-17,3.705837463259e-11,1.1717561623735e-16,-2.2408288000405e-20,0,3.7e-11,1,0.000181,2.7754824970329e-121,0.9986989573154,4.273551890486e-07
4913,0,0,4913,1.9303296264901e-17,3.6480820201434e-11,1.0453735203921e-16,-2.4404907390506e-20,0,3.7e-11,1,0.000181,2.4426157721468e-121,0.98308573393977,3.9240074511933e-07
4914,0,0,4914,1.9329654394863e-17,3.6765837995026e-11,-5.1588220640104e-17,-2.6358129961898e-20,0,3.7e-11,1,0.000181,2.1495999342799e-121,0.9907849817388,4.0933374595576e-07
4915,0,0,4915,1.9357909356264e-17,3.6545444897127e-11,3.9891150719702e-17,-2.8254961401036e-20,0,3.7e-11,1,0.000181,1.8916724644131e-121,0.98482419247778,3.9617329116152e-07
4916,0,0,4916,1.938799165679e-17,3.747478327999e-11,-1.6821024729827e-16,-3.0082300525881e-20,0,3.7e-11,1,0.000181,1.6646389920941e-121,1.0099369541618,4.5405280515847e-07
4917,0,0,4917,1.941981879785e-17,3.6625746368712e-11,1.5367568094137e-16,-3.1827141059572e-20,0,3.7e-11,1,0.000181,1.4648056390429e-121,0.98698525816619,4.009040928112e-07
4918,0,0,4918,1.9453295381122e-17,3.6178396503906e-11,8.0970325529928e-17,-3.3476583272735e-20,0,3.7e-11,1,0.000181,1.2889194049181e-121,0.97488972253633,3.750072861342e-07
4919,0,0,4919,1.9488313514463e-17,3.7366284401454e-11,-2.1500770945623e-16,-3.5018133340371e-20,0,3.7e-11,1,0.000181,1.134115641023e-121,1.0069895719201,4.4692284935058e-07
4920,0,0,4920,1.9524753288708e-17,3.6838789554008e-11,9.5476567387607e-17,-3.6439774245619e-20,0,3.7e-11,1,0.000181,9.9787177074589e-122,0.99272751321291,4.1369872653097e-07
4921,0,0,4921,1.9562483180566e-17,3.6500238678727e-11,6.1277708425959e-17,-3.7729891857667e-20,0,3.7e-11,1,0.000181,8.7796651517958e-122,0.98357185570688,3.9345269191781e-07
4922,0,0,4922,1.9601360711468e-17,3.7024302044723e-11,-9.4855469245286e-17,-3.8877530901991e-20,0,3.7e-11,1,0.000181,7.7244397023961e-122,0.99772992524763,4.2511441330348e-07
4923,0,0,4923,1.9641233135115e-17,3.6491427195808e-11,9.6450347653628e-17,-3.9872423646949e-20,0,3.7e-11,1,0.000181,6.7958195907251e-122,0.98332194853011,3.9291161663184e-07
4924,0,0,4924,1.9681938060348e-17,3.6235330443546e-11,4.6353512159439e-17,-4.0704925232924e-20,0,3.7e-11,1,0.000181,5.9786415185945e-122,0.97639433660168,3.7815232021929e-07
4925,0,0,4925,1.9723304208622e-17,3.7128076286063e-11,-1.6158699749557e-16,-4.1366148273989e-20,0,3.7e-11,1,0.000181,5.2595550534679e-122,1.0005164257979,4.3158384555139e-07
4926,0,0,4926,1.9765152145279e-17,3.6776812722923e-11,6.3578704928382e-17,-4.1847936657437e-20,0,3.7e-11,1,0.000181,4.6268062753344e-122,0.99101656722468,4.0985215162164e-07
4927,0,0,4927,1.9807294869631e-17,3.6465750423094e-11,5.6302276268945e-17,-4.2142724351387e-20,0,3.7e-11,1,0.000181,4.0700471975683e-122,0.98260318526361,3.9135879941421e-07
4928,0,0,4928,1.9849538496302e-17,3.6901871488944e-11,-7.8937912918793e-17,-4.2243626671097e-20,0,3.7e-11,1,0.000181,3.5801678968779e-122,0.99438393325407,4.1745070787192e-07
4929,0,0,4929,1.9891682887229e-17,3.7897925058305e-11,-1.8028569605441e-16,-4.2144390927091e-20,0,3.7e-11,1,0.000181,3.1491486512436e-122,1.0212980069682,4.8240956725775e-07
4930,0,0,4930,1.9933522140376e-17,3.7353153487592e-11,9.8603654299121e-17,-4.1839253147418e-20,0,3.7e-11,1,0.000181,2.7699297054407e-122,1.0065682035409,4.459110265054e-07
4931,0,0,4931,1.997484493194e-17,3.6523834098661e-11,1.5010680939646e-16,-4.1322791564124e-20,0,3.7e-11,1,0.000181,2.4362965664341e-122,0.98414799565861,3.9470241047596e-07
4932,0,0,4932,2.0015434911973e-17,3.7367375462017e-11,-1.526809867675e-16,-4.0589980032518e-20,0,3.7e-11,1,0.000181,2.14277898011e-122,1.0069403499646,4.4680455725209e-07
4933,0,0,4933,2.0055071014763e-17,3.7336905282225e-11,5.5151025424238e-18,-3.9636102790405e-20,0,3.7e-11,1,0.000181,1.8845619604436e-122,1.0061109131056,4.4481505896645e-07
4934,0,0,4934,2.0093527474416e-17,3.6531181133618e-11,1.4583607089789e-16,-3.8456459653181e-20,0,3.7e-11,1,0.000181,1.6574074357897e-122,0.98432884242354,3.9509535609957e-07
4935,0,0,4935,2.0130573813283e-17,3.6903637248704e-11,-6.7414556830657e-17,-3.704633886664e-20,0,3.7e-11,1,0.000181,1.4575852476025e-122,0.99438969213114,4.1746380061417e-07
4936,0,0,4936,2.016597478543e-17,3.7337284903916e-11,-7.849022559338e-17,-3.5400972146739e-20,0,3.7e-11,1,0.000181,1.2818123872676e-122,1.0061046129347,4.4479997498108e-07
4937,0,0,4937,2.0199490067588e-17,3.7708366639443e-11,-6.7165794130219e-17,-3.3515282158418e-20,0,3.7e-11,1,0.000181,1.1271994892563e-122,1.0161288445082,4.6933378240723e-07
4938,0,0,4938,2.0230873810385e-17,3.7145905663774e-11,1.0180543659606e-16,-3.1383742796632e-20,0,3.7e-11,1,0.000181,9.9120371560904e-123,1.0009225102781,4.3253331865088e-07
4939,0,0,4939,2.0259874045062e-17,3.6835916524236e-11,5.6108034256321e-17,-2.9000234677401e-20,0,3.7e-11,1,0.000181,8.7158726967895e-123,0.99254009509357,4.1327594029278e-07
4940,0,0,4940,2.028623202941e-17,3.7530873828147e-11,-1.2578727200781e-16,-2.6357984347302e-20,0,3.7e-11,1,0.000181,7.6638086776891e-123,1.0113187891392,4.5742735909622e-07
4941,0,0,4941,2.0309681401262e-17,3.6229331742343e-11,2.3557911753039e-16,-2.3449371852889e-20,0,3.7e-11,1,0.000181,6.7385157722032e-123,0.9761384745353,3.7761598993064e-07
4942,0,0,4942,2.0329947079909e-17,3.7286826906594e-11,-1.9140662472938e-16,-2.0265678646883e-20,0,3.7e-11,1,0.000181,5.9247449993957e-123,1.0047163988373,4.414864417621e-07
4943,0,0,4943,2.0346744238327e-17,3.7376027721056e-11,-1.6145347417542e-17,-1.6797158417363e-20,0,3.7e-11,1,0.000181,5.2090784240528e-123,1.007124723499,4.4724778214785e-07
4944,0,0,4944,2.035977687651e-17,3.6650244968795e-11,1.3136667815919e-16,-1.3032638182828e-20,0,3.7e-11,1,0.000181,4.5797096787692e-123,0.98750702739665,4.0205317561367e-07
4945,0,0,4945,2.0368736340477e-17,3.6676462464774e-11,-4.7453667721745e-18,-8.9594639677315e-21,0,3.7e-11,1,0.000181,4.0262507470249e-123,0.98821427053659,4.0361500973028e-07
4946,0,0,4946,2.0373299796531e-17,3.7838696044777e-11,-2.1036427798057e-16,-4.5634560536553e-21,0,3.7e-11,1,0.000181,3.5395618706769e-123,1.0196253074971,4.7814625403819e-07
4947,0,0,4947,2.0373128497512e-17,3.7906054493989e-11,-1.2191879307423e-17,1.7129901921882e-22,0,3.7e-11,1,0.000181,3.1116018192523e-123,1.0214458317029,4.8278782294877e-07
4948,0,0,4948,2.0367865809861e-17,3.6675376976254e-11,2.2275263071003e-16,5.262687650724e-21,0,3.7e-11,1,0.000181,2.7352960878727e-123,0.98818506299718,4.0355041174477e-07
4949,0,0,4949,2.035713524448e-17,3.6625321482698e-11,9.0600443335969e-18,1.073056538095e-20,0,3.7e-11,1,0.000181,2.4044208808778e-123,0.98683381411437,4.0057107222634e-07
4950,0,0,4950,2.0340538547739e-17,3.7867731570833e-11,-2.2487622595235e-16,1.6596696741346e-20,0,3.7e-11,1,0.000181,2.1135009938917e-123,1.0204149433736,4.801550033155e-07
4951,0,0,4951,2.0317653636594e-17,3.7359958780872e-11,9.1906874982909e-17,2.2884911144775e-20,0,3.7e-11,1,0.000181,1.8577199323003e-123,1.0066947716442,4.4621475531889e-07
4952,0,0,4952,2.0288032415224e-17,3.6358479044514e-11,1.8126783228074e-16,2.9621221369635e-20,0,3.7e-11,1,0.000181,1.6328408025061e-123,0.97963217480094,3.8499321151664e-07
4953,0,0,4953,2.0251198853002e-17,3.743584797051e-11,-1.9500377560527e-16,3.6833562221913e-20,0,3.7e-11,1,0.000181,1.4351366870821e-123,1.0087557538912,4.5118433433113e-07
4954,0,0,4954,2.020664723889e-17,3.6943075190975e-11,8.9191873095882e-17,4.4551614112396e-20,0,3.7e-11,1,0.000181,1.2613293688741e-123,0.99544422313388,4.1986691558512e-07
4955,0,0,4955,2.0153840425003e-17,3.7091544166571e-11,-2.6872884582893e-17,5.2806813887228e-20,0,3.7e-11,1,0.000181,1.1085354046806e-123,0.99946478329467,4.2913287847734e-07
4956,0,0,4956,2.0092208544787e-17,3.7775851261216e-11,-1.2385958413065e-16,6.1631880216118e-20,0,3.7e-11,1,0.000181,9.742186685496e-124,1.0179687725452,4.7395446641313e-07
4957,0,0,4957,2.0021148047574e-17,3.7437080199649e-11,6.1317562143572e-17,7.1060497212734e-20,0,3.7e-11,1,0.000181,8.5614858989892e-124,1.0088234087037,4.5134822987335e-07
4958,0,0,4958,1.9940021130875e-17,3.7027022854662e-11,7.4220379442713e-17,8.112691669838e-20,0,3.7e-11,1,0.000181,7.5236340429324e-124,0.9977528916773,4.2516740948047e-07
4959,0,0,4959,1.9848155832662e-17,3.7254630904413e-11,-4.1197057004914e-17,9.1865298213112e-20,0,3.7e-11,1,0.000181,6.6113781627603e-124,1.0039181779701,4.3959029746086e-07
4960,0,0,4960,1.9744846766206e-17,3.7126973092571e-11,2.3106063943309e-17,1.0330906645681e-19,0,3.7e-11,1,0.000181,5.8095454549109e-124,1.0004833930102,4.3150668582429e-07
4961,0,0,4961,1.9629356506113e-17,3.6546304664253e-11,1.0510098552561e-16,1.1549026009296e-19,0,3.7e-11,1,0.000181,5.104792905847e-124,0.9848068967782,3.9613561350062e-07
4962,0,0,4962,1.9500917814052e-17,3.7015472437103e-11,-8.4919366885897e-17,1.2843869206087e-19,0,3.7e-11,1,0.000181,4.4853870108283e-124,0.99750628539668,4.2459863476621e-07
4963,0,0,4963,1.935873676281e-17,3.6440090255969e-11,1.0414417478525e-16,1.4218105124165e-19,0,3.7e-11,1,0.000181,3.9410099648813e-124,0.98197664619495,3.9000930871871e-07
4964,0,0,4964,1.9201996641606e-17,3.6169360615174e-11,4.9002064983903e-17,1.5674012120402e-19,0,3.7e-11,1,0.000181,3.4625891503043e-124,0.97468303340375,3.7457692332581e-07
4965,0,0,4965,1.9029862895143e-17,3.7628945495518e-11,-2.6418486334229e-16,1.7213374646345e-19,0,3.7e-11,1,0.000181,3.0421471253268e-124,1.0141569765259,4.6442259484226e-07
4966,0,0,4966,1.8841488947437e-17,3.674344668757e-11,1.6027528423854e-16,1.883739477056e-19,0,3.7e-11,1,0.000181,2.6726696533727e-124,0.99025270442031,4.0814426590899e-07
4967,0,0,4967,1.863602273368e-17,3.6880683572309e-11,-2.4839876137689e-17,2.054662137566e-19,0,3.7e-11,1,0.000181,2.3479896071625e-124,0.99399248974978,4.1656154992404e-07
4968,0,0,4968,1.8412614283941e-17,3.6872138999442e-11,1.5465676888763e-18,2.2340844973987e-19,0,3.7e-11,1,0.000181,2.0626848414269e-124,0.99379491482979,4.161133482578e-07
4969,0,0,4969,1.8170423946197e-17,3.7509210727425e-11,-1.1530998276494e-16,2.4219033774338e-19,0,3.7e-11,1,0.000181,1.8119883564998e-124,1.0110492336446,4.5676748231549e-07
4970,0,0,4970,1.7908631263742e-17,3.7710881668398e-11,-3.6502440315963e-17,2.6179268245492e-19,0,3.7e-11,1,0.000181,1.5917092762047e-124,1.016538890655,4.7036035306188e-07
4971,0,0,4971,1.7626444312071e-17,3.6904556627767e-11,1.4594483235408e-16,2.8218695167149e-19,0,3.7e-11,1,0.000181,1.3981633405282e-124,0.99478845831175,4.1837120564802e-07
4972,0,0,4972,1.7323109444597e-17,3.7277258231194e-11,-6.7458990220299e-17,3.0333486747406e-19,0,3.7e-11,1,0.000181,1.2281117694514e-124,1.0049067687624,4.4193964191275e-07
4973,0,0,4973,1.6997921343603e-17,3.7126554682513e-11,2.7277342311408e-17,3.251881009939e-19,0,3.7e-11,1,0.000181,1.0787074915308e-124,1.0008822571586,4.3243912616715e-07
4974,0,0,4974,1.6650233020456e-17,3.7085323685435e-11,7.4628104710708e-18,3.4768832314642e-19,0,3.7e-11,1,0.000181,9.4744785159165e-125,0.99981982291224,4.2995906454315e-07
4975,0,0,4975,1.6279465760701e-17,3.6435930542217e-11,1.1754015892252e-16,3.7076725975584e-19,0,3.7e-11,1,0.000181,8.321330182173e-125,0.98232402006577,3.9075704128789e-07
4976,0,0,4976,1.5885118810455e-17,3.7734429673605e-11,-2.3502834278129e-16,3.9434695024604e-19,0,3.7e-11,1,0.000181,7.308294052835e-125,1.0174774753042,4.7271703850204e-07
4977,0,0,4977,1.5466778692104e-17,3.6350469825425e-11,2.5049673252058e-16,4.1834011835043e-19,0,3.7e-11,1,0.000181,6.4183750414874e-125,0.98013562187693,3.8606589788558e-07
4978,0,0,4978,1.5024127799641e-17,3.6856107429177e-11,-9.1520406279084e-17,4.4265089246263e-19,0,3.7e-11,1,0.000181,5.6366359559297e-125,0.99386759995242,4.1627818980624e-07
4979,0,0,4979,1.4556952520637e-17,3.6943892859489e-11,-1.588916288646e-17,4.6717527900418e-19,0,3.7e-11,1,0.000181,4.9499487439016e-125,0.99630993803894,4.2184816727845e-07
4980,0,0,4980,1.4065150400635e-17,3.7759824744379e-11,-1.4768367116508e-16,4.9180212000229e-19,0,3.7e-11,1,0.000181,4.3467757554002e-125,1.0184355873274,4.7513267615866e-07
4981,0,0,4981,1.3548736427024e-17,3.7514067998046e-11,4.4481971086245e-17,5.1641397361055e-19,0,3.7e-11,1,0.000181,3.8169774059061e-125,1.0118706243421,4.5878068628872e-07
4982,0,0,4982,1.3007848252338e-17,3.6345717693001e-11,2.1147140521305e-16,5.4088817468666e-19,0,3.7e-11,1,0.000181,3.3516430595898e-125,0.98037435481274,3.8657541326875e-07
4983,0,0,4983,1.2442750402078e-17,3.7037652620004e-11,-1.2524022178752e-16,5.6509785025937e-19,0,3.7e-11,1,0.000181,2.9429423341557e-125,0.99915967953093,4.2842392893933e-07
4984,0,0,4984,1.1853837394664e-17,3.6817622507121e-11,3.9825450431906e-17,5.8891300741471e-19,0,3.7e-11,1,0.000181,2.5839943656266e-125,0.99330085656177,4.149942903845e-07
4985,0,0,4985,1.1241635552104e-17,3.6994443292772e-11,-3.2004562202851e-17,6.1220184255962e-19,0,3.7e-11,1,0.000181,2.2687528675948e-125,0.99817121105563,4.2613364524008e-07
4986,0,0,4986,1.060680366055e-17,3.6226423084059e-11,1.3901165777707e-16,6.3483189155367e-19,0,3.7e-11,1,0.000181,1.9919050800975e-125,0.97750870159087,3.804954668485e-07
4987,0,0,4987,9.9501323749159e-18,3.6362982843647e-11,-2.4717316485545e-17,6.5667128563451e-19,0,3.7e-11,1,0.000181,1.7487829326032e-125,0.98129756044875,3.8855092591155e-07
4988,0,0,4988,9.2725424398754e-18,3.7438312086502e-11,-1.9463459295673e-16,6.7758993504047e-19,0,3.7e-11,1,0.000181,1.535284947358e-125,1.0104616910881,4.5533185674596e-07
4989,0,0,4989,8.5750816380634e-18,3.7550057425377e-11,-2.0225906336404e-17,6.9746080181197e-19,0,3.7e-11,1,0.000181,1.3478075868489e-125,1.0135859806414,4.6300830810584e-07
4990,0,0,4990,7.8589204872016e-18,3.6786822146898e-11,1.3814558540479e-16,7.1616115086184e-19,0,3.7e-11,1,0.000181,1.1831849053109e-125,0.99306493774844,4.1446079297292e-07
4991,0,0,4991,7.1253468056933e-18,3.6507323946465e-11,5.0589174278295e-17,7.3357368150826e-19,0,3.7e-11,1,0.000181,1.0386355015915e-125,0.98562046998724,3.9791110139979e-07
4992,0,0,4992,6.3757591725183e-18,3.7620173975737e-11,-2.0142585529817e-16,7.4958763317504e-19,0,3.7e-11,1,0.000181,9.1171589154143e-126,1.015809426674,4.6853537059182e-07
4993,0,0,4993,5.6116592759821e-18,3.6425656585107e-11,2.1620764770401e-16,7.6409989653622e-19,0,3.7e-11,1,0.000181,8.002795244237e-126,0.98363926872158,3.935987521703e-07
4994,0,0,4994,4.8346432025754e-18,3.6126110897112e-11,5.421776952704e-17,7.7701607340669e-19,0,3.7e-11,1,0.000181,7.024407613484e-126,0.97565946381585,3.7661356967471e-07
4995,0,0,4995,4.0463918694672e-18,3.7503263013472e-11,-2.4926453306107e-16,7.8825133310821e-19,0,3.7e-11,1,0.000181,6.1654321600932e-126,1.0129974934402,4.6155437410166e-07
4996,0,0,4996,3.2486605755752e-18,3.7106140301298e-11,7.1879210903378e-17,7.9773129389199e-19,0,3.7e-11,1,0.000181,5.411319303533e-126,1.0023835648737,4.3596353378325e-07
4997,0,0,4997,2.4432677697344e-18,3.745194955268e-11,-6.2591474499992e-17,8.0539280584078e-19,0,3.7e-11,1,0.000181,4.7492892145814e-126,1.011850022587,4.5873010370698e-07
4998,0,0,4998,1.6320832221289e-18,3.6333501275282e-11,2.024391382089e-16,8.1118454760547e-19,0,3.7e-11,1,0.000181,4.1681169186996e-126,0.98174281732178,3.8950664239004e-07
4999,0,0,4999,8.1701565700797e-19,3.6430601337268e-11,-1.7575111219465e-17,8.1506756512097e-19,0,3.7e-11,1,0.000181,3.6579434488334e-126,0.98448884969219,3.9544328735156e-07
5000,0,0,5000,5.6661276647781e-298,3.7e-11,-1.0306115795442e-16,8.1701565700797e-19,0,3.7e-11,1,0.000181,3.21010989544e-126,1,4.3037883693406e-07
