x,y,z,id,xi,xv,jvx,jix
0,0,0,0,0,3.7e-11,-0.00020040576963017,-0.00020040583836534
1,0,0,1,6.9639749970411e-05,0.38474962012155,-1.6842775622603e-07,-1.6849649107643e-07
2,0,0,2,6.9543041694082e-05,0.3842149405026,3.4676421813907e-07,3.4669548422022e-07
3,0,0,3,6.9196346209862e-05,0.38229911609299,3.4676421813907e-07,3.4669548422022e-07
4,0,0,4,6.8851241675005e-05,0.38039208146526,3.4517326761811e-07,3.4510453485699e-07
5,0,0,5,6.8507883983438e-05,0.37849469791391,3.4342642279559e-07,3.4335769156738e-07
6,0,0,6,6.8166234291921e-05,0.37660675083746,3.417184208368e-07,3.4164969151652e-07
7,0,0,7,6.7826289612112e-05,0.37472822372781,3.4001340684674e-07,3.3994467980927e-07
8,0,0,8,6.7488040426912e-05,0.37285906400638,3.383179095793e-07,3.382491851999e-07
9,0,0,9,6.7151478465034e-05,0.37099922597751,3.366306832247e-07,3.3656196187816e-07
10,0,0,10,6.6816595277427e-05,0.36914866296345,3.3495190554554e-07,3.3488318760686e-07
11,0,0,11,6.6483382497128e-05,0.36730732873994,3.3328149445511e-07,3.3321278029933e-07
12,0,0,12,6.615183179163e-05,0.36547517727311,3.3161941549563e-07,3.3155070549779e-07
13,0,0,13,6.5821934871307e-05,0.36365216276599,3.2996562578861e-07,3.298969203235e-07
14,0,0,14,6.5493683487634e-05,0.3618382396487,3.2832008422969e-07,3.2825138367233e-07
15,0,0,15,6.5167069433272e-05,0.36003336257889,3.2668274963683e-07,3.2661405436208e-07
16,0,0,16,6.4842084541805e-05,0.3582374864403,3.2505358108462e-07,3.249848914672e-07
17,0,0,17,6.4518720687548e-05,0.35645056634172,3.2343253784229e-07,3.233638542571e-07
18,0,0,18,6.4196969785342e-05,0.35467255761584,3.2181957938403e-07,3.2175090220592e-07
19,0,0,19,6.3876823790352e-05,0.35290341581813,3.2021466538589e-07,3.2014599498961e-07
20,0,0,20,6.3558274697867e-05,0.35114309672573,3.1861775572505e-07,3.185490924853e-07
21,0,0,21,6.3241314543097e-05,0.34939155633634,3.1702881047883e-07,3.1696015477017e-07
22,0,0,22,6.2925935400976e-05,0.34764875086715,3.1544778992357e-07,3.1537914212069e-07
23,0,0,23,6.2612129385965e-05,0.3459146367537,3.138746545338e-07,3.1380601501124e-07
24,0,0,24,6.2299888651851e-05,0.34418917064883,3.1230936498117e-07,3.1224073411356e-07
25,0,0,25,6.1989205391556e-05,0.34247230942158,3.1075188213351e-07,3.106832602953e-07
26,0,0,26,6.1680071836937e-05,0.34076401015609,3.0920216705377e-07,3.0913355461942e-07
27,0,0,27,6.1372480258594e-05,0.33906423015057,3.0766018099921e-07,3.0759157834306e-07
28,0,0,28,6.1066422965677e-05,0.3373729269162,3.0612588542023e-07,3.0605729291655e-07
29,0,0,29,6.0761892305694e-05,0.33569005817609,3.0459924195946e-07,3.0453065998252e-07
30,0,0,30,6.0458880664319e-05,0.33401558186421,3.0308021245088e-07,3.0301164137501e-07
31,0,0,31,6.0157380465201e-05,0.33234945612433,3.0156875891888e-07,3.0150019911819e-07
32,0,0,32,5.9857384169775e-05,0.33069163930898,3.0006484357723e-07,2.9999629542583e-07
33,0,0,33,5.9558884277075e-05,0.32904208997844,2.9856842882813e-07,2.9849989269995e-07
34,0,0,34,5.9261873323545e-05,0.32740076689965,2.9707947726132e-07,2.9701095353033e-07
35,0,0,35,5.8966343882852e-05,0.32576762904521,2.955979516531e-07,2.9552944069323e-07
36,0,0,36,5.8672288565701e-05,0.32414263559236,2.9412381496546e-07,2.9405531715049e-07
37,0,0,37,5.8379700019653e-05,0.32252574592195,2.9265703034511e-07,2.9258854604875e-07
38,0,0,38,5.8088570928934e-05,0.3209169196174,2.9119756112261e-07,2.9112909071845e-07
39,0,0,39,5.7798894014261e-05,0.31931611646375,2.8974537081127e-07,2.8967691467295e-07
40,0,0,40,5.7510662032654e-05,0.31772329644659,2.8830042310647e-07,2.8823198160758e-07
41,0,0,41,5.7223867777255e-05,0.31613841975109,2.8686268188474e-07,2.8679425539865e-07
42,0,0,42,5.6938504077152e-05,0.31456144676102,2.8543211120267e-07,2.8536370010272e-07
43,0,0,43,5.6654563797197e-05,0.31299233805773,2.8400867529624e-07,2.839402799555e-07
44,0,0,44,5.6372039837826e-05,0.31143105441917,2.8259233857952e-07,2.8252395937133e-07
45,0,0,45,5.6090925134884e-05,0.30987755681892,2.8118306564445e-07,2.811147029418e-07
46,0,0,46,5.5811212659449e-05,0.30833180642522,2.7978082125928e-07,2.7971247543514e-07
47,0,0,47,5.5532895417653e-05,0.30679376459999,2.7838557036814e-07,2.7831724179539e-07
48,0,0,48,5.5255966450512e-05,0.30526339289783,2.769972780899e-07,2.7692896714133e-07
49,0,0,49,5.4980418833746e-05,0.30374065306514,2.7561590971746e-07,2.7554761676578e-07
50,0,0,50,5.4706245677611e-05,0.30222550703908,2.7424143071684e-07,2.7417315613458e-07
51,0,0,51,5.4433440126726e-05,0.30071791694667,2.7287380672627e-07,2.7280555088591e-07
52,0,0,52,5.4161995359896e-05,0.29921784510382,2.7151300355538e-07,2.7144476682918e-07
53,0,0,53,5.3891904589952e-05,0.2977252540144,2.7015898718425e-07,2.7009076994458e-07
54,0,0,54,5.362316106357e-05,0.29624010636931,2.6881172376273e-07,2.6874352638172e-07
55,0,0,55,5.3355758061111e-05,0.2947623650455,2.6747117960949e-07,2.6740300245913e-07
56,0,0,56,5.3089688896448e-05,0.2932919931051,2.6613732121114e-07,2.6606916466336e-07
57,0,0,57,5.28249469168e-05,0.29182895379449,2.6481011522141e-07,2.647419796481e-07
58,0,0,58,5.2561525502566e-05,0.29037321054333,2.6348952846053e-07,2.6342141423323e-07
59,0,0,59,5.2299418067162e-05,0.28892472696369,2.6217552791399e-07,2.6210743540433e-07
60,0,0,60,5.203861805685e-05,0.28748346684915,2.6086808073208e-07,2.6080001031148e-07
61,0,0,61,5.1779118950582e-05,0.28604939417385,2.5956715422883e-07,2.5949910626864e-07
62,0,0,62,5.1520914259829e-05,0.28462247309163,2.5827271588142e-07,2.5820469075282e-07
63,0,0,63,5.1263997528426e-05,0.28320266793512,2.5698473332915e-07,2.5691673140317e-07
64,0,0,64,5.1008362332406e-05,0.28178994321483,2.5570317437273e-07,2.5563519602032e-07
65,0,0,65,5.075400227984e-05,0.28038426361829,2.5442800697356e-07,2.5436005256537e-07
66,0,0,66,5.0500911010681e-05,0.27898559400916,2.5315919925262e-07,2.5309126915942e-07
67,0,0,67,5.0249082196598e-05,0.27759389942634,2.5189671949011e-07,2.5182881408238e-07
68,0,0,68,4.9998509540826e-05,0.27620914508311,2.5064053612428e-07,2.5057265577246e-07
69,0,0,69,4.9749186778001e-05,0.27483129636626,2.4939061775096e-07,2.493227628252e-07
70,0,0,70,4.9501107674008e-05,0.27346031883519,2.4814693312238e-07,2.4807910399291e-07
71,0,0,71,4.9254266025824e-05,0.27209617822112,2.4690945114683e-07,2.468416481836e-07
72,0,0,72,4.9008655661364e-05,0.27073884042616,2.4567814088762e-07,2.4561036446037e-07
73,0,0,73,4.8764270439323e-05,0.2693882715225,2.4445297156235e-07,2.4438522204066e-07
74,0,0,74,4.8521104249028e-05,0.26804443775155,2.4323391254208e-07,2.4316619029547e-07
75,0,0,75,4.8279151010279e-05,0.2667073055231,2.4202093335068e-07,2.419532387485e-07
76,0,0,76,4.8038404673204e-05,0.26537684141445,2.4081400366407e-07,2.4074633707549e-07
77,0,0,77,4.77988592181e-05,0.26405301216965,2.396130933094e-07,2.3954545510336e-07
78,0,0,78,4.7560508655291e-05,0.26273578469858,2.3841817226416e-07,2.3835056280964e-07
79,0,0,79,4.7323347024969e-05,0.26142512607617,2.372292106558e-07,2.3716163032146e-07
80,0,0,80,4.7087368397054e-05,0.26012100354158,2.3604617876066e-07,2.3597862791499e-07
81,0,0,81,4.685256687104e-05,0.25882338449736,2.3486904700334e-07,2.3480152601465e-07
82,0,0,82,4.6618936575847e-05,0.25753223650866,2.3369778595587e-07,2.3363029519241e-07
83,0,0,83,4.638647166968e-05,0.25624752730237,2.3253236633715e-07,2.3246490616702e-07
84,0,0,84,4.6155166339877e-05,0.2549692247664,2.3137275901213e-07,2.3130532980309e-07
85,0,0,85,4.5925014802766e-05,0.25369729694877,2.3021893499104e-07,2.3015153711075e-07
86,0,0,86,4.5696011303522e-05,0.2524317120569,2.2907086542866e-07,2.2900349924464e-07
87,0,0,87,4.5468150116018e-05,0.25117243845676,2.2792852162371e-07,2.2786118750328e-07
88,0,0,88,4.524142554269e-05,0.24991944467213,2.26791875018e-07,2.2672457332825e-07
89,0,0,89,4.5015831914386e-05,0.24867269938376,2.2566089719582e-07,2.2559362830372e-07
90,0,0,90,4.4791363590231e-05,0.2474321714286,2.2453555988318e-07,2.2446832415543e-07
91,0,0,91,4.4568014957481e-05,0.24619782979906,2.2341583494705e-07,2.2334863275025e-07
92,0,0,92,4.4345780431385e-05,0.24496964364218,2.2230169439476e-07,2.2223452609538e-07
93,0,0,93,4.4124654455048e-05,0.24374758225891,2.2119311037332e-07,2.2112597633744e-07
94,0,0,94,4.3904631499286e-05,0.24253161510328,2.2009005516854e-07,2.2002295576218e-07
95,0,0,95,4.3685706062492e-05,0.24132171178171,2.1899250120453e-07,2.1892543679352e-07
96,0,0,96,4.3467872670499e-05,0.24011784205219,2.179004210429e-07,2.1783339199281e-07
97,0,0,97,4.3251125876441e-05,0.23891997582356,2.1681378738217e-07,2.167467940584e-07
98,0,0,98,4.3035460260616e-05,0.23772808315474,2.1573257305692e-07,2.1566561582472e-07
99,0,0,99,4.2820870430355e-05,0.23654213425398,2.1465675103735e-07,2.1458983026167e-07
100,0,0,100,4.2607351019881e-05,0.23536209947813,2.1358629442842e-07,2.13519410474e-07
101,0,0,101,4.239489669018e-05,0.23418794933189,2.1252117646916e-07,2.1245432970059e-07
102,0,0,102,4.2183502128866e-05,0.23301965446707,2.1146137053221e-07,2.1139456131382e-07
103,0,0,103,4.1973162050047e-05,0.23185718568186,2.1040685012286e-07,2.1034007881884e-07
104,0,0,104,4.1763871194194e-05,0.2307005139201,2.093575888787e-07,2.0929085585292e-07
105,0,0,105,4.155562432801e-05,0.22954961027055,2.0831356056867e-07,2.0824686618487e-07
106,0,0,106,4.1348416244295e-05,0.22840444596617,2.0727473909262e-07,2.0720808371433e-07
107,0,0,107,4.1142241761824e-05,0.22726499238341,2.0624109848052e-07,2.0617448247104e-07
108,0,0,108,4.093709572521e-05,0.22613122104146,2.0521261289198e-07,2.0514603661429e-07
109,0,0,109,4.0732973004778e-05,0.2250031036016,2.0418925661538e-07,2.0412272043231e-07
110,0,0,110,4.0529868496436e-05,0.22388061186642,2.0317100406735e-07,2.0310450834149e-07
111,0,0,111,4.032777712155e-05,0.22276371777917,2.0215782979215e-07,2.0209137488589e-07
112,0,0,112,4.0126693826814e-05,0.22165239342303,2.0114970846102e-07,2.0108329473646e-07
113,0,0,113,3.9926613584123e-05,0.22054661102043,2.0014661487151e-07,2.0008024269051e-07
114,0,0,114,3.9727531390452e-05,0.21944634293232,1.9914852394682e-07,1.9908219367105e-07
115,0,0,115,3.9529442267726e-05,0.21835156165754,1.9815541073529e-07,1.9808912272621e-07
116,0,0,116,3.9332341262698e-05,0.21726223983207,1.9716725040967e-07,1.9710100502845e-07
117,0,0,117,3.9136223446823e-05,0.21617835022839,1.9618401826658e-07,1.9611781587414e-07
118,0,0,118,3.8941083916141e-05,0.21509986575477,1.9520568972577e-07,1.9513953068287e-07
119,0,0,119,3.8746917791144e-05,0.2140267594546,1.942322403297e-07,1.9416612499671e-07
120,0,0,120,3.8553720216664e-05,0.21295900450575,1.9326364574272e-07,1.9319757447988e-07
121,0,0,121,3.8361486361746e-05,0.21189657421983,1.9229988175062e-07,1.9223385491785e-07
122,0,0,122,3.8170211419529e-05,0.2108394420416,1.9134092425988e-07,1.9127494221691e-07
123,0,0,123,3.7979890607126e-05,0.20978758154825,1.9038674929724e-07,1.9032081240347e-07
124,0,0,124,3.7790519165502e-05,0.20874096644875,1.8943733300899e-07,1.8937144162355e-07
125,0,0,125,3.760209235936e-05,0.20769957058322,1.8849265166026e-07,1.8842680614219e-07
126,0,0,126,3.7414605477017e-05,0.20666336792226,1.8755268163478e-07,1.8748688234268e-07
127,0,0,127,3.7228053830291e-05,0.20563233256627,1.8661739943391e-07,1.865516467262e-07
128,0,0,128,3.704243275438e-05,0.20460643874485,1.8568678167625e-07,1.8562107591108e-07
129,0,0,129,3.6857737607748e-05,0.20358566081614,1.8476080509707e-07,1.8469514663228e-07
130,0,0,130,3.6673963772007e-05,0.20256997326615,1.838394465476e-07,1.8377383574078e-07
131,0,0,131,3.6491106651804e-05,0.20155935070817,1.8292268299455e-07,1.8285712020306e-07
132,0,0,132,3.6309161674703e-05,0.2005537678821,1.8201049151953e-07,1.8194497710042e-07
133,0,0,133,3.6128124291075e-05,0.19955319965382,1.8110284931847e-07,1.8103738362847e-07
134,0,0,134,3.5947989973978e-05,0.19855762101459,1.8019973370096e-07,1.8013431709664e-07
135,0,0,135,3.5768754219051e-05,0.19756700708039,1.7930112208985e-07,1.792357549274e-07
136,0,0,136,3.5590412544395e-05,0.19658133309133,1.7840699202057e-07,1.7834167465592e-07
137,0,0,137,3.5412960490466e-05,0.19560057441099,1.7751732114057e-07,1.7745205392937e-07
138,0,0,138,3.5236393619959e-05,0.19462470652586,1.7663208720877e-07,1.7656687050642e-07
139,0,0,139,3.5060707517703e-05,0.19365370504467,1.757512680951e-07,1.7568610225663e-07
140,0,0,140,3.4885897790543e-05,0.19268754569782,1.748748417798e-07,1.7480972716004e-07
141,0,0,141,3.4711960067236e-05,0.19172620433676,1.7400278635291e-07,1.7393772330636e-07
142,0,0,142,3.4538889998342e-05,0.19076965693337,1.7313508001385e-07,1.7307006889471e-07
143,0,0,143,3.4366683256109e-05,0.18981787957938,1.7227170107065e-07,1.7220674223287e-07
144,0,0,144,3.4195335534372e-05,0.18887084848579,1.7141262793963e-07,1.7134772173679e-07
145,0,0,145,3.4024842548442e-05,0.18792853998223,1.7055783914476e-07,1.7049298593013e-07
146,0,0,146,3.3855200034998e-05,0.18699093051639,1.6970731331698e-07,1.6964251344366e-07
147,0,0,147,3.3686403751983e-05,0.18605799665344,1.6886102919403e-07,1.6879628301465e-07
148,0,0,148,3.3518449478497e-05,0.18512971507543,1.6801896561951e-07,1.6795427348652e-07
149,0,0,149,3.3351333014689e-05,0.18420606258072,1.6718110154265e-07,1.6711646380811e-07
150,0,0,150,3.3185050181655e-05,0.18328701608339,1.6634741601761e-07,1.6628283303335e-07
151,0,0,151,3.3019596821335e-05,0.18237255261265,1.6551788820308e-07,1.6545336032057e-07
152,0,0,152,3.2854968796403e-05,0.18146264931231,1.6469249736161e-07,1.6462802493203e-07
153,0,0,153,3.2691161990169e-05,0.18055728344016,1.6387122285931e-07,1.6380680623346e-07
154,0,0,154,3.2528172306476e-05,0.17965643236743,1.6305404416507e-07,1.629896836935e-07
155,0,0,155,3.2365995669593e-05,0.1787600735782,1.6224094085029e-07,1.621766368832e-07
156,0,0,156,3.2204628024117e-05,0.17786818466887,1.6143189258816e-07,1.6136764547544e-07
157,0,0,157,3.2044065334873e-05,0.17698074334758,1.6062687915331e-07,1.6056268924456e-07
158,0,0,158,3.1884303586807e-05,0.17609772743365,1.5982588042126e-07,1.5976174806571e-07
159,0,0,159,3.1725338784893e-05,0.17521911485704,1.5902887636788e-07,1.5896480191443e-07
160,0,0,160,3.1567166954026e-05,0.17434488365776,1.5823584706892e-07,1.5817183086611e-07
161,0,0,161,3.1409784138931e-05,0.17347501198539,1.5744677269948e-07,1.5738281509559e-07
162,0,0,162,3.1253186404054e-05,0.17260947809846,1.5666163353355e-07,1.565977348765e-07
163,0,0,163,3.1097369833473e-05,0.17174826036397,1.5588040994355e-07,1.5581657058088e-07
164,0,0,164,3.0942330530795e-05,0.17089133725679,1.5510308239973e-07,1.5503930267869e-07
165,0,0,165,3.0788064619058e-05,0.17003868735916,1.5432963146977e-07,1.5426591173728e-07
166,0,0,166,3.0634568240637e-05,0.16919028936017,1.5356003781828e-07,1.5349637842089e-07
167,0,0,167,3.0481837557146e-05,0.16834612205516,1.5279428220631e-07,1.5273068349025e-07
168,0,0,168,3.0329868749344e-05,0.16750616434526,1.5203234549086e-07,1.5196880780198e-07
169,0,0,169,3.0178658017036e-05,0.16667039523684,1.512742086244e-07,1.5121073230824e-07
170,0,0,170,3.002820157898e-05,0.16583879384096,1.505198526544e-07,1.5045643805613e-07
171,0,0,171,2.9878495672793e-05,0.16501133937288,1.4976925872291e-07,1.4970590618735e-07
172,0,0,172,2.9729536554855e-05,0.16418801115152,1.4902240806593e-07,1.4895911793755e-07
173,0,0,173,2.9581320500219e-05,0.16336878859896,1.4827928201317e-07,1.4821605463607e-07
174,0,0,174,2.9433843802514e-05,0.16255365123992,1.4753986198735e-07,1.474766977053e-07
175,0,0,175,2.9287102773853e-05,0.16174257870122,1.4680412950395e-07,1.4674102866033e-07
176,0,0,176,2.9141093744745e-05,0.16093555071133,1.4607206617055e-07,1.4600902910841e-07
177,0,0,177,2.8995813063997e-05,0.1601325470998,1.4534365368651e-07,1.4528068074851e-07
178,0,0,178,2.8851257098626e-05,0.1593335477968,1.446188738425e-07,1.4455596537093e-07
179,0,0,179,2.8707422233769e-05,0.1585385328326,1.4389770851993e-07,1.4383486485674e-07
180,0,0,180,2.8564304872591e-05,0.15774748233708,1.4318013969062e-07,1.4311736117743e-07
181,0,0,181,2.8421901436197e-05,0.1569603765392,1.4246614941634e-07,1.4240343639431e-07
182,0,0,182,2.8280208363539e-05,0.15617719576655,1.417557198483e-07,1.4169307265823e-07
183,0,0,183,2.813922211133e-05,0.15539792044486,1.4104883322673e-07,1.4098625220907e-07
184,0,0,184,2.7998939153955e-05,0.15462253109745,1.4034547188043e-07,1.4028295737525e-07
185,0,0,185,2.7859355983381e-05,0.15385100834482,1.3964561822633e-07,1.3958317057337e-07
186,0,0,186,2.7720469109074e-05,0.15308333290411,1.3894925476911e-07,1.3888687430765e-07
187,0,0,187,2.7582275057904e-05,0.15231948558863,1.3825636410067e-07,1.3819405116965e-07
188,0,0,188,2.7444770374066e-05,0.15155944730742,1.3756692889973e-07,1.3750468383769e-07
189,0,0,189,2.730795161899e-05,0.15080319906471,1.3688093193143e-07,1.3681875507653e-07
190,0,0,190,2.7171815371253e-05,0.15005072195947,1.3619835604683e-07,1.3613624773686e-07
191,0,0,191,2.7036358226498e-05,0.14930199718498,1.3551918418259e-07,1.3545714475491e-07
192,0,0,192,2.6901576797346e-05,0.1485570060283,1.3484339936039e-07,1.3478142915199e-07
193,0,0,193,2.6767467713312e-05,0.14781572986981,1.3417098468666e-07,1.3410908403412e-07
194,0,0,194,2.663402762072e-05,0.14707815018278,1.3350192335207e-07,1.3344009259159e-07
195,0,0,195,2.6501253182622e-05,0.14634424853288,1.3283619863112e-07,1.3277443809847e-07
196,0,0,196,2.6369141078709e-05,0.14561400657774,1.3217379388169e-07,1.3211210391234e-07
197,0,0,197,2.6237688005236e-05,0.14488740606644,1.3151469254477e-07,1.3145307347365e-07
198,0,0,198,2.610689067493e-05,0.14416442883913,1.3085887814387e-07,1.3079733030557e-07
199,0,0,199,2.5976745816917e-05,0.1434450568265,1.3020633428464e-07,1.3014485801338e-07
200,0,0,200,2.5847250176633e-05,0.14272927204941,1.295570446546e-07,1.2949564028412e-07
201,0,0,201,2.5718400515746e-05,0.14201705661834,1.2891099302254e-07,1.2884966088624e-07
202,0,0,202,2.5590193612077e-05,0.14130839273305,1.2826816323826e-07,1.282069036691e-07
203,0,0,203,2.5462626259515e-05,0.14060326268204,1.276285392321e-07,1.275673525626e-07
204,0,0,204,2.5335695267938e-05,0.13990164884218,1.2699210501453e-07,1.2693099157682e-07
205,0,0,205,2.5209397463136e-05,0.13920353367823,1.263588446758e-07,1.2629780480159e-07
206,0,0,206,2.508372968673e-05,0.1385088997424,1.2572874238547e-07,1.2566777640607e-07
207,0,0,207,2.4958688796092e-05,0.13781772967393,1.2510178239213e-07,1.2504089063838e-07
208,0,0,208,2.4834271664267e-05,0.13713000619867,1.2447794902283e-07,1.2441713182521e-07
209,0,0,209,2.4710475179895e-05,0.1364457121286,1.2385722668287e-07,1.237964843714e-07
210,0,0,210,2.4587296247136e-05,0.13576483036144,1.2323959985532e-07,1.2317893275958e-07
211,0,0,211,2.4464731785586e-05,0.13508734388022,1.2262505310062e-07,1.2256446154978e-07
212,0,0,212,2.4342778730207e-05,0.13441323575284,1.2201357105622e-07,1.2195305537902e-07
213,0,0,213,2.4221434031246e-05,0.13374248913164,1.2140513843622e-07,1.2134469896095e-07
214,0,0,214,2.410069465416e-05,0.13307508725302,1.2079974003093e-07,1.2073937708547e-07
215,0,0,215,2.3980557579542e-05,0.13241101343696,1.2019736070653e-07,1.201370746183e-07
216,0,0,216,2.3861019803041e-05,0.13175025108666,1.1959798540469e-07,1.1953777650069e-07
217,0,0,217,2.3742078335293e-05,0.13109278368808,1.1900159914216e-07,1.1894146774895e-07
218,0,0,218,2.3623730201838e-05,0.13043859480957,1.1840818701047e-07,1.1834813345417e-07
219,0,0,219,2.3505972443057e-05,0.12978766810142,1.1781773417547e-07,1.1775775878172e-07
220,0,0,220,2.3388802114086e-05,0.12913998729547,1.1723022587699e-07,1.1717032897105e-07
221,0,0,221,2.327221628475e-05,0.12849553620471,1.1664564742852e-07,1.1658582933513e-07
222,0,0,222,2.315621203949e-05,0.12785429872285,1.1606398421677e-07,1.1600424526028e-07
223,0,0,223,2.3040786477285e-05,0.12721625882394,1.1548522170133e-07,1.1542556220562e-07
224,0,0,224,2.2925936711582e-05,0.12658140056199,1.1490934541433e-07,1.1484976570281e-07
225,0,0,225,2.2811659870226e-05,0.12594970807049,1.1433634096007e-07,1.1427684135573e-07
226,0,0,226,2.2697953095386e-05,0.12532116556212,1.1376619401463e-07,1.1370677483996e-07
227,0,0,227,2.2584813543483e-05,0.12469575732828,1.1319889032554e-07,1.131395519026e-07
228,0,0,228,2.2472238385122e-05,0.12407346773872,1.1263441571142e-07,1.1257515836179e-07
229,0,0,229,2.2360224805015e-05,0.12345428124114,1.1207275606162e-07,1.1201358010644e-07
230,0,0,230,2.2248770001919e-05,0.12283818236083,1.1151389733585e-07,1.1145480309579e-07
231,0,0,231,2.213787118856e-05,0.12222515570026,1.1095782556389e-07,1.1089881335915e-07
232,0,0,232,2.2027525591565e-05,0.12161518593868,1.1040452684517e-07,1.1034559699547e-07
233,0,0,233,2.1917730451392e-05,0.12100825783178,1.0985398734844e-07,1.0979514017306e-07
234,0,0,234,2.1808483022263e-05,0.12040435621128,1.0930619331148e-07,1.092474291292e-07
235,0,0,235,2.1699780572093e-05,0.11980346598453,1.0876113104065e-07,1.0870245016979e-07
236,0,0,236,2.1591620382424e-05,0.1192055721342,1.0821878691068e-07,1.0816018966908e-07
237,0,0,237,2.1483999748354e-05,0.11861065971782,1.076791473642e-07,1.0762063406922e-07
238,0,0,238,2.1376915978474e-05,0.11801871386748,1.0714219891148e-07,1.0708376988004e-07
239,0,0,239,2.1270366394796e-05,0.11742971978942,1.0660792813007e-07,1.0654958367857e-07
240,0,0,240,2.1164348332687e-05,0.11684366276364,1.0607632166448e-07,1.0601806210883e-07
241,0,0,241,2.1058859140806e-05,0.11626052814361,1.0554736622583e-07,1.0548919188147e-07
242,0,0,242,2.0953896181032e-05,0.11568030135581,1.0502104859151e-07,1.049629597734e-07
243,0,0,243,2.0849456828405e-05,0.11510296789943,1.0449735560485e-07,1.0443935262747e-07
244,0,0,244,2.0745538471053e-05,0.11452851334598,1.0397627417484e-07,1.0391835735215e-07
245,0,0,245,2.0642138510131e-05,0.11395692333893,1.0345779127571e-07,1.033999609212e-07
246,0,0,246,2.0539254359758e-05,0.11338818359337,1.029418939467e-07,1.0288415037338e-07
247,0,0,247,2.0436883446946e-05,0.11282227989563,1.0242856929169e-07,1.0237091281205e-07
248,0,0,248,2.0335023211541e-05,0.11225919810293,1.0191780447887e-07,1.0186023540491e-07
249,0,0,249,2.0233671106157e-05,0.11169892414303,1.0140958674041e-07,1.0135210538367e-07
250,0,0,250,2.0132824596114e-05,0.11114144401391,1.0090390337224e-07,1.0084651004368e-07
251,0,0,251,2.003248115937e-05,0.11058674378333,1.0040074173354e-07,1.0034343674368e-07
252,0,0,252,1.9932638286464e-05,0.1100348095886,9.9900089246645e-08,9.9842872905487e-08
253,0,0,253,1.9833293480451e-05,0.10948562763613,9.9401933396553e-08,9.9344806013589e-08
254,0,0,254,1.9734444256836e-05,0.10893918420116,9.8906261730723e-08,9.8849223614927e-08
255,0,0,255,1.9636088143517e-05,0.10839546562735,9.8413061858693e-08,9.8356113318543e-08
256,0,0,256,1.9538222680722e-05,0.10785445832651,9.7922321451812e-08,9.7865462795284e-08
257,0,0,257,1.9440845420945e-05,0.10731614877821,9.7434028242964e-08,9.7377259777487e-08
258,0,0,258,1.9343953928886e-05,0.10678052352945,9.6948170026109e-08,9.6891492058648e-08
259,0,0,259,1.9247545781393e-05,0.10624756919433,9.6464734656216e-08,9.6408147493186e-08
260,0,0,260,1.9151618567397e-05,0.10571727245373,9.5983710048738e-08,9.5927213996048e-08
261,0,0,261,1.9056169887854e-05,0.10518962005495,9.5505084179444e-08,9.5448679542476e-08
262,0,0,262,1.8961197355687e-05,0.10466459881139,9.5028845084062e-08,9.4972532167685e-08
263,0,0,263,1.886669859572e-05,0.10414219560223,9.4554980858003e-08,9.4498759966558e-08
264,0,0,264,1.8772671244627e-05,0.10362239737209,9.4083479656039e-08,9.4027351093344e-08
265,0,0,265,1.8679112950865e-05,0.10310519113069,9.3614329692059e-08,9.3558293761394e-08
266,0,0,266,1.8586021374623e-05,0.10259056395258,9.3147519238674e-08,9.3091576242809e-08
267,0,0,267,1.8493394187754e-05,0.10207850297674,9.268303662705e-08,9.2627186868221e-08
268,0,0,268,1.8401229073728e-05,0.10156899540632,9.2220870246522e-08,9.2165114026427e-08
269,0,0,269,1.8309523727564e-05,0.10106202850828,9.1761008544346e-08,9.1705346164152e-08
270,0,0,270,1.8218275855778e-05,0.10055758961311,9.1303440025399e-08,9.1247871785722e-08
271,0,0,271,1.8127483176325e-05,0.10005566611448,9.0848153251882e-08,9.0792679452822e-08
272,0,0,272,1.8037143418541e-05,0.099556245468942,9.0395136843058e-08,9.0339757784174e-08
273,0,0,273,1.7947254323086e-05,0.0990593151956,8.9944379474944e-08,8.9889095455254e-08
274,0,0,274,1.7857813641888e-05,0.09856486287582,8.9495869880044e-08,8.9440681198017e-08
275,0,0,275,1.7768819138087e-05,0.098072876152908,8.9049596847056e-08,8.8994503800624e-08
276,0,0,276,1.768026858598e-05,0.0975833427318,8.8605549220595e-08,8.8550552107145e-08
277,0,0,277,1.7592159770963e-05,0.097096250378756,8.8163715900947e-08,8.8108815017303e-08
278,0,0,278,1.7504490489476e-05,0.096611586921056,8.77240858437e-08,8.766928148616e-08
279,0,0,279,1.7417258548953e-05,0.096129340246694,8.7286648059578e-08,8.723194052388e-08
280,0,0,280,1.7330461767757e-05,0.095649498304075,8.6851391614098e-08,8.6796781195424e-08
281,0,0,281,1.7244097975137e-05,0.095172049101714,8.641830562732e-08,8.6363792620308e-08
282,0,0,282,1.7158165011165e-05,0.094696980707937,8.5987379273568e-08,8.5932963972286e-08
283,0,0,283,1.7072660726685e-05,0.094224281250583,8.5558601781159e-08,8.5504284479124e-08
284,0,0,284,1.6987582983263e-05,0.093753938916703,8.513196243215e-08,8.5077743422326e-08
285,0,0,285,1.6902929653126e-05,0.093285941952272,8.470745056202e-08,8.4653330136798e-08
286,0,0,286,1.6818698619116e-05,0.092820278661888,8.4285055559486e-08,8.4231034010707e-08
287,0,0,287,1.6734887774631e-05,0.092356937408484,8.3864766866169e-08,8.3810844485101e-08
288,0,0,288,1.6651495023577e-05,0.091895906613035,8.3446573976342e-08,8.3392751053697e-08
289,0,0,289,1.6568518280314e-05,0.091437174754269,8.3030466436695e-08,8.2976743262609e-08
290,0,0,290,1.6485955469604e-05,0.090980730368379,8.2616433846047e-08,8.2562810710095e-08
291,0,0,291,1.6403804526558e-05,0.090526562048737,8.2204465855106e-08,8.2150943046277e-08
292,0,0,292,1.6322063396585e-05,0.090074658445609,8.1794552166187e-08,8.1741129972911e-08
293,0,0,293,1.6240730035342e-05,0.089625008265869,8.1386682532975e-08,8.1333361243112e-08
294,0,0,294,1.6159802408681e-05,0.089177600272718,8.0980846760249e-08,8.0927626661072e-08
295,0,0,295,1.6079278492599e-05,0.088732423285405,8.0577034703658e-08,8.0523916081863e-08
296,0,0,296,1.5999156273188e-05,0.088289466178944,8.0175236269444e-08,8.0122219411155e-08
297,0,0,297,1.5919433746583e-05,0.087848717883838,7.9775441414171e-08,7.9722526604932e-08
298,0,0,298,1.5840108918914e-05,0.087410167385802,7.9377640144526e-08,7.9324827669303e-08
299,0,0,299,1.5761179806253e-05,0.086973803725487,7.8981822517034e-08,7.8929112660186e-08
300,0,0,300,1.568264443457e-05,0.086539615998207,7.8587978637804e-08,7.8535371683121e-08
301,0,0,301,1.5604500839677e-05,0.086107593353664,7.8196098662297e-08,7.8143594892987e-08
302,0,0,302,1.5526747067183e-05,0.08567772499568,7.780617279509e-08,7.7753772493759e-08
303,0,0,303,1.5449381172445e-05,0.085250000181925,7.7418191289594e-08,7.7365894738264e-08
304,0,0,304,1.5372401220517e-05,0.08482440822365,7.7032144447854e-08,7.6979951927958e-08
305,0,0,305,1.5295805286105e-05,0.084400938485416,7.6648022620271e-08,7.6595934412644e-08
306,0,0,306,1.5219591453514e-05,0.083979580384834,7.6265816205382e-08,7.6213832590283e-08
307,0,0,307,1.5143757816608e-05,0.083560323392294,7.588551564962e-08,7.5833636906684e-08
308,0,0,308,1.5068302478752e-05,0.083143157030708,7.5507111447065e-08,7.5455337855335e-08
309,0,0,309,1.4993223552775e-05,0.082728070875243,7.5130594139202e-08,7.507892597713e-08
310,0,0,310,1.4918519160915e-05,0.082315054553063,7.4755954314707e-08,7.4704391860136e-08
311,0,0,311,1.4844187434776e-05,0.081904097743067,7.4383182609176e-08,7.4331726139358e-08
312,0,0,312,1.4770226515279e-05,0.081495190175637,7.4012269704942e-08,7.3960919496503e-08
313,0,0,313,1.4696634552619e-05,0.081088321632373,7.3643206330783e-08,7.3591962659769e-08
314,0,0,314,1.4623409706216e-05,0.080683481945844,7.3275983261742e-08,7.3224846403565e-08
315,0,0,315,1.4550550144667e-05,0.08028066099933,7.2910591318866e-08,7.2859561548348e-08
316,0,0,316,1.4478054045707e-05,0.079879848726574,7.2547021368976e-08,7.2496098960317e-08
317,0,0,317,1.4405919596156e-05,0.079481035111521,7.2185264324466e-08,7.2134449551253e-08
318,0,0,318,1.4334144991878e-05,0.079084210188079,7.1825311143036e-08,7.1774604278248e-08
319,0,0,319,1.4262728437734e-05,0.078689364039861,7.1467152827508e-08,7.1416554143499e-08
320,0,0,320,1.419166814754e-05,0.078296486799941,7.1110780425555e-08,7.1060290194078e-08
321,0,0,321,1.4120962344018e-05,0.077905568650606,7.0756185029518e-08,7.0705803521696e-08
322,0,0,322,1.4050609258756e-05,0.077516599823114,7.0403357776179e-08,7.0353085262518e-08
323,0,0,323,1.3980607132159e-05,0.077129570597442,7.0052289846497e-08,7.0002126596877e-08
324,0,0,324,1.391095421341e-05,0.076744471302053,6.9702972465445e-08,6.9652918749129e-08
325,0,0,325,1.3841648760422e-05,0.076361292313646,6.9355396901759e-08,6.9305452987377e-08
326,0,0,326,1.3772689039799e-05,0.075980024056918,6.9009554467713e-08,6.895972062327e-08
327,0,0,327,1.3704073326787e-05,0.075600657004327,6.8665436518919e-08,6.8615713011797e-08
328,0,0,328,1.3635799905236e-05,0.075223181675852,6.8323034454116e-08,6.8273421551063e-08
329,0,0,329,1.3567867067554e-05,0.074847588638752,6.7982339714929e-08,6.7932837682067e-08
330,0,0,330,1.3500273114666e-05,0.07447386850734,6.7643343785678e-08,6.7593952888491e-08
331,0,0,331,1.3433016355969e-05,0.074102011942737,6.7306038193152e-08,6.7256758696489e-08
332,0,0,332,1.3366095109295e-05,0.073732009652646,6.6970414506431e-08,6.6921246674504e-08
333,0,0,333,1.3299507700862e-05,0.073363852391118,6.6636464336583e-08,6.658740843298e-08
334,0,0,334,1.3233252465238e-05,0.072997530958319,6.6304179336588e-08,6.6255235624249e-08
335,0,0,335,1.3167327745295e-05,0.072633036200302,6.5973551201017e-08,6.5924719942238e-08
336,0,0,336,1.3101731892173e-05,0.072270359008778,6.5644571665889e-08,6.5595853122328e-08
337,0,0,337,1.3036463265232e-05,0.071909490320886,6.5317232508426e-08,6.5268626941099e-08
338,0,0,338,1.2971520232016e-05,0.07155042111897,6.4991525546867e-08,6.4943033216142e-08
339,0,0,339,1.290690116821e-05,0.07119314243035,6.4667442640267e-08,6.4619063805877e-08
340,0,0,340,1.2842604457601e-05,0.0708376453271,6.4344975688278e-08,6.4296710609292e-08
341,0,0,341,1.2778628492035e-05,0.070483920925823,6.4024116630973e-08,6.3975965565818e-08
342,0,0,342,1.271497167138e-05,0.070131960387433,6.3704857448602e-08,6.3656820655047e-08
343,0,0,343,1.2651632403483e-05,0.069781754916928,6.3387190161428e-08,6.3339267896606e-08
344,0,0,344,1.2588609104133e-05,0.069433295763174,6.3071106829518e-08,6.3023299349887e-08
345,0,0,345,1.2525900197019e-05,0.069086574218685,6.2756599552535e-08,6.2708907113925e-08
346,0,0,346,1.2463504113692e-05,0.068741581619406,6.2443660469545e-08,6.2396083327114e-08
347,0,0,347,1.2401419293525e-05,0.068398309344495,6.2132281758841e-08,6.2084820167088e-08
348,0,0,348,1.2339644183675e-05,0.06805674881611,6.1822455637716e-08,6.1775109850478e-08
349,0,0,349,1.2278177239042e-05,0.067716891499191,6.1514174362272e-08,6.1466944632728e-08
350,0,0,350,1.2217016922234e-05,0.06737872890125,6.1207430227262e-08,6.1160316807936e-08
351,0,0,351,1.2156161703525e-05,0.067042252572157,6.0902215565846e-08,6.0855218708591e-08
352,0,0,352,1.209561006082e-05,0.066707454103928,6.0598522749435e-08,6.0551642705437e-08
353,0,0,353,1.2035360479613e-05,0.066374325130517,6.0296344187498e-08,6.024958120728e-08
354,0,0,354,1.1975411452952e-05,0.066042857327603,5.9995672327356e-08,5.9949026660772e-08
355,0,0,355,1.1915761481402e-05,0.065713042412388,5.9696499653998e-08,5.9649971550234e-08
356,0,0,356,1.1856409073004e-05,0.065384872143383,5.9398818689903e-08,5.9352408397474e-08
357,0,0,357,1.1797352743243e-05,0.065058338320207,5.9102621994842e-08,5.9056329761585e-08
358,0,0,358,1.1738591015004e-05,0.06473343278338,5.8807902165705e-08,5.8761728238789e-08
359,0,0,359,1.1680122418542e-05,0.064410147414119,5.8514651836304e-08,5.8468596462219e-08
360,0,0,360,1.162194549144e-05,0.064088474134134,5.8222863677182e-08,5.8176927101749e-08
361,0,0,361,1.1564058778576e-05,0.06376840490543,5.7932530395458e-08,5.7886712863808e-08
362,0,0,362,1.1506460832085e-05,0.063449931730101,5.7643644734607e-08,5.7597946491205e-08
363,0,0,363,1.1449150211322e-05,0.063133046650132,5.7356199474317e-08,5.7310620762938e-08
364,0,0,364,1.1392125482828e-05,0.062817741747202,5.7070187430284e-08,5.702472849402e-08
365,0,0,365,1.1335385220293e-05,0.062504009142484,5.678560145403e-08,5.6740262535296e-08
366,0,0,366,1.1278928004519e-05,0.062191840996447,5.6502434432742e-08,5.6457215773257e-08
367,0,0,367,1.1222752423389e-05,0.061881229508662,5.622067928908e-08,5.6175581129889e-08
368,0,0,368,1.1166857071827e-05,0.061572166917606,5.5940328981006e-08,5.5895351562463e-08
369,0,0,369,1.1111240551764e-05,0.06126464550047,5.5661376501612e-08,5.5616520063378e-08
370,0,0,370,1.1055901472104e-05,0.060958657572962,5.5383814878924e-08,5.5339079659977e-08
371,0,0,371,1.1000838448689e-05,0.060654195489118,5.5107637175763e-08,5.5063023414377e-08
372,0,0,372,1.0946050104266e-05,0.06035125164111,5.4832836489547e-08,5.4788344423306e-08
373,0,0,373,1.0891535068448e-05,0.060049818459054,5.4559405952108e-08,5.451503581791e-08
374,0,0,374,1.0837291977684e-05,0.059749888410825,5.4287338729555e-08,5.4243090763593e-08
375,0,0,375,1.0783319475225e-05,0.059451454001863,5.4016628022064e-08,5.3972502459837e-08
376,0,0,376,1.0729616211085e-05,0.059154507774991,5.3747267063747e-08,5.3703264140059e-08
377,0,0,377,1.0676180842013e-05,0.058859042310226,5.3479249122456e-08,5.3435369071407e-08
378,0,0,378,1.0623012031459e-05,0.058565050224593,5.321256749962e-08,5.3168810554608e-08
379,0,0,379,1.0570108449535e-05,0.058272524171941,5.2947215530074e-08,5.2903581923795e-08
380,0,0,380,1.0517468772988e-05,0.057981456842759,5.2683186581916e-08,5.2639676546366e-08
381,0,0,381,1.0465091685166e-05,0.057691840963995,5.2420474056306e-08,5.237708782277e-08
382,0,0,382,1.0412975875979e-05,0.057403669298871,5.2159071387327e-08,5.2115809186385e-08
383,0,0,383,1.0361120041876e-05,0.057116934646707,5.1898972041808e-08,5.185583410333e-08
384,0,0,384,1.0309522885804e-05,0.056831629842733,5.1640169519166e-08,5.1597156072322e-08
385,0,0,385,1.0258183117179e-05,0.05654774775792,5.1382657351245e-08,5.1339768624482e-08
386,0,0,386,1.0207099451856e-05,0.056265281298792,5.1126429102148e-08,5.1083665323208e-08
387,0,0,387,1.0156270612092e-05,0.055984223407256,5.0871478368082e-08,5.0828839763991e-08
388,0,0,388,1.0105695326518e-05,0.05570456706042,5.0617798777193e-08,5.0575285574262e-08
389,0,0,389,1.0055372330104e-05,0.055426305270424,5.0365383989412e-08,5.0322996413239e-08
390,0,0,390,1.0005300364133e-05,0.055149431084256,5.011422769629e-08,5.0071965971754e-08
391,0,0,391,9.9554781761605e-06,0.054873937583589,4.9864323620848e-08,4.9822187972113e-08
392,0,0,392,9.9059045199926e-06,0.054599817884597,4.9615665517414e-08,4.957365616792e-08
393,0,0,393,9.8565781556487e-06,0.054327065137794,4.9368247171467e-08,4.9326364343934e-08
394,0,0,394,9.8074978493327e-06,0.054055672527852,4.9122062399489e-08,4.9080306315916e-08
395,0,0,395,9.7586623734023e-06,0.053785633273438,4.8877105048801e-08,4.8835475930467e-08
396,0,0,396,9.7100705063374e-06,0.053516940627044,4.8633368997409e-08,4.859186706486e-08
397,0,0,397,9.6617210327105e-06,0.053249587874813,4.8390848153867e-08,4.8349473626929e-08
398,0,0,398,9.6136127431556e-06,0.052983568336376,4.8149536457095e-08,4.8108289554868e-08
399,0,0,399,9.5657444343385e-06,0.052718875364684,4.7909427876269e-08,4.7868308817122e-08
400,0,0,400,9.5181149089263e-06,0.05245550234584,4.7670516410626e-08,4.7629525412191e-08
401,0,0,401,9.4707229755578e-06,0.052193442698938,4.743279608934e-08,4.7391933368531e-08
402,0,0,402,9.4235674488134e-06,0.051932689875892,4.7196260971367e-08,4.7155526744357e-08
403,0,0,403,9.3766471491859e-06,0.051673237361277,4.6960905145307e-08,4.692029962754e-08
404,0,0,404,9.3299609030505e-06,0.051415078672165,4.6726722729228e-08,4.668624613541e-08
405,0,0,405,9.2835075426358e-06,0.051158207357963,4.649370787055e-08,4.645336041465e-08
406,0,0,406,9.2372859059947e-06,0.050902617000251,4.6261854745874e-08,4.6221636641131e-08
407,0,0,407,9.1912948369749e-06,0.050648301212622,4.6031157560859e-08,4.5991069019768e-08
408,0,0,408,9.1455331851905e-06,0.050395253640522,4.5801610550072e-08,4.5761651784389e-08
409,0,0,409,9.099999805993e-06,0.050143467961092,4.557320797681e-08,4.5533379197548e-08
410,0,0,410,9.0546935604425e-06,0.049892937883009,4.5345944133012e-08,4.5306245550444e-08
411,0,0,411,9.0096133152798e-06,0.049643657146329,4.5119813339072e-08,4.5080245162729e-08
412,0,0,412,8.9647579428974e-06,0.049395619522331,4.4894809943728e-08,4.4855372382396e-08
413,0,0,413,8.9201263213118e-06,0.049148818813359,4.4670928323894e-08,4.463162158561e-08
414,0,0,414,8.8757173341352e-06,0.048903248852671,4.444816288453e-08,4.4408987176592e-08
415,0,0,415,8.8315298705477e-06,0.048658903504281,4.4226508058519e-08,4.4187463587469e-08
416,0,0,416,8.7875628252696e-06,0.048415776662809,4.4005958306497e-08,4.3967045278136e-08
417,0,0,417,8.7438150985335e-06,0.048173862253324,4.3786508116741e-08,4.374772673611e-08
418,0,0,418,8.7002855960571e-06,0.047933154231197,4.3568152005014e-08,4.352950247641e-08
419,0,0,419,8.6569732290157e-06,0.047693646581946,4.3350884514435e-08,4.3312367041398e-08
420,0,0,420,8.613876914015e-06,0.047455333321088,4.3134700215344e-08,4.3096315000664e-08
421,0,0,421,8.5709955730642e-06,0.047218208493987,4.2919593705165e-08,4.288134095087e-08
422,0,0,422,8.5283281335485e-06,0.04698226617571,4.2705559608266e-08,4.2667439515639e-08
423,0,0,423,8.4858735282031e-06,0.046747500470871,4.2492592575832e-08,4.2454605345387e-08
424,0,0,424,8.4436306950859e-06,0.046513905513491,4.2280687285722e-08,4.2242833117223e-08
425,0,0,425,8.4015985775511e-06,0.046281475466848,4.2069838442354e-08,4.2032117534798e-08
426,0,0,426,8.3597761242229e-06,0.046050204523332,4.1860040776544e-08,4.1822453328178e-08
427,0,0,427,8.3181622889692e-06,0.045820086904296,4.1651289045409e-08,4.1613835253706e-08
428,0,0,428,8.2767560308753e-06,0.045591116859919,4.1443578032198e-08,4.1406258093877e-08
429,0,0,429,8.2355563142181e-06,0.045363288669056,4.1236902546193e-08,4.119971665721e-08
430,0,0,430,8.19456210844e-06,0.045136596639097,4.1031257422573e-08,4.099420577811e-08
431,0,0,431,8.1537723881233e-06,0.044911035105825,4.0826637522264e-08,4.0789720316745e-08
432,0,0,432,8.1131861329644e-06,0.044686598433274,4.0623037731834e-08,4.0586255158908e-08
433,0,0,433,8.0728023277485e-06,0.044463281013587,4.0420452963361e-08,4.038380521591e-08
434,0,0,434,8.032619962324e-06,0.044241077266878,4.0218878154288e-08,4.0182365424432e-08
435,0,0,435,7.9926380315776e-06,0.044019981641092,4.0018308267331e-08,3.998193074641e-08
436,0,0,436,7.9528555354087e-06,0.043799988611863,3.9818738290308e-08,3.97824961689e-08
437,0,0,437,7.9132714787048e-06,0.043581092682382,3.9620163236058e-08,3.9584056703957e-08
438,0,0,438,7.8738848713162e-06,0.043363288383254,3.9422578142283e-08,3.9386607388516e-08
439,0,0,439,7.834694728032e-06,0.043146570272362,3.9225978071445e-08,3.9190143284263e-08
440,0,0,440,7.7957000685545e-06,0.042930932934734,3.9030358110632e-08,3.8994659477507e-08
441,0,0,441,7.7568999174754e-06,0.042716370982406,3.8835713371433e-08,3.8800151079067e-08
442,0,0,442,7.7182933042513e-06,0.042502879054285,3.8642038989829e-08,3.8606613224139e-08
443,0,0,443,7.6798792631791e-06,0.042290451816019,3.8449330126062e-08,3.8414041072185e-08
444,0,0,444,7.6416568333723e-06,0.042079083959862,3.8257581964507e-08,3.8222429806802e-08
445,0,0,445,7.6036250587367e-06,0.041868770204538,3.8066789713564e-08,3.8031774635609e-08
446,0,0,446,7.5657829879465e-06,0.041659505295116,3.7876948605537e-08,3.784207079013e-08
447,0,0,447,7.5281296744209e-06,0.04145128400287,3.7688053896508e-08,3.7653313525659e-08
448,0,0,448,7.4906641762997e-06,0.041244101125156,3.7500100866224e-08,3.7465498121157e-08
449,0,0,449,7.4533855564206e-06,0.041037951485277,3.7313084817975e-08,3.7278619879135e-08
450,0,0,450,7.4162928822951e-06,0.040832829932358,3.7127001078476e-08,3.7092674125518e-08
451,0,0,451,7.3793852260855e-06,0.04062873134121,3.6941844997756e-08,3.6907656209549e-08
452,0,0,452,7.3426616645819e-06,0.04042565061221,3.6757611949044e-08,3.6723561503665e-08
453,0,0,453,7.3061212791785e-06,0.040223582671167,3.6574297328639e-08,3.6540385403376e-08
454,0,0,454,7.2697631558513e-06,0.040022522469202,3.6391896555802e-08,3.6358123327157e-08
455,0,0,455,7.233586385135e-06,0.039822464982612,3.6210405072656e-08,3.6176770716332e-08
456,0,0,456,7.1975900621e-06,0.039623405212756,3.602981834404e-08,3.5996323034953e-08
457,0,0,457,7.1617732863303e-06,0.039425338185919,3.5850131857433e-08,3.5816775769706e-08
458,0,0,458,7.1261351619006e-06,0.039228258953196,3.5671341122817e-08,3.5638124429773e-08
459,0,0,459,7.0906747973538e-06,0.039032162590365,3.5493441672562e-08,3.5460364546731e-08
460,0,0,460,7.0553913056794e-06,0.03883704419776,3.5316429061334e-08,3.5283491674451e-08
461,0,0,461,7.0202838042904e-06,0.038642898900158,3.5140298865963e-08,3.5107501388967e-08
462,0,0,462,6.985351415002e-06,0.038449721846648,3.4965046685355e-08,3.4932389288382e-08
463,0,0,463,6.9505932640093e-06,0.038257508210514,3.479066814036e-08,3.4758150992746e-08
464,0,0,464,6.9160084818653e-06,0.038066253189112,3.4617158873671e-08,3.4584782143956e-08
465,0,0,465,6.8815962034597e-06,0.037875952003755,3.4444514549717e-08,3.4412278405641e-08
466,0,0,466,6.8473555679966e-06,0.037686599899586,3.4272730854562e-08,3.4240635463054e-08
467,0,0,467,6.8132857189737e-06,0.037498192145465,3.4101803495773e-08,3.4069849022967e-08
468,0,0,468,6.7793858041601e-06,0.03731072403385,3.393172820234e-08,3.3899914813561e-08
469,0,0,469,6.7456549755758e-06,0.037124190880676,3.3762500724551e-08,3.3730828584321e-08
470,0,0,470,6.7120923894699e-06,0.03693858802524,3.3594116833897e-08,3.3562586105931e-08
471,0,0,471,6.6786972062997e-06,0.036753910830086,3.342657232296e-08,3.3395183170164e-08
472,0,0,472,6.6454685907099e-06,0.036570154680885,3.3259863005305e-08,3.3228615589782e-08
473,0,0,473,6.6124057115115e-06,0.036387314986325,3.3093984715383e-08,3.3062879198424e-08
474,0,0,474,6.579507741661e-06,0.036205387177991,3.2928933308424e-08,3.2897969850508e-08
475,0,0,475,6.5467738582398e-06,0.036024366710254,3.2764704660332e-08,3.2733883421133e-08
476,0,0,476,6.5142032424339e-06,0.035844249060157,3.260129466758e-08,3.2570615805955e-08
477,0,0,477,6.4817950795128e-06,0.0356650297273,3.2438699247115e-08,3.2408162921111e-08
478,0,0,478,6.4495485588097e-06,0.03548670423373,3.2276914336245e-08,3.2246520703095e-08
479,0,0,479,6.417462873701e-06,0.035309268123826,3.2115935892545e-08,3.208568510867e-08
480,0,0,480,6.3855372215863e-06,0.035132716964192,3.1955759893764e-08,3.1925652114766e-08
481,0,0,481,6.3537708038679e-06,0.034957046343542,3.1796382337699e-08,3.1766417718365e-08
482,0,0,482,6.3221628259315e-06,0.034782251872591,3.1637799242117e-08,3.1607977936422e-08
483,0,0,483,6.2907124971257e-06,0.034608329183947,3.1480006644655e-08,3.1450328805748e-08
484,0,0,484,6.2594190307428e-06,0.034435273931998,3.1323000602708e-08,3.1293466382926e-08
485,0,0,485,6.2282816439986e-06,0.034263081792808,3.1166777193338e-08,3.1137386744195e-08
486,0,0,486,6.1972995580132e-06,0.034091748464006,3.1011332513177e-08,3.0982085985369e-08
487,0,0,487,6.1664719977915e-06,0.033921269664678,3.0856662678326e-08,3.0827560221728e-08
488,0,0,488,6.1357981922036e-06,0.033751641135263,3.0702763824266e-08,3.0673805587927e-08
489,0,0,489,6.1052773739657e-06,0.033582858637441,3.0549632105745e-08,3.0520818237894e-08
490,0,0,490,6.0749087796209e-06,0.033414917954034,3.0397263696701e-08,3.0368594344741e-08
491,0,0,491,6.0446916495203e-06,0.033247814888895,3.0245654790151e-08,3.0217130100661e-08
492,0,0,492,6.0146252278034e-06,0.033081545266806,3.0094801598101e-08,3.0066421716838e-08
493,0,0,493,5.9847087623801e-06,0.032916104933372,2.994470035146e-08,2.9916465423352e-08
494,0,0,494,5.954941504911e-06,0.032751489754919,2.9795347299928e-08,2.9767257469078e-08
495,0,0,495,5.9253227107894e-06,0.03258769561839,2.9646738711925e-08,2.9618794121606e-08
496,0,0,496,5.8958516391223e-06,0.032424718431238,2.9498870874469e-08,2.9471071667125e-08
497,0,0,497,5.8665275527119e-06,0.032262554121331,2.9351740093111e-08,2.932408641036e-08
498,0,0,498,5.8373497180375e-06,0.032101198636846,2.9205342691829e-08,2.9177834674457e-08
499,0,0,499,5.8083174052366e-06,0.031940647946167,2.9059675012938e-08,2.9032312800895e-08
500,0,0,500,5.7794298880872e-06,0.031780898037785,2.8914733416989e-08,2.8887517149401e-08
501,0,0,501,5.7506864439893e-06,0.031621944920201,2.87705142827e-08,2.8743444097857e-08
502,0,0,502,5.7220863539471e-06,0.031463784621821,2.8627014006851e-08,2.8600090042208e-08
503,0,0,503,5.6936289025507e-06,0.031306413190859,2.8484229004188e-08,2.8457451396368e-08
504,0,0,504,5.6653133779586e-06,0.031149826695238,2.8342155707344e-08,2.8315524592135e-08
505,0,0,505,5.6371390718795e-06,0.030994021222494,2.8200790566752e-08,2.8174306079106e-08
506,0,0,506,5.6091052795549e-06,0.030838992879673,2.8060130050547e-08,2.8033792324578e-08
507,0,0,507,5.5812112997414e-06,0.030684737793239,2.7920170644481e-08,2.7893979813471e-08
508,0,0,508,5.5534564346932e-06,0.030531252108975,2.778090885184e-08,2.7754865048224e-08
509,0,0,509,5.5258399901445e-06,0.030378531991885,2.7642341193348e-08,2.7616444548732e-08
510,0,0,510,5.4983612752923e-06,0.0302265736261,2.7504464207088e-08,2.7478714852234e-08
511,0,0,511,5.471019602779e-06,0.030075373214782,2.7367274448407e-08,2.7341672513237e-08
512,0,0,512,5.4438142886756e-06,0.029924926980032,2.7230768489845e-08,2.720531410344e-08
513,0,0,513,5.4167446524639e-06,0.029775231162789,2.7094942921026e-08,2.7069636211627e-08
514,0,0,514,5.3898100170203e-06,0.029626282022741,2.6959794348596e-08,2.6934635443601e-08
515,0,0,515,5.3630097085983e-06,0.029478075838232,2.6825319396123e-08,2.6800308422085e-08
516,0,0,516,5.3363430568116e-06,0.029330608906166,2.6691514704021e-08,2.6666651786653e-08
517,0,0,517,5.309809394618e-06,0.029183877541915,2.6558376929459e-08,2.6533662193625e-08
518,0,0,518,5.283408058302e-06,0.029037878079228,2.6425902746283e-08,2.6401336316008e-08
519,0,0,519,5.2571383874586e-06,0.02889260687014,2.6294088844932e-08,2.6269670843389e-08
520,0,0,520,5.2309997249767e-06,0.028748060284878,2.6162931932352e-08,2.6138662481872e-08
521,0,0,521,5.2049914170227e-06,0.028604234711774,2.6032428731914e-08,2.600830795398e-08
522,0,0,522,5.1791128130241e-06,0.02846112655717,2.5902575983341e-08,2.5878603998587e-08
523,0,0,523,5.1533632656533e-06,0.028318732245332,2.5773370442612e-08,2.5749547370823e-08
524,0,0,524,5.1277421308113e-06,0.02817704821836,2.5644808881888e-08,2.5621134842002e-08
525,0,0,525,5.1022487676118e-06,0.028036070936098,2.5516888089443e-08,2.5493363199545e-08
526,0,0,526,5.0768825383649e-06,0.027895796876045,2.5389604869555e-08,2.5366229246884e-08
527,0,0,527,5.0516428085615e-06,0.027756222533269,2.5262956042456e-08,2.5239729803396e-08
528,0,0,528,5.0265289468572e-06,0.027617344420318,2.5136938444234e-08,2.511386170432e-08
529,0,0,529,5.0015403250565e-06,0.027479159067131,2.5011548926764e-08,2.4988621800677e-08
530,0,0,530,4.9766763180973e-06,0.027341663020957,2.4886784357618e-08,2.4864006959188e-08
531,0,0,531,4.9519363040351e-06,0.027204852846261,2.4762641620003e-08,2.4740014062202e-08
532,0,0,532,4.9273196640275e-06,0.027068725124644,2.4639117612664e-08,2.4616640007615e-08
533,0,0,533,4.9028257823187e-06,0.026933276454755,2.4516209249823e-08,2.4493881708791e-08
534,0,0,534,4.8784540462242e-06,0.026798503452208,2.4393913461092e-08,2.4371736094488e-08
535,0,0,535,4.8542038461154e-06,0.026664402749493,2.4272227191403e-08,2.4250200108779e-08
536,0,0,536,4.8300745754045e-06,0.026530970995896,2.4151147400921e-08,2.4129270710977e-08
537,0,0,537,4.8060656305289e-06,0.026398204857416,2.403067106498e-08,2.4008944875555e-08
538,0,0,538,4.7821764109368e-06,0.026266101016676,2.3910795174002e-08,2.3889219592078e-08
539,0,0,539,4.7584063190717e-06,0.026134656172845,2.379151673342e-08,2.3770091865121e-08
540,0,0,540,4.7347547603575e-06,0.026003867041554,2.3672832763605e-08,2.3651558714195e-08
541,0,0,541,4.7112211431838e-06,0.025873730354815,2.3554740299793e-08,2.3533617173679e-08
542,0,0,542,4.6878048788911e-06,0.025744242860936,2.3437236392008e-08,2.3416264292734e-08
543,0,0,543,4.6645053817559e-06,0.025615401324444,2.3320318104994e-08,2.3299497135245e-08
544,0,0,544,4.6413220689761e-06,0.025487202526002,2.3203982518131e-08,2.3183312779728e-08
545,0,0,545,4.6182543606568e-06,0.025359643262326,2.3088226725371e-08,2.3067708319277e-08
546,0,0,546,4.5953016797954e-06,0.025232720346109,2.2973047835163e-08,2.2952680861476e-08
547,0,0,547,4.572463452267e-06,0.025106430605941,2.2858442970381e-08,2.2838227528338e-08
548,0,0,548,4.5497391068108e-06,0.024980770886227,2.2744409268249e-08,2.272434545622e-08
549,0,0,549,4.527128075015e-06,0.02485573804711,2.2630943880272e-08,2.2611031795767e-08
550,0,0,550,4.5046297913032e-06,0.024731328964391,2.2518043972169e-08,2.2498283711831e-08
551,0,0,551,4.4822436929198e-06,0.024607540529453,2.240570672379e-08,2.2386098383397e-08
552,0,0,552,4.4599692199163e-06,0.024484369649182,2.2293929329061e-08,2.2274473003529e-08
553,0,0,553,4.437805815137e-06,0.024361813245889,2.2182708995901e-08,2.2163404779272e-08
554,0,0,554,4.4157529242054e-06,0.024239868257237,2.2072042946158e-08,2.2052890931616e-08
555,0,0,555,4.39380999551e-06,0.024118531636156,2.1961928415538e-08,2.1942928695396e-08
556,0,0,556,4.3719764801908e-06,0.023997800350778,2.1852362653541e-08,2.1833515319243e-08
557,0,0,557,4.3502518321253e-06,0.02387767138435,2.1743342923383e-08,2.1724648065507e-08
558,0,0,558,4.3286355079151e-06,0.023758141735168,2.1634866501933e-08,2.1616324210188e-08
559,0,0,559,4.3071269668722e-06,0.023639208416496,2.1526930679646e-08,2.1508541042874e-08
560,0,0,560,4.2857256710055e-06,0.023520868456493,2.1419532760492e-08,2.1401295866659e-08
561,0,0,561,4.2644310850074e-06,0.02340311889814,2.1312670061893e-08,2.1294585998103e-08
562,0,0,562,4.2432426762403e-06,0.023285956799164,2.1206339914648e-08,2.1188408767129e-08
563,0,0,563,4.2221599147233e-06,0.023169379231966,2.1100539662876e-08,2.1082761516988e-08
564,0,0,564,4.2011822731191e-06,0.023053383283547,2.0995266663941e-08,2.0977641604171e-08
565,0,0,565,4.1803092267208e-06,0.022937966055434,2.0890518288395e-08,2.087304639836e-08
566,0,0,566,4.1595402534384e-06,0.022823124663611,2.0786291919902e-08,2.0768973282344e-08
567,0,0,567,4.1388748337865e-06,0.022708856238444,2.0682584955179e-08,2.0665419651969e-08
568,0,0,568,4.1183124508704e-06,0.022595157924611,2.0579394803931e-08,2.0562382916067e-08
569,0,0,569,4.097852590374e-06,0.022482026881026,2.0476718888782e-08,2.0459860496387e-08
570,0,0,570,4.0774947405465e-06,0.022369460280776,2.0374554645219e-08,2.0357849827543e-08
571,0,0,571,4.0572383921895e-06,0.022257455311044,2.0272899521513e-08,2.0256348356935e-08
572,0,0,572,4.0370830386448e-06,0.02214600917304,2.0171750978674e-08,2.0155353544692e-08
573,0,0,573,4.0170281757812e-06,0.022035119081933,2.007110649037e-08,2.005486286361e-08
574,0,0,574,3.9970733019821e-06,0.021924782266779,1.9970963542881e-08,1.9954873799092e-08
575,0,0,575,3.9772179181331e-06,0.021814995970453,1.9871319635014e-08,1.9855383849073e-08
576,0,0,576,3.9574615276091e-06,0.02170575744958,1.9772172278064e-08,1.9756390523967e-08
577,0,0,577,3.9378036362625e-06,0.021597063974466,1.9673518995738e-08,1.9657891346605e-08
578,0,0,578,3.9182437524103e-06,0.021488912829029,1.9575357324093e-08,1.955988385217e-08
579,0,0,579,3.8987813868222e-06,0.021381301310733,1.9477684811484e-08,1.9462365588137e-08
580,0,0,580,3.879416052708e-06,0.02127422673052,1.938049901849e-08,1.9365334114205e-08
581,0,0,581,3.8601472657057e-06,0.021167686412742,1.9283797517863e-08,1.9268787002252e-08
582,0,0,582,3.8409745438695e-06,0.021061677695093,1.9187577894459e-08,1.9172721836254e-08
583,0,0,583,3.8218974076572e-06,0.020956197928545,1.909183774519e-08,1.9077136212243e-08
584,0,0,584,3.802915379919e-06,0.02085124447728,1.8996574678949e-08,1.8982027738233e-08
585,0,0,585,3.7840279858848e-06,0.020746814718625,1.8901786316561e-08,1.8887394034169e-08
586,0,0,586,3.765234753153e-06,0.020642906042986,1.8807470290717e-08,1.8793232731865e-08
587,0,0,587,3.746535211678e-06,0.020539515853782,1.8713624245919e-08,1.8699541474939e-08
588,0,0,588,3.7279288937593e-06,0.020436641567382,1.8620245838423e-08,1.8606317918767e-08
589,0,0,589,3.7094153340289e-06,0.020334280613038,1.8527332736171e-08,1.8513559730412e-08
590,0,0,590,3.6909940694403e-06,0.020232430432824,1.8434882618742e-08,1.842126458857e-08
591,0,0,591,3.6726646392568e-06,0.020131088481569,1.8342893177291e-08,1.8329430183515e-08
592,0,0,592,3.6544265850397e-06,0.020030252226792,1.8251362114491e-08,1.823805421704e-08
593,0,0,593,3.6362794506373e-06,0.019929919148646,1.8160287144475e-08,1.8147134402392e-08
594,0,0,594,3.6182227821731e-06,0.019830086739846,1.8069665992778e-08,1.8056668464227e-08
595,0,0,595,3.6002561280346e-06,0.019730752505613,1.7979496396283e-08,1.7966654138544e-08
596,0,0,596,3.5823790388619e-06,0.019631913963606,1.7889776103164e-08,1.7877089172633e-08
597,0,0,597,3.5645910675369e-06,0.019533568643867,1.7800502872828e-08,1.7787971325019e-08
598,0,0,598,3.5468917691715e-06,0.019435714088752,1.7711674475859e-08,1.7699298365402e-08
599,0,0,599,3.5292807010969e-06,0.019338347852873,1.7623288693961e-08,1.7611068074602e-08
600,0,0,600,3.5117574228524e-06,0.01924146750304,1.7535343319907e-08,1.752327824451e-08
601,0,0,601,3.4943214961744e-06,0.019145070618192,1.7447836157483e-08,1.7435926678024e-08
602,0,0,602,3.4769724849854e-06,0.019049154789344,1.7360765021425e-08,1.7349011188999e-08
603,0,0,603,3.4597099553832e-06,0.018953717619524,1.7274127737378e-08,1.7262529602193e-08
604,0,0,604,3.44253347563e-06,0.018858756723713,1.7187922141826e-08,1.7176479753207e-08
605,0,0,605,3.4254426161415e-06,0.018764269728784,1.7102146082055e-08,1.7090859488438e-08
606,0,0,606,3.4084369494765e-06,0.018670254273447,1.7016797416086e-08,1.7005666665025e-08
607,0,0,607,3.3915160503257e-06,0.018576708008184,1.6931874012623e-08,1.6920899150786e-08
608,0,0,608,3.3746794955016e-06,0.018483628595195,1.6847373751006e-08,1.6836554824175e-08
609,0,0,609,3.3579268639273e-06,0.018391013708338,1.6763294521155e-08,1.6752631574224e-08
610,0,0,610,3.3412577366268e-06,0.01829886103307,1.6679634223515e-08,1.6669127300493e-08
611,0,0,611,3.3246716967138e-06,0.01820716826639,1.6596390769006e-08,1.6586039913015e-08
612,0,0,612,3.3081683293816e-06,0.018115933116783,1.6513562078967e-08,1.6503367332245e-08
613,0,0,613,3.2917472218926e-06,0.018025153304158,1.6431146085111e-08,1.6421107489006e-08
614,0,0,614,3.2754079635681e-06,0.017934826559796,1.6349140729467e-08,1.6339258324441e-08
615,0,0,615,3.2591501457782e-06,0.017844950626291,1.6267543964332e-08,1.625781778996e-08
616,0,0,616,3.242973361931e-06,0.017755523257495,1.6186353752219e-08,1.6176783847186e-08
617,0,0,617,3.2268772074631e-06,0.017666542218457,1.6105568065801e-08,1.609615446791e-08
618,0,0,618,3.210861279829e-06,0.017578005285375,1.602518488787e-08,1.6015927634033e-08
619,0,0,619,3.1949251784915e-06,0.017489910245533,1.5945202211281e-08,1.5936101337521e-08
620,0,0,620,3.1790685049112e-06,0.017402254897252,1.5865618038899e-08,1.5856673580353e-08
621,0,0,621,3.1632908625367e-06,0.017315037049829,1.5786430383556e-08,1.5777642374471e-08
622,0,0,622,3.147591856795e-06,0.017228254523487,1.5707637267995e-08,1.5699005741732e-08
623,0,0,623,3.1319710950811e-06,0.017141905149316,1.5629236724822e-08,1.5620761713853e-08
624,0,0,624,3.1164281867487e-06,0.017055986769226,1.5551226796464e-08,1.5542908332372e-08
625,0,0,625,3.1009627431002e-06,0.016970497235882,1.5473605535107e-08,1.5465443648587e-08
626,0,0,626,3.0855743773766e-06,0.016885434412663,1.539637100266e-08,1.5388365723516e-08
627,0,0,627,3.0702627047488e-06,0.016800796173599,1.5319521270696e-08,1.5311672627846e-08
628,0,0,628,3.0550273423069e-06,0.01671658040332,1.5243054420412e-08,1.5235362441883e-08
629,0,0,629,3.0398679090514e-06,0.016632784997008,1.5166968542576e-08,1.5159433255507e-08
630,0,0,630,3.0247840258833e-06,0.016549407860336,1.5091261737481e-08,1.5083883168122e-08
631,0,0,631,3.0097753155947e-06,0.016466446909425,1.5015932114899e-08,1.5008710288611e-08
632,0,0,632,2.9948414028594e-06,0.016383900070784,1.494097779403e-08,1.4933912735282e-08
633,0,0,633,2.9799819142235e-06,0.016301765281262,1.4866396903458e-08,1.4859488635834e-08
634,0,0,634,2.9651964780963e-06,0.016220040487997,1.4792187581103e-08,1.4785436127295e-08
635,0,0,635,2.9504847247403e-06,0.01613872364836,1.4718347974174e-08,1.4711753355987e-08
636,0,0,636,2.9358462862628e-06,0.016057812729912,1.4644876239127e-08,1.4638438477471e-08
637,0,0,637,2.9212807966063e-06,0.015977305710345,1.457177054161e-08,1.4565489656512e-08
638,0,0,638,2.9067878915393e-06,0.015897200577437,1.4499029056426e-08,1.4492905067019e-08
639,0,0,639,2.8923672086473e-06,0.015817495328998,1.4426649967482e-08,1.4420682892013e-08
640,0,0,640,2.8780183873237e-06,0.015738187972822,1.4354631467748e-08,1.4348821323569e-08
641,0,0,641,2.8637410687609e-06,0.015659276526639,1.4282971759204e-08,1.4277318562783e-08
642,0,0,642,2.8495348959412e-06,0.01558075901806,1.4211669052807e-08,1.4206172819718e-08
643,0,0,643,2.8353995136278e-06,0.015502633484533,1.4140721568434e-08,1.4135382313364e-08
644,0,0,644,2.8213345683562e-06,0.01542489797329,1.4070127534844e-08,1.4064945271589e-08
645,0,0,645,2.8073397084251e-06,0.015347550541303,1.3999885189634e-08,1.3994859931102e-08
646,0,0,646,2.7934145838877e-06,0.01527058925523,1.3929992779194e-08,1.39251245374e-08
647,0,0,647,2.779558846543e-06,0.01519401219137,1.386044855866e-08,1.3855737344732e-08
648,0,0,648,2.7657721499269e-06,0.015117817435614,1.3791250791877e-08,1.3786696616052e-08
649,0,0,649,2.752054149304e-06,0.015042003083397,1.3722397751347e-08,1.3718000622973e-08
650,0,0,650,2.7384045016582e-06,0.01496656723965,1.3653887718194e-08,1.364964764573e-08
651,0,0,651,2.7248228656851e-06,0.014891508018754,1.3585718982115e-08,1.3581635973129e-08
652,0,0,652,2.7113089017826e-06,0.014816823544493,1.3517889841344e-08,1.3513963902514e-08
653,0,0,653,2.6978622720429e-06,0.014742511950003,1.3450398602599e-08,1.3446629739716e-08
654,0,0,654,2.6844826402439e-06,0.014668571377732,1.338324358105e-08,1.3379631799013e-08
655,0,0,655,2.6711696718408e-06,0.014594999979388,1.3316423100272e-08,1.3312968403092e-08
656,0,0,656,2.6579230339578e-06,0.014521795915895,1.3249935492202e-08,1.3246637883e-08
657,0,0,657,2.6447423953797e-06,0.014448957357348,1.3183779097102e-08,1.318063857811e-08
658,0,0,658,2.6316274265436e-06,0.014376482482964,1.3117952263512e-08,1.3114968836072e-08
659,0,0,659,2.6185777995308e-06,0.01430436948104,1.3052453348211e-08,1.3049627012778e-08
660,0,0,660,2.6055931880585e-06,0.014232616548906,1.2987280716178e-08,1.2984611472315e-08
661,0,0,661,2.5926732674716e-06,0.014161221892881,1.2922432740548e-08,1.2919920586932e-08
662,0,0,662,2.5798177147346e-06,0.014090183728226,1.2857907802573e-08,1.2855552736989e-08
663,0,0,663,2.5670262084237e-06,0.014019500279101,1.2793704291581e-08,1.2791506310929e-08
664,0,0,664,2.5542984287184e-06,0.013949169778522,1.2729820604935e-08,1.2727779705223e-08
665,0,0,665,2.5416340573941e-06,0.013879190468312,1.2666255147995e-08,1.2664371324344e-08
666,0,0,666,2.5290327778134e-06,0.013809560599063,1.2603006334075e-08,1.2601279580718e-08
667,0,0,667,2.5164942749187e-06,0.013740278430088,1.2540072584407e-08,1.2538502894687e-08
668,0,0,668,2.5040182352242e-06,0.01367134222938,1.24774523281e-08,1.2476039694473e-08
669,0,0,669,2.4916043468081e-06,0.013602750273568,1.2415144002097e-08,1.2413888416131e-08
670,0,0,670,2.4792522993046e-06,0.013534500847871,1.2353146051143e-08,1.2352047503517e-08
671,0,0,671,2.4669617838963e-06,0.01346659224606,1.2291456927739e-08,1.2290515408247e-08
672,0,0,672,2.4547324933067e-06,0.013399022770413,1.223007509211e-08,1.2229290589657e-08
673,0,0,673,2.4425641217919e-06,0.013331790731672,1.2168999012162e-08,1.2168371514763e-08
674,0,0,674,2.4304563651337e-06,0.013264894449001,1.2108227163443e-08,1.210775665823e-08
675,0,0,675,2.4184089206313e-06,0.013198332249945,1.204775802911e-08,1.2047444502324e-08
676,0,0,676,2.4064214870945e-06,0.013132102470388,1.1987590099884e-08,1.1987433536882e-08
677,0,0,677,2.3944937648352e-06,0.013066203454509,1.1927721874018e-08,1.192772225927e-08
678,0,0,678,2.3826254556608e-06,0.013000633554745,1.1868151857259e-08,1.1868309174347e-08
679,0,0,679,2.3708162628664e-06,0.012935391131746,1.1808878562806e-08,1.1809192794427e-08
680,0,0,680,2.3590658912272e-06,0.012870474554336,1.1749900511278e-08,1.1750371639244e-08
681,0,0,681,2.3473740469913e-06,0.01280588219947,1.1691216230676e-08,1.1691844235908e-08
682,0,0,682,2.3357404378724e-06,0.012741612452198,1.1632824256339e-08,1.1633609118879e-08
683,0,0,683,2.3241647730425e-06,0.012677663705618,1.1574723130922e-08,1.1575664829921e-08
684,0,0,684,2.3126467631244e-06,0.012614034360843,1.1516911404346e-08,1.1518009918073e-08
685,0,0,685,2.3011861201848e-06,0.012550722826954,1.1459387633767e-08,1.1460642939606e-08
686,0,0,686,2.2897825577268e-06,0.012487727520968,1.1402150383541e-08,1.1403562457988e-08
687,0,0,687,2.2784357906829e-06,0.01242504686779,1.1345198225184e-08,1.1346767043854e-08
688,0,0,688,2.267145535408e-06,0.012362679300181,1.1288529737344e-08,1.1290255274966e-08
689,0,0,689,2.2559115096718e-06,0.012300623258712,1.1232143505756e-08,1.1234025736175e-08
690,0,0,690,2.2447334326524e-06,0.012238877191733,1.1176038123213e-08,1.1178077019391e-08
691,0,0,691,2.2336110249289e-06,0.012177439555327,1.1120212189528e-08,1.1122407723544e-08
692,0,0,692,2.2225440084743e-06,0.012116308813274,1.1064664311501e-08,1.1067016454548e-08
693,0,0,693,2.211532106649e-06,0.012055483437015,1.1009393102882e-08,1.1011901825275e-08
694,0,0,694,2.2005750441935e-06,0.01199496190561,1.095439718434e-08,1.0957062455505e-08
695,0,0,695,2.1896725472216e-06,0.011934742705702,1.0899675183421e-08,1.0902496971906e-08
696,0,0,696,2.1788243432136e-06,0.011874824331478,1.0845225734524e-08,1.0848204007993e-08
697,0,0,697,2.1680301610095e-06,0.011815205284633,1.0791047478856e-08,1.0794182204092e-08
698,0,0,698,2.1572897308022e-06,0.011755884074333,1.0737139064409e-08,1.0740430207314e-08
699,0,0,699,2.1466027841307e-06,0.011696859217173,1.0683499145915e-08,1.0686946671509e-08
700,0,0,700,2.1359690538735e-06,0.011638129237146,1.0630126384822e-08,1.0633730257244e-08
701,0,0,701,2.1253882742417e-06,0.011579692665604,1.0577019449256e-08,1.0580779631765e-08
702,0,0,702,2.1148601807727e-06,0.011521548041217,1.0524177013987e-08,1.0528093468962e-08
703,0,0,703,2.1043845103234e-06,0.011463693909944,1.0471597760396e-08,1.0475670449336e-08
704,0,0,704,2.0939610010634e-06,0.011406128824991,1.0419280376446e-08,1.0423509259969e-08
705,0,0,705,2.083589392469e-06,0.011348851346778,1.0367223556643e-08,1.037160859449e-08
706,0,0,706,2.0732694253159e-06,0.011291860042899,1.031542600201e-08,1.0319967153043e-08
707,0,0,707,2.0630008416737e-06,0.011235153488092,1.0263886420049e-08,1.0268583642249e-08
708,0,0,708,2.0527833848985e-06,0.011178730264199,1.021260352471e-08,1.0217456775183e-08
709,0,0,709,2.0426167996271e-06,0.011122588960131,1.016157603636e-08,1.0166585271333e-08
710,0,0,710,2.0325008317706e-06,0.011066728171834,1.0110802681754e-08,1.0115967856576e-08
711,0,0,711,2.0224352285074e-06,0.011011146502254,1.0060282193994e-08,1.0065603263138e-08
712,0,0,712,2.0124197382779e-06,0.010955842561301,1.0010013312508e-08,1.0015490229571e-08
713,0,0,713,2.0024541107771e-06,0.010900814965814,9.9599947830115e-09,9.9656275007128e-09
714,0,0,714,1.9925380969495e-06,0.01084606233953,9.9102253574788e-09,9.9160138276622e-09
715,0,0,715,1.9826714489817e-06,0.010791583313043,9.860703794113e-09,9.8666479677478e-09
716,0,0,716,1.9728539202972e-06,0.010737376523776,9.8114288573179e-09,9.8175286844974e-09
717,0,0,717,1.9630852655496e-06,0.010683440615944,9.7623993176715e-09,9.7686547476162e-09
718,0,0,718,1.9533652406167e-06,0.010629774240519,9.7136139519117e-09,9.7200249329664e-09
719,0,0,719,1.9436936025941e-06,0.010576376055199,9.6650715429436e-09,9.6716380225788e-09
720,0,0,720,1.9340701097894e-06,0.01052324472437,9.616770879901e-09,9.6234928047168e-09
721,0,0,721,1.9244945217153e-06,0.010470378919076,9.5687107583473e-09,9.5755880740682e-09
722,0,0,722,1.914966599083e-06,0.010417777316972,9.5208899808139e-09,9.5279226322935e-09
723,0,0,723,1.9054861037936e-06,0.010365438602286,9.4733073581588e-09,9.4804952893784e-09
724,0,0,724,1.8960527989266e-06,0.01031336146575,9.4259617129558e-09,9.4333048670252e-09
725,0,0,725,1.8866664487196e-06,0.010261544604492,9.378851887802e-09,9.3863502069599e-09
726,0,0,726,1.8773268185284e-06,0.010209986721808,9.331976765634e-09,9.3396301912493e-09
727,0,0,727,1.8680336747366e-06,0.010158686526675,9.2853353191849e-09,9.2931437917556e-09
728,0,0,728,1.8587867845464e-06,0.010107642732581,9.2389267310393e-09,9.2468901901944e-09
729,0,0,729,1.8495859154776e-06,0.010056854054767,9.1927506843143e-09,9.2008690688142e-09
730,0,0,730,1.8404308341652e-06,0.010006319203581,9.1468080647118e-09,9.155081312447e-09
731,0,0,731,1.8313213034652e-06,0.0099560368684867,9.1011026519911e-09,9.1095306999847e-09
732,0,0,732,1.8222570754952e-06,0.0099060056796162,9.0556451855561e-09,9.0642279699637e-09
733,0,0,733,1.813237874926e-06,0.0098562241154554,9.0104631131023e-09,9.0192005692125e-09
734,0,0,734,1.8042633589527e-06,0.0098066902816928,8.9656239110359e-09,8.974515973269e-09
735,0,0,735,1.7953330216117e-06,0.0097574013825817,8.9212907391144e-09,8.9303373410244e-09
736,0,0,736,1.7864459655887e-06,0.0097083524602128,8.877854948773e-09,8.8870560230428e-09
737,0,0,737,1.7776003592784e-06,0.0096595333948432,8.8362508318899e-09,8.8456063103294e-09
738,0,0,738,1.7687921479697e-06,0.0096109217843729,8.798701495129e-09,8.8082113086633e-09
739,0,0,739,1.7600120016447e-06,0.0095624660813541,8.7704822463935e-09,8.7801463250366e-09
740,0,0,740,1.7512381036337e-06,0.0095140457513092,8.7640797381397e-09,8.7738980109377e-09
741,0,0,741,1.7424191530037e-06,0.0094653773632701,8.8089782350675e-09,8.8189506299699e-09
742,0,0,742,1.7334343980209e-06,0.0094157937801803,8.9746285392625e-09,8.9847549828375e-09
743,0,0,743,1.7239999095117e-06,0.009363726332156,9.4242080923954e-09,9.4344885092083e-09
744,0,0,744,1.7134494536888e-06,0.0093054941691084,1.0540021511619e-08,1.0550455822882e-08
745,0,0,745,1.7002242933869e-06,0.0092324854830242,1.3214572181238e-08,1.3225160301922e-08
746,0,0,746,1.6806931202783e-06,0.009124637796417,1.9520431275898e-08,1.9531173108636e-08
747,0,0,747,1.6464567219734e-06,0.0089355466202711,3.4225502882405e-08,3.4236398304904e-08
748,0,0,748,1.5783554526022e-06,0.0085593575565629,6.8090220531191e-08,6.8101269371172e-08
749,0,0,749,1.4339605642647e-06,0.0077616576319839,1.4438368634879e-07,1.443948883375e-07
750,0,0,750,1.1254351173499e-06,0.0060571598849361,3.0851409221566e-07,3.0852544691474e-07
751,0,0,751,7.9107720334376e-07,0.0042099421651484,3.3434640728158e-07,3.3435791400618e-07
752,0,0,752,5.8838269385238e-07,0.0030901474044022,2.0268285169506e-07,2.0269450949138e-07
753,0,0,753,4.5610717861199e-07,0.0023594086886174,1.3226370755704e-07,1.3227551524038e-07
754,0,0,754,3.6497266103658e-07,0.0018559691229721,9.1122561381795e-08,9.1134517575404e-08
755,0,0,755,2.9950788432034e-07,0.001494352141983,6.5452673559024e-08,6.5464776716245e-08
756,0,0,756,2.5089885522902e-07,0.0012258616410248,4.8596780673439e-08,4.8609029091328e-08
757,0,0,757,2.1382006517416e-07,0.0010210749104994,3.7066398225107e-08,3.7078790054862e-08
758,0,0,758,1.8489765809972e-07,0.00086135185072976,2.8909873818297e-08,2.8922407074433e-08
759,0,0,759,1.6190906826562e-07,0.00073441308130976,2.2975917265023e-08,2.2988589834104e-08
760,0,0,760,1.433413472797e-07,0.00063189975900763,1.8554911336683e-08,1.8567720985917e-08
761,0,0,761,1.2813540905322e-07,0.00054796056651803,1.5192993840619e-08,1.5205938226482e-08
762,0,0,762,1.1553177779094e-07,0.00047839949146076,1.2590554585365e-08,1.2603631262281e-08
763,0,0,763,1.049742483866e-07,0.00042014356342074,1.0544322975243e-08,1.0557529404335e-08
764,0,0,764,9.6047864902485e-08,0.00037090019366252,8.9130499262375e-09,8.9263834841161e-09
765,0,0,765,8.8437917244329e-08,0.00032893063747145,7.596489670584e-09,7.6099476581568e-09
766,0,0,766,8.1902188903554e-08,0.00029289666681109,6.5221486895257e-09,6.5357283407743e-09
767,0,0,767,7.6251776176099e-08,0.00026175459920467,5.636714236762e-09,5.6504127274554e-09
768,0,0,768,7.1337580371389e-08,0.00023468066910295,4.9003813484102e-09,4.91419580471e-09
769,0,0,769,6.7040632752002e-08,0.00021101757455893,4.2830201124687e-09,4.2969476193875e-09
770,0,0,770,6.326505751469e-08,0.00019023559871564,3.7615376276356e-09,3.7755752373113e-09
771,0,0,771,5.9932881442948e-08,0.000171903933898,3.3180313319919e-09,3.332176071742e-09
772,0,0,772,5.6980156330715e-08,0.00015566925858248,2.9384762321088e-09,2.9527251122333e-09
773,0,0,773,5.4354027900505e-08,0.00014123954361616,2.6117784089053e-09,2.6261284302098e-09
774,0,0,774,5.2010496048432e-08,0.00012837167791968,2.3290836910615e-09,2.3435318520735e-09
775,0,0,775,4.991268612281e-08,0.00011686191757845,2.0832666217639e-09,2.0978099256222e-09
776,0,0,776,4.8029502172633e-08,0.00010653844526254,1.8685484891786e-09,1.8831839501764e-09
777,0,0,777,4.6334568650547e-08,9.725552331603e-05,1.6802088723189e-09,1.6949335220861e-09
778,0,0,778,4.4805392045984e-08,8.8888861927901e-05,1.5143657112514e-09,1.5291766045633e-09
779,0,0,779,4.3422691707835e-08,8.1331922049765e-05,1.3678061179425e-09,1.3827003381487e-09
780,0,0,780,4.2169861915025e-08,7.4492943437925e-05,1.2378551287432e-09,1.25282979281e-09
781,0,0,781,4.1032536562869e-08,6.8292539631339e-05,1.1222730889921e-09,1.1373253521562e-09
782,0,0,782,3.9998234671988e-08,6.2661739460919e-05,1.019174830846e-09,1.0343018908808e-09
783,0,0,783,3.9056069997487e-08,5.7540382701776e-05,9.2696557340485e-10,9.4216467450144e-10
784,0,0,784,3.8196511809196e-08,5.2875798436467e-05,8.4428975202098e-10,8.5955818829034e-10
785,0,0,785,3.7411186774602e-08,4.8621710502812e-05,7.6998991599141e-10,7.8532503459427e-10
786,0,0,786,3.6692714050585e-08,4.4737326413845e-05,7.0307352010313e-10,7.1847272401733e-10
787,0,0,787,3.6034567355226e-08,4.1186575336928e-05,6.4268594492193e-10,6.5814669535827e-10
788,0,0,788,3.5430959074879e-08,3.793746781279e-05,5.8808846186893e-10,6.0360828034778e-10
789,0,0,789,3.4876742458313e-08,3.4961555401389e-05,5.3864014646371e-10,5.5421661656606e-10
790,0,0,790,3.4367328728231e-08,3.2233472742418e-05,4.937829612736e-10,5.0941373008113e-10
791,0,0,791,3.3898616552117e-08,2.9730547897808e-05,4.5302939687449e-10,4.6871217611403e-10
792,0,0,792,3.3466931797776e-08,2.7432469514202e-05,4.1595218743258e-10,4.3168475434095e-10
793,0,0,793,3.3068975883013e-08,2.5321001465374e-05,3.8217571683794e-10,3.9795591476348e-10
794,0,0,794,3.2701781335598e-08,2.3379737329147e-05,3.513688086571e-10,3.6719454741461e-10
795,0,0,795,3.2362673425874e-08,2.159388841352e-05,3.2323865372857e-10,3.3910790972436e-10
796,0,0,796,3.2049236932834e-08,1.9950100143377e-05,2.9752567689581e-10,3.1343649303961e-10
797,0,0,797,3.1759287265324e-08,1.8436292507516e-05,2.7399918209076e-10,2.8994966751088e-10
798,0,0,798,3.1490845290773e-08,1.7041520988333e-05,2.5245364497225e-10,2.684419745505e-10
799,0,0,799,3.124211533075e-08,1.575585498678e-05,2.3270554628105e-10,2.4872996002317e-10
800,0,0,800,3.1011465870195e-08,1.4570271239278e-05,2.1459065829783e-10,2.3064946055495e-10
801,0,0,801,3.0797412599356e-08,1.3476560121695e-05,1.9796171228259e-10,2.1405327083868e-10
802,0,0,802,3.0598603467006e-08,1.2467243064731e-05,1.8268638731047e-10,1.9880913235026e-10
803,0,0,803,3.0413805472931e-08,1.1535499577971e-05,1.6864557110359e-10,1.8479799407457e-10
804,0,0,804,3.0241892968786e-08,1.06751026069e-05,1.5573185176381e-10,1.7191250414557e-10
805,0,0,805,3.0081837270683e-08,9.8803611366836e-06,1.4384820610916e-10,1.6005569810252e-10
806,0,0,806,2.9932697415636e-08,9.146069115137e-06,1.3290685589993e-10,1.4913985504751e-10
807,0,0,807,2.9793611918045e-08,8.4674599005426e-06,1.2282826784159e-10,1.3908549759101e-10
808,0,0,808,2.9663791402769e-08,7.8401655521669e-06,1.13540277056e-10,1.2982051527594e-10
809,0,0,809,2.9542512008442e-08,7.2601803761021e-06,1.0497731686773e-10,1.2127939432649e-10
810,0,0,810,2.942910946925e-08,6.7238282193238e-06,9.7079740376871e-11,1.1340253919246e-10
811,0,0,811,2.93229737957e-08,6.2277330730257e-06,8.979322147996e-11,1.061356735499e-10
812,0,0,812,2.9223544485449e-08,5.7687926043366e-06,8.3068224832712e-11,9.9429310251093e-11
813,0,0,813,2.9130306204195e-08,5.3441542850794e-06,7.6859535785567e-11,9.3238281254418e-11
814,0,0,814,2.9042784884337e-08,4.9511938286367e-06,7.112584261612e-11,8.7521319857296e-11
815,0,0,815,2.8960544195691e-08,4.5874956823767e-06,6.5829364473061e-11,8.2240688646456e-11
816,0,0,816,2.8883182348189e-08,4.2508353543757e-06,6.0935519368176e-11,7.7361847501334e-11
817,0,0,817,2.8810329191421e-08,3.9391633801524e-06,5.6412627334423e-11,7.2853156768222e-11
818,0,0,818,2.8741643580035e-08,3.6505907584294e-06,5.2231644531858e-11,6.8685611386288e-11
819,0,0,819,2.8676810977723e-08,3.3833757051232e-06,4.836592464843e-11,6.4832602312149e-11
820,0,0,820,2.8615541275651e-08,3.1359115922776e-06,4.4791004425045e-11,6.1269702071814e-11
821,0,0,821,2.8557566803969e-08,2.9067159538971e-06,4.1484410546874e-11,5.7974471681617e-11
822,0,0,822,2.8502640517436e-08,2.6944204539162e-06,3.8425485496537e-11,5.4926286533391e-11
823,0,0,823,2.8450534338293e-08,2.4977617231505e-06,3.5595230268598e-11,5.2106179142843e-11
824,0,0,824,2.8401037641371e-08,2.3155729822315e-06,3.2976162106341e-11,4.9496696921952e-11
825,0,0,825,2.835395586801e-08,2.1467763764449e-06,3.0552185647374e-11,4.7081773361406e-11
826,0,0,826,2.8309109256805e-08,1.990375956226e-06,2.8308476059627e-11,4.4846611204518e-11
827,0,0,827,2.8266331680442e-08,1.8454512439706e-06,2.6231372918224e-11,4.2777576362796e-11
828,0,0,828,2.8225469578972e-08,1.7111513339136e-06,2.430828372031e-11,4.086210146996e-11
829,0,0,829,2.8186380980874e-08,1.5866894772154e-06,2.2527596062382e-11,3.9088598098808e-11
830,0,0,830,2.8148934604097e-08,1.4713381091723e-06,2.0878597615803e-11,3.7446376776374e-11
831,0,0,831,2.8113009030067e-08,1.3644242797075e-06,1.9351403133126e-11,3.5925574029865e-11
832,0,0,832,2.8078491944287e-08,1.2653254520681e-06,1.7936887802731e-11,3.4517085780673e-11
833,0,0,833,2.8045279437809e-08,1.1734656380149e-06,1.6626626343622e-11,3.3212506478231e-11
834,0,0,834,2.8013275364378e-08,1.0883118407909e-06,1.5412837297548e-11,3.2004073430727e-11
835,0,0,835,2.7982390748531e-08,1.0093707798349e-06,1.4288332033036e-11,3.0884615847134e-11
836,0,0,836,2.7952543240375e-08,9.3618587361054e-07,1.3246468026613e-11,2.9847508155796e-11
837,0,0,837,2.7923656613165e-08,8.6833445907384e-07,1.2281106031143e-11,2.8886627209382e-11
838,0,0,838,2.789566030014e-08,8.054252282404e-07,1.1386570780852e-11,2.7996313025708e-11
839,0,0,839,2.7868488967391e-08,7.4709586405473e-07,1.0557614917606e-11,2.7171332748958e-11
840,0,0,840,2.7842082119844e-08,6.9301085933551e-07,9.7893858541798e-12,2.6406847546994e-11
841,0,0,841,2.7816383737656e-08,6.428595039877e-07,9.0773953179525e-12,2.5698382188134e-11
842,0,0,842,2.779134194059e-08,5.9635402695396e-07,8.4174913431072e-12,2.5041797065473e-11
843,0,0,843,2.7766908678131e-08,5.5322788053704e-07,7.8058325014636e-12,2.4433262458826e-11
844,0,0,844,2.7743039443287e-08,5.1323415577603e-07,7.2388641817426e-12,2.3869234844142e-11
845,0,0,845,2.771969300821e-08,4.7614411851253e-07,6.7132967446934e-12,2.334643507766e-11
846,0,0,846,2.7696831179911e-08,4.4174585664886e-07,6.2260853973245e-12,2.2861828298304e-11
847,0,0,847,2.7674418574506e-08,4.098430298882e-07,5.7744116436784e-12,2.2412605405438e-11
848,0,0,848,2.7652422408523e-08,3.8025371396354e-07,5.3556661823637e-12,2.1996165982512e-11
849,0,0,849,2.7630812305975e-08,3.5280933201564e-07,4.9674331325703e-12,2.1610102548085e-11
850,0,0,850,2.7609560119949e-08,3.2735366637656e-07,4.6074754806719e-12,2.1252186026522e-11
851,0,0,851,2.7588639767609e-08,3.0374194455942e-07,4.273721648903e-12,2.0920352339718e-11
852,0,0,852,2.7568027077579e-08,2.8183999375235e-07,3.9642530960804e-12,2.0612690030013e-11
853,0,0,853,2.7547699648747e-08,2.6152345856989e-07,3.6772928680259e-12,2.0327428831765e-11
854,0,0,854,2.7527636719631e-08,2.4267707723112e-07,3.4111950223163e-12,2.0062929116418e-11
855,0,0,855,2.7507819047489e-08,2.2519401171558e-07,3.1644348583125e-12,1.9817672141946e-11
856,0,0,856,2.7488228796445e-08,2.0897522779749e-07,2.9355998891743e-12,1.9590251043371e-11
857,0,0,857,2.7468849433939e-08,1.9392892117982e-07,2.7233814977989e-12,1.9379362506441e-11
858,0,0,858,2.7449665634868e-08,1.7996998624397e-07,2.5265672233887e-12,1.9183799071064e-11
859,0,0,859,2.7430663192852e-08,1.6701952420143e-07,2.3440336297001e-12,1.9002442015669e-11
860,0,0,860,2.7411828938075e-08,1.5500438768213e-07,2.1747397099936e-12,1.8834254777493e-11
861,0,0,861,2.7393150661207e-08,1.4385675902287e-07,2.0177207873255e-12,1.8678276867497e-11
862,0,0,862,2.7374617042965e-08,1.3351375972929e-07,1.8720828721377e-12,1.8533618241836e-11
863,0,0,863,2.7356217588871e-08,1.239170887783e-07,1.7369974421295e-12,1.839945409499e-11
864,0,0,864,2.7337942568828e-08,1.1501268760607e-07,1.6116966121736e-12,1.8275020042215e-11
865,0,0,865,2.7319782961167e-08,1.0675042979072e-07,1.4954686645774e-12,1.8159607661772e-11
866,0,0,866,2.7301730400797e-08,9.9083833590019e-08,1.3876539123275e-12,1.8052560369506e-11
867,0,0,867,2.7283777131196e-08,9.1969795633724e-08,1.2876408700895e-12,1.7953269600623e-11
868,0,0,868,2.7265915959921e-08,8.5368344198904e-08,1.1948627097024e-12,1.7861171275375e-11
869,0,0,869,2.7248140217394e-08,7.9242410614864e-08,1.1087939787112e-12,1.7775742527298e-11
870,0,0,870,2.723044371872e-08,7.3557617453886e-08,1.0289475621371e-12,1.769649867416e-11
871,0,0,871,2.7212820728306e-08,6.8282082264865e-08,9.548718692128e-13,1.7622990413386e-11
872,0,0,872,2.7195265927081e-08,6.3386235700157e-08,8.861482282121e-13,1.7554801225141e-11
873,0,0,873,2.7177774382114e-08,5.8842652972018e-08,8.2238847379328e-13,1.7491544967456e-11
874,0,0,874,2.7160341518464e-08,5.462589765452e-08,7.6323271246706e-13,1.7432863649088e-11
875,0,0,875,2.7142963093098e-08,5.0712376920298e-08,7.0834725289419e-13,1.7378425366798e-11
876,0,0,876,2.7125635170703e-08,4.7080207369318e-08,6.5742268872746e-13,1.7327922394796e-11
877,0,0,877,2.7108354101288e-08,4.3709090669628e-08,6.1017212264389e-13,1.7281069415031e-11
878,0,0,878,2.709111649941e-08,4.058019828802e-08,5.6632952107099e-13,1.7237601877778e-11
879,0,0,879,2.7073919224927e-08,3.7676064642148e-08,5.2564818990278e-13,1.7197274482985e-11
880,0,0,880,2.7056759365154e-08,3.4980488055231e-08,4.8789936223192e-13,1.715985977322e-11
881,0,0,881,2.7039634218324e-08,3.2478438940322e-08,4.528708897986e-13,1.7125146830124e-11
882,0,0,882,2.7022541278257e-08,3.015597468353e-08,4.2036603047942e-13,1.7092940066578e-11
883,0,0,883,2.700547822015e-08,2.800016073483e-08,3.9020232471456e-13,1.7063058107562e-11
884,0,0,884,2.6988442887396e-08,2.5998997451391e-08,3.6221055430243e-13,1.7035332753132e-11
885,0,0,885,2.6971433279379e-08,2.4141352271934e-08,3.3623377748173e-13,1.7009608017431e-11
886,0,0,886,2.6954447540141e-08,2.2416896831745e-08,3.1212643467422e-13,1.6985739238176e-11
887,0,0,887,2.693748394789e-08,2.0816048656714e-08,2.8975351968059e-13,1.6963592251314e-11
888,0,0,888,2.6920540905263e-08,1.9329917101416e-08,2.6898981150897e-13,1.69430426262e-11
889,0,0,889,2.6903616930307e-08,1.7950253220897e-08,2.4971916237395e-13,1.6923974956669e-11
890,0,0,890,2.6886710648103e-08,1.6669403288659e-08,2.3183383773509e-13,1.6906282204027e-11
891,0,0,891,2.6869820783015e-08,1.548026569446e-08,2.1523390455007e-13,1.6889865088064e-11
892,0,0,892,2.6852946151492e-08,1.4376250975118e-08,1.9982666420095e-13,1.6874631522575e-11
893,0,0,893,2.68360856554e-08,1.3351244749625e-08,1.8552612681419e-13,1.686049609213e-11
894,0,0,894,2.6819238275833e-08,1.2399573346656e-08,1.7225252393736e-13,1.6847379567054e-11
895,0,0,895,2.6802403067379e-08,1.1515971928094e-08,1.5993185675979e-13,1.6835208453812e-11
896,0,0,896,2.6785579152801e-08,1.0695554926589e-08,1.4849547727228e-13,1.6823914578236e-11
897,0,0,897,2.6768765718102e-08,9.9337886285074e-09,1.3787969995281e-13,1.6813434699085e-11
898,0,0,898,2.6751962007952e-08,9.2264657459486e-09,1.2802544174315e-13,1.6803710149878e-11
899,0,0,899,2.6735167321445e-08,8.5696818329874e-09,1.1887788824597e-13,1.679468650674e-11
900,0,0,900,2.6718381008165e-08,7.9598134118586e-09,1.1038618422432e-13,1.6786313280556e-11
901,0,0,901,2.6701602464533e-08,7.3934976846409e-09,1.0250314662639e-13,1.6778543631428e-11
902,0,0,902,2.6684831130429e-08,6.8676137150862e-09,9.5184998489404e-14,1.6771334104069e-11
903,0,0,903,2.6668066486047e-08,6.3792649736668e-09,8.8391122196916e-14,1.6764644382313e-11
904,0,0,904,2.6651308048985e-08,5.9257631467253e-09,8.2083830676421e-14,1.6758437061611e-11
905,0,0,905,2.6634555371547e-08,5.5046131178448e-09,7.6228155227364e-14,1.6752677438015e-11
906,0,0,906,2.6617808038235e-08,5.1134990362643e-09,7.0791648766067e-14,1.6747333312519e-11
907,0,0,907,2.6601065663425e-08,4.7502713933754e-09,6.5744203362893e-14,1.6742374809624e-11
908,0,0,908,2.6584327889216e-08,4.4129350340967e-09,6.1057881029444e-14,1.6737774209132e-11
909,0,0,909,2.6567594383426e-08,4.0996380352574e-09,5.6706756789911e-14,1.6733505790071e-11
910,0,0,910,2.655086483774e-08,3.8086613880672e-09,5.2666773141419e-14,1.6729545686079e-11
911,0,0,911,2.6534138965988e-08,3.538409426334e-09,4.8915605073713e-14,1.6725871751163e-11
912,0,0,912,2.6517416502553e-08,3.2874009463383e-09,4.5432534879233e-14,1.672246343532e-11
913,0,0,913,2.6500697200884e-08,3.054260968212e-09,4.2198336040851e-14,1.6719301669096e-11
914,0,0,914,2.6483980832127e-08,2.837713092319e-09,3.9195165536631e-14,1.6716368756569e-11
915,0,0,915,2.6467267183851e-08,2.6365724075165e-09,3.6406463949257e-14,1.6713648276091e-11
916,0,0,916,2.6450556058863e-08,2.4497389113148e-09,3.38168628125e-14,1.6711124988205e-11
917,0,0,917,2.6433847274113e-08,2.2761914048589e-09,3.1412098668524e-14,1.670878475026e-11
918,0,0,918,2.6417140659676e-08,2.1149818283492e-09,2.9178933348254e-14,1.6706614437209e-11
919,0,0,919,2.6400436057808e-08,1.9652300050199e-09,2.7105080022614e-14,1.6704601868132e-11
920,0,0,920,2.6383733322069e-08,1.826118764106e-09,2.517913460541e-14,1.6702735738122e-11
921,0,0,921,2.6367032316514e-08,1.696889415381e-09,2.3390512119228e-14,1.6701005555034e-11
922,0,0,922,2.6350332914934e-08,1.576837549834e-09,2.1729387664011e-14,1.6699401580894e-11
923,0,0,923,2.6333635000156e-08,1.4653091429043e-09,2.018664165426e-14,1.6697914777476e-11
924,0,0,924,2.63169384634e-08,1.3616969384009e-09,1.8753809015119e-14,1.6696536755877e-11
925,0,0,925,2.630024320367e-08,1.2654370928199e-09,1.7423032050172e-14,1.6695259729698e-11
926,0,0,926,2.6283549127199e-08,1.1760060612471e-09,1.618701671467e-14,1.6694076471628e-11
927,0,0,927,2.6266856146926e-08,1.0929177073946e-09,1.5038992047298e-14,1.6692980273173e-11
928,0,0,928,2.6250164182018e-08,1.015720621585e-09,1.3972672531542e-14,1.6691964907277e-11
929,0,0,929,2.6233473157425e-08,9.4399563167137e-10,1.2982223174368e-14,1.6691024593661e-11
930,0,0,930,2.6216783003458e-08,8.773534929676e-10,1.2062227105381e-14,1.6690153966664e-11
931,0,0,931,2.6200093655413e-08,8.1543274427199e-10,1.1207655513906e-14,1.6689348045401e-11
932,0,0,932,2.6183405053207e-08,7.5789771800261e-10,1.0413839754757e-14,1.668860220607e-11
933,0,0,933,2.616671714105e-08,7.0443669333e-10,9.6764454657421e-15,1.668791215628e-11
934,0,0,934,2.6150029867139e-08,6.5476018199635e-10,8.9914485513906e-15,1.6687273911204e-11
935,0,0,935,2.6133343183367e-08,6.0859933854068e-10,8.3551126654765e-15,1.6686683772199e-11
936,0,0,936,2.6116657045063e-08,5.6570447944446e-10,7.7639694964167e-15,1.6686138304408e-11
937,0,0,937,2.6099971410745e-08,5.2584371579441e-10,7.2147982206581e-15,1.6685634318025e-11
938,0,0,938,2.6083286241891e-08,4.8880168030934e-10,6.7046084227988e-15,1.668516885376e-11
939,0,0,939,2.6066601502728e-08,4.5437834603115e-10,6.2306235043509e-15,1.6684739163187e-11
940,0,0,940,2.6049917160033e-08,4.2238792991371e-10,5.7902653172569e-15,1.6684342694494e-11
941,0,0,941,2.6033233182955e-08,3.9265787503966e-10,5.381139932204e-15,1.66839770784e-11
942,0,0,942,2.601654954284e-08,3.6502790580803e-10,5.0010244309244e-15,1.6683640115038e-11
943,0,0,943,2.5999866213078e-08,3.3934915084347e-10,4.6478546485855e-15,1.6683329761812e-11
944,0,0,944,2.5983183168956e-08,3.1548332875666e-10,4.3197137977126e-15,1.6683044122106e-11
945,0,0,945,2.5966500387521e-08,2.9330199223709e-10,4.014821910043e-15,1.6682781434812e-11
946,0,0,946,2.5949817847456e-08,2.7268582628509e-10,3.7315260373111e-15,1.6682540064648e-11
947,0,0,947,2.5933135528963e-08,2.5352399669266e-10,3.46829115623e-15,1.6682318493077e-11
948,0,0,948,2.5916453413653e-08,2.3571354516285e-10,3.2236917268956e-15,1.6682115310017e-11
949,0,0,949,2.5899771484447e-08,2.1915882771803e-10,2.9964038575117e-15,1.6681929206013e-11
950,0,0,950,2.5883089725482e-08,2.0377099328853e-10,2.7851980317399e-15,1.6681758965049e-11
951,0,0,951,2.5866408122024e-08,1.8946749959715e-10,2.5889323581399e-15,1.6681603457874e-11
952,0,0,952,2.5849726660388e-08,1.7617166366294e-10,2.4065463040926e-15,1.6681461635762e-11
953,0,0,953,2.5833045327864e-08,1.6381224444017e-10,2.2370548793201e-15,1.6681332524777e-11
954,0,0,954,2.5816364112643e-08,1.523230552875e-10,2.0795432366349e-15,1.6681215220405e-11
955,0,0,955,2.5799683003761e-08,1.4164260412789e-10,1.9331616598887e-15,1.6681108882585e-11
956,0,0,956,2.578300199103e-08,1.3171375931428e-10,1.7971209112624e-15,1.668101273113e-11
957,0,0,957,2.5766321064988e-08,1.2248343935823e-10,1.6706879120461e-15,1.6680926041398e-11
958,0,0,958,2.5749640216848e-08,1.1390232481167e-10,1.553181732927e-15,1.668084814037e-11
959,0,0,959,2.5732959438445e-08,1.059245907148e-10,1.4439698715329e-15,1.6680778402927e-11
960,0,0,960,2.5716278722196e-08,9.8507658137005e-11,1.3424647965816e-15,1.6680716248453e-11
961,0,0,961,2.5699598061059e-08,9.161196344374e-11,1.2481207394809e-15,1.6680661137634e-11
962,0,0,962,2.5682917448489e-08,8.5200744020542e-11,1.1604307155989e-15,1.6680612569536e-11
963,0,0,963,2.566623687841e-08,7.923983927628e-11,1.0789237587113e-15,1.6680570078836e-11
964,0,0,964,2.5649556345177e-08,7.3697505832542e-11,1.0031623533167e-15,1.66805332333e-11
965,0,0,965,2.5632875843546e-08,6.8544245884381e-11,9.3274005061721e-16,1.6680501631417e-11
966,0,0,966,2.5616195368645e-08,6.3752647790558e-11,8.6727925498195e-16,1.6680474900215e-11
967,0,0,967,2.5599514915952e-08,5.9297238018947e-11,8.0642916866152e-16,1.6680452693205e-11
968,0,0,968,2.5582834481264e-08,5.5154343635508e-11,7.4986388340242e-16,1.6680434688521e-11
969,0,0,969,2.5566154060677e-08,5.1301964583431e-11,6.9728060842611e-16,1.6680420587149e-11
970,0,0,970,2.5549473650565e-08,4.7719655053063e-11,6.4839802499653e-16,1.6680410111287e-11
971,0,0,971,2.5532793247562e-08,4.4388413293382e-11,6.0295475850227e-16,1.6680403002874e-11
972,0,0,972,2.551611284854e-08,4.1290579262261e-11,5.6070795963291e-16,1.6680399022134e-11
973,0,0,973,2.5499432450594e-08,3.8409739555997e-11,5.2143198683375e-16,1.6680397946316e-11
974,0,0,974,2.5482752051026e-08,3.573063909862e-11,4.8491718278529e-16,1.6680399568447e-11
975,0,0,975,2.5466071647329e-08,3.3239099108702e-11,4.5096873817508e-16,1.668040369625e-11
976,0,0,976,2.5449391237178e-08,3.0921940895923e-11,4.1940563651299e-16,1.6680410151058e-11
977,0,0,977,2.5432710818411e-08,2.8766915071669e-11,3.9005967418997e-16,1.6680418766875e-11
978,0,0,978,2.5416030389022e-08,2.676263578771e-11,3.6277455039673e-16,1.6680429389449e-11
979,0,0,979,2.5399349947146e-08,2.4898519644586e-11,3.374050219053e-16,1.6680441875469e-11
980,0,0,980,2.5382669491055e-08,2.316472893699e-11,3.1381611807496e-16,1.6680456091769e-11
981,0,0,981,2.536598901914e-08,2.1552118927173e-11,2.9188241177691e-16,1.668047191459e-11
982,0,0,982,2.5349308529911e-08,2.0052188859543e-11,2.7148734224096e-16,1.6680489228952e-11
983,0,0,983,2.5332628021983e-08,1.8657036450074e-11,2.5252258611388e-16,1.6680507927999e-11
984,0,0,984,2.5315947494071e-08,1.7359315603193e-11,2.3488747328551e-16,1.6680527912441e-11
985,0,0,985,2.5299266944981e-08,1.615219712648e-11,2.1848844428505e-16,1.6680549089991e-11
986,0,0,986,2.5282586373606e-08,1.5029332229908e-11,2.0323854627953e-16,1.6680571374906e-11
987,0,0,987,2.5265905778918e-08,1.3984818611572e-11,1.8905696491877e-16,1.6680594687489e-11
988,0,0,988,2.5249225159965e-08,1.3013168945999e-11,1.7586858946879e-16,1.6680618953686e-11
989,0,0,989,2.523254451586e-08,1.2109281604239e-11,1.6360360885847e-16,1.6680644104652e-11
990,0,0,990,2.5215863845784e-08,1.1268413447142e-11,1.5219713643463e-16,1.6680670076432e-11
991,0,0,991,2.5199183148974e-08,1.04861545445e-11,1.4158886137818e-16,1.6680696809566e-11
992,0,0,992,2.5182502424725e-08,9.7584046832799e-12,1.3172272488082e-16,1.6680724248788e-11
993,0,0,993,2.5165821672382e-08,9.0813515378807e-12,1.2254661931726e-16,1.6680752342754e-11
994,0,0,994,2.5149140891339e-08,8.4514503844294e-12,1.1401210877469e-16,1.6680781043717e-11
995,0,0,995,2.5132460081031e-08,7.8654052495242e-12,1.0607416941783e-16,1.6680810307309e-11
996,0,0,996,2.5115779240939e-08,7.3201513916395e-12,9.8690948277136e-17,1.6680840092293e-11
997,0,0,997,2.5099098370579e-08,6.812839020655e-12,9.1823539148207e-17,1.6680870360324e-11
998,0,0,998,2.5082417469503e-08,6.3408181677013e-12,8.5435774384604e-17,1.668090107578e-11
999,0,0,999,2.5065736537297e-08,5.9016246237627e-12,7.949403145289e-17,1.6680932205531e-11
1000,0,0,1000,2.5049055573579e-08,5.492966871278e-12,7.3967053199725e-17,1.6680963718787e-11
1001,0,0,1001,2.5032374577992e-08,5.1127139383736e-12,6.8825780855707e-17,1.6680995586926e-11
1002,0,0,1002,2.5015693550208e-08,4.7588841103611e-12,6.4043198870256e-17,1.6681027783343e-11
1003,0,0,1003,2.4999012489925e-08,4.4296344377837e-12,5.9594190736513e-17,1.6681060283295e-11
1004,0,0,1004,2.4982331396861e-08,4.1232509846061e-12,5.545540502514e-17,1.6681093063791e-11
1005,0,0,1005,2.4965650270758e-08,3.8381397641548e-12,5.1605130901681e-17,1.668112610346e-11
1006,0,0,1006,2.4948969111375e-08,3.5728183141337e-12,4.8023182453815e-17,1.6681159382411e-11
1007,0,0,1007,2.4932287918493e-08,3.3259078654992e-12,4.4690791202851e-17,1.6681192882181e-11
1008,0,0,1008,2.4915606691908e-08,3.0961260631875e-12,4.1590506218421e-17,1.6681226585585e-11
1009,0,0,1009,2.4898925431431e-08,2.8822801996699e-12,3.8706101296686e-17,1.6681260476651e-11
1010,0,0,1010,2.4882244136891e-08,2.6832609250796e-12,3.6022488700835e-17,1.6681294540524e-11
1011,0,0,1011,2.4865562808127e-08,2.498036400227e-12,3.3525638998329e-17,1.6681328763405e-11
1012,0,0,1012,2.4848881444995e-08,2.3256468612077e-12,3.1202506562492e-17,1.6681363132451e-11
1013,0,0,1013,2.4832200047359e-08,2.1651995665292e-12,2.9040960336802e-17,1.6681397635726e-11
1014,0,0,1014,2.4815518615097e-08,2.01586409974e-12,2.702971948885e-17,1.6681432262129e-11
1015,0,0,1015,2.4798837148095e-08,1.8768680024614e-12,2.515829360742e-17,1.6681467001339e-11
1016,0,0,1016,2.4782155646252e-08,1.747492714501e-12,2.3416927120831e-17,1.6681501843758e-11
1017,0,0,1017,2.4765474109471e-08,1.6270697993766e-12,2.1796547637521e-17,1.6681536780466e-11
1018,0,0,1018,2.4748792537668e-08,1.5149774351161e-12,2.0288717931155e-17,1.668157180316e-11
1019,0,0,1019,2.4732110930764e-08,1.4106371516232e-12,1.8885591312222e-17,1.668160690412e-11
1020,0,0,1020,2.4715429288688e-08,1.3135107972229e-12,1.757987014645e-17,1.6681642076177e-11
1021,0,0,1021,2.4698747611375e-08,1.2230977182319e-12,1.6364767297374e-17,1.6681677312648e-11
1022,0,0,1022,2.4682065898768e-08,1.1389321365401e-12,1.5233970286211e-17,1.668171260733e-11
1023,0,0,1023,2.4665384150813e-08,1.0605807112535e-12,1.4181607976873e-17,1.6681747954452e-11
1024,0,0,1024,2.4648702367465e-08,9.8764027143268e-13,1.3202219607569e-17,1.6681783348643e-11
1025,0,0,1025,2.463202054868e-08,9.1973570787929e-13,1.2290726003164e-17,1.6681818784908e-11
1026,0,0,1026,2.4615338694421e-08,8.5651801277343e-13,1.1442402814161e-17,1.6681854258612e-11
1027,0,0,1027,2.4598656804656e-08,7.9766245675606e-13,1.0652855639144e-17,1.6681889765426e-11
1028,0,0,1028,2.4581974879354e-08,7.4286689378551e-13,9.9179968976687e-18,1.6681925301333e-11
1029,0,0,1029,2.4565292918492e-08,6.9185018478008e-13,9.2340243299837e-18,1.6681960862605e-11
1030,0,0,1030,2.4548610922046e-08,6.4435073169303e-13,8.597401008755e-18,1.6681996445758e-11
1031,0,0,1031,2.4531928889999e-08,6.0012511425608e-13,8.0048367560878e-18,1.6682032047565e-11
1032,0,0,1032,2.4515246822333e-08,5.5894682217491e-13,7.4532708666928e-18,1.6682067665009e-11
1033,0,0,1033,2.4498564719038e-08,5.2060507606954e-13,6.9398560450723e-18,1.6682103295311e-11
1034,0,0,1034,2.4481882580102e-08,4.8490373092526e-13,6.4619434711148e-18,1.6682138935847e-11
1035,0,0,1035,2.4465200405518e-08,4.5166025625924e-13,6.0170689145495e-18,1.6682174584215e-11
1036,0,0,1036,2.444851819528e-08,4.2070478761649e-13,5.6029398243379e-18,1.6682210238154e-11
1037,0,0,1037,2.4431835949384e-08,3.9187924438827e-13,5.2174233243063e-18,1.6682245895571e-11
1038,0,0,1038,2.441515366783e-08,3.6503650929886e-13,4.8585350511838e-18,1.6682281554517e-11
1039,0,0,1039,2.4398471350617e-08,3.4003966523411e-13,4.5244287757194e-18,1.6682317213181e-11
1040,0,0,1040,2.4381788997747e-08,3.1676128539021e-13,4.2133867517456e-18,1.6682352869873e-11
1041,0,0,1041,2.4365106609224e-08,2.9508277300374e-13,3.9238107419525e-18,1.6682388523029e-11
1042,0,0,1042,2.4348424185053e-08,2.7489374718743e-13,3.6542136727522e-18,1.6682424171184e-11
1043,0,0,1043,2.433174172524e-08,2.5609147164058e-13,3.4032118739784e-18,1.6682459812984e-11
1044,0,0,1044,2.4315059229792e-08,2.3858032323014e-13,3.1695178622906e-18,1.6682495447164e-11
1045,0,0,1045,2.429837669872e-08,2.2227129764974e-13,2.9519336300516e-18,1.6682531072546e-11
1046,0,0,1046,2.4281694132032e-08,2.0708154956052e-13,2.7493444041499e-18,1.6682566688038e-11
1047,0,0,1047,2.4265011529739e-08,1.9293396479952e-13,2.56071284174e-18,1.6682602292625e-11
1048,0,0,1048,2.4248328891854e-08,1.7975676241165e-13,2.3850736322053e-18,1.6682637885353e-11
1049,0,0,1049,2.4231646218389e-08,1.6748312441821e-13,2.2215284768115e-18,1.6682673465342e-11
1050,0,0,1050,2.4214963509357e-08,1.5605085138214e-13,2.0692414195302e-18,1.6682709031782e-11
1051,0,0,1051,2.4198280764773e-08,1.4540204196567e-13,1.9274345043798e-18,1.6682744583896e-11
1052,0,0,1052,2.4181597984652e-08,1.3548279480341e-13,1.7953837363693e-18,1.6682780120981e-11
1053,0,0,1053,2.416491516901e-08,1.262429311308e-13,1.6724153247427e-18,1.6682815642377e-11
1054,0,0,1054,2.4148232317862e-08,1.1763573671797e-13,1.5579021887228e-18,1.6682851147467e-11
1055,0,0,1055,2.4131549431226e-08,1.0961772176025e-13,1.4512607073471e-18,1.6682886635676e-11
1056,0,0,1056,2.411486650912e-08,1.021483974714e-13,1.3519476962819e-18,1.6682922106481e-11
1057,0,0,1057,2.4098183551561e-08,9.5190068213341e-14,1.2594575957085e-18,1.6682957559369e-11
1058,0,0,1058,2.4081500558567e-08,8.870763807804e-14,1.1733198544894e-18,1.66829929939e-11
1059,0,0,1059,2.4064817530157e-08,8.2668430913025e-14,1.0930964968677e-18,1.6683028409625e-11
1060,0,0,1060,2.4048134466351e-08,7.7042022852727e-14,1.018379858914e-18,1.6683063806159e-11
1061,0,0,1061,2.4031451367168e-08,7.1800086483451e-14,9.4879048283886e-19,1.6683099183122e-11
1062,0,0,1062,2.4014768232628e-08,6.6916245830862e-14,8.8397515811868e-19,1.668313454017e-11
1063,0,0,1063,2.3998085062751e-08,6.2365941415591e-14,8.2360509916413e-19,1.6683169876982e-11
1064,0,0,1064,2.3981401857557e-08,5.8126304675384e-14,7.673742499773e-19,1.6683205193259e-11
1065,0,0,1065,2.3964718617069e-08,5.4176041101257e-14,7.149977069171e-19,1.6683240488712e-11
1066,0,0,1066,2.3948035341306e-08,5.0495321480733e-14,6.6621025131475e-19,1.6683275763098e-11
1067,0,0,1067,2.3931352030289e-08,4.7065680683712e-14,6.2076498426084e-19,1.6683311016159e-11
1068,0,0,1068,2.3914668684042e-08,4.38699234659e-14,5.7843205642394e-19,1.6683346247684e-11
1069,0,0,1069,2.3897985302584e-08,4.089203680147e-14,5.3899748626187e-19,1.6683381457447e-11
1070,0,0,1070,2.3881301885939e-08,3.8117108290687e-14,5.0226206045167e-19,1.6683416645271e-11
1071,0,0,1071,2.3864618434128e-08,3.5531250219983e-14,4.6804031079753e-19,1.6683451810962e-11
1072,0,0,1072,2.3847934947174e-08,3.312152888143e-14,4.3615956227798e-19,1.6683486954352e-11
1073,0,0,1073,2.3831251425098e-08,3.0875898786028e-14,4.0645904726775e-19,1.6683522075289e-11
1074,0,0,1074,2.3814567867925e-08,2.8783141430684e-14,3.7878908131732e-19,1.6683557173622e-11
1075,0,0,1075,2.3797884275676e-08,2.6832808302526e-14,3.530102961966e-19,1.6683592249213e-11
1076,0,0,1076,2.3781200648374e-08,2.501516782623e-14,3.2899292620964e-19,1.6683627301944e-11
1077,0,0,1077,2.3764516986042e-08,2.3321155980558e-14,3.0661614406662e-19,1.6683662331683e-11
1078,0,0,1078,2.3747833288704e-08,2.17423303294e-14,2.8576744285956e-19,1.6683697338334e-11
1079,0,0,1079,2.3731149556382e-08,2.0270827230344e-14,2.6634206092923e-19,1.6683732321784e-11
1080,0,0,1080,2.37144657891e-08,1.8899322000311e-14,2.4824244663581e-19,1.6683767281944e-11
1081,0,0,1081,2.3697781986881e-08,1.762099183316e-14,2.3137776025447e-19,1.6683802218718e-11
1082,0,0,1082,2.3681098149749e-08,1.6429481278401e-14,2.1566341041133e-19,1.668383713203e-11
1083,0,0,1083,2.3664414277727e-08,1.5318870103507e-14,2.0102062265586e-19,1.6683872021803e-11
1084,0,0,1084,2.3647730370839e-08,1.4283643374592e-14,1.8737603793356e-19,1.6683906887956e-11
1085,0,0,1085,2.3631046429109e-08,1.3318663601779e-14,1.7466133887911e-19,1.6683941730434e-11
1086,0,0,1086,2.361436245256e-08,1.2419144806225e-14,1.6281290199524e-19,1.668397654917e-11
1087,0,0,1087,2.3597678441216e-08,1.1580628375741e-14,1.5177147391774e-19,1.6684011344098e-11
1088,0,0,1088,2.35809943951e-08,1.0798960585175e-14,1.4148187009233e-19,1.6684046115181e-11
1089,0,0,1089,2.3564310314238e-08,1.0070271666356e-14,1.3189269430629e-19,1.6684080862352e-11
1090,0,0,1090,2.3547626198653e-08,9.390956320356e-15,1.2295607762599e-19,1.6684115585575e-11
1091,0,0,1091,2.3530942048368e-08,8.7576555723298e-15,1.1462743539275e-19,1.6684150284802e-11
1092,0,0,1092,2.3514257863408e-08,8.1672398760698e-15,1.0686524102306e-19,1.6684184959992e-11
1093,0,0,1093,2.3497573643797e-08,7.6167933818874e-15,9.9630815447017e-20,1.6684219611107e-11
1094,0,0,1094,2.3480889389558e-08,7.1035992874142e-15,9.2888131099647e-20,1.6684254238118e-11
1095,0,0,1095,2.3464205100718e-08,6.6251261964994e-15,8.6603629455584e-20,1.6684288840979e-11
1096,0,0,1096,2.3447520777298e-08,6.1790154165663e-15,8.074605116788e-20,1.6684323419677e-11
1097,0,0,1097,2.3430836419324e-08,5.7630691296216e-15,7.5286277936999e-20,1.6684357974164e-11
1098,0,0,1098,2.3414152026819e-08,5.3752393765999e-15,7.019718529693e-20,1.6684392504431e-11
1099,0,0,1099,2.3397467599809e-08,5.0136177989098e-15,6.5453505561904e-20,1.6684427010443e-11
1100,0,0,1100,2.3380783138317e-08,4.676426084933e-15,6.1031700229803e-20,1.6684461492178e-11
1101,0,0,1101,2.3364098642367e-08,4.3620070728483e-15,5.6909841187324e-20,1.6684495949617e-11
1102,0,0,1102,2.3347414111984e-08,4.0688164645199e-15,5.3067500107451e-20,1.6684530382741e-11
1103,0,0,1103,2.3330729547193e-08,3.79541510832e-15,4.9485645472173e-20,1.6684564791529e-11
1104,0,0,1104,2.3314044948017e-08,3.540461811675e-15,4.6146546692753e-20,1.6684599175961e-11
1105,0,0,1105,2.3297360314481e-08,3.3027066468322e-15,4.3033684836549e-20,1.6684633536028e-11
1106,0,0,1106,2.3280675646609e-08,3.080984715874e-15,4.0131669503421e-20,1.6684667871706e-11
1107,0,0,1107,2.3263990944426e-08,2.8742103433517e-15,3.7426161426546e-20,1.6684702182992e-11
1108,0,0,1108,2.3247306207956e-08,2.681371667098e-15,3.4903800401914e-20,1.668473646986e-11
1109,0,0,1109,2.3230621437224e-08,2.5015255998147e-15,3.2552138178273e-20,1.668477073231e-11
1110,0,0,1110,2.3213936632254e-08,2.3337931359207e-15,3.0359575964814e-20,1.6684804970321e-11
1111,0,0,1111,2.319725179307e-08,2.1773549799116e-15,2.8315306237658e-20,1.6684839183891e-11
1112,0,0,1112,2.3180566919697e-08,2.0314474741198e-15,2.6409258548312e-20,1.6684873373e-11
1113,0,0,1113,2.3163882012159e-08,1.895358805292e-15,2.4632049057837e-20,1.668490753765e-11
1114,0,0,1114,2.3147197070481e-08,1.7684254708189e-15,2.2974933539621e-20,1.6684941677823e-11
1115,0,0,1115,2.3130512094688e-08,1.6500289867778e-15,2.1429763611437e-20,1.6684975793517e-11
1116,0,0,1116,2.3113827084803e-08,1.5395928211753e-15,1.998894597406e-20,1.6685009884724e-11
1117,0,0,1117,2.3097142040852e-08,1.4365795369259e-15,1.8645404449132e-20,1.6685043951429e-11
1118,0,0,1118,2.3080456962858e-08,1.3404881301674e-15,1.7392544623296e-20,1.6685077993637e-11
1119,0,0,1119,2.3063771850847e-08,1.2508515505044e-15,1.6224220919002e-20,1.6685112011337e-11
1120,0,0,1120,2.3047086704842e-08,1.167234390699e-15,1.513470592478e-20,1.6685146004523e-11
1121,0,0,1121,2.3030401524869e-08,1.0892307341831e-15,1.4118661829369e-20,1.6685179973188e-11
1122,0,0,1122,2.3013716310951e-08,1.0164621495709e-15,1.3171113814813e-20,1.6685213917329e-11
1123,0,0,1123,2.2997031063115e-08,9.4857582209196e-16,1.2287425273692e-20,1.6685247836945e-11
1124,0,0,1124,2.2980345781383e-08,8.8524281256194e-16,1.1463274724933e-20,1.6685281732024e-11
1125,0,0,1125,2.296366046578e-08,8.2615643515117e-16,1.0694634311349e-20,1.6685315602569e-11
1126,0,0,1126,2.2946975116331e-08,7.7103074581361e-16,9.9777497700974e-21,1.6685349448572e-11
1127,0,0,1127,2.2930289733061e-08,7.1959913379819e-16,9.309121774792e-21,1.6685383270032e-11
1128,0,0,1128,2.2913604315994e-08,6.7161300918513e-16,8.685488554964e-21,1.6685417066948e-11
1129,0,0,1129,2.2896918865155e-08,6.2684057987524e-16,8.1038097050899e-21,1.6685450839306e-11
1130,0,0,1130,2.2880233380568e-08,5.8506571191138e-16,7.5612511014578e-21,1.6685484587121e-11
1131,0,0,1131,2.2863547862258e-08,5.4608686743195e-16,7.055170850777e-21,1.6685518310371e-11
1132,0,0,1132,2.2846862310249e-08,5.097161149475e-16,6.5831061996851e-21,1.6685552009067e-11
1133,0,0,1133,2.2830176724565e-08,4.7577820699619e-16,6.1427613391877e-21,1.6685585683206e-11
1134,0,0,1134,2.2813491105233e-08,4.4410972057291e-16,5.7319960426139e-21,1.6685619332778e-11
1135,0,0,1135,2.2796805452275e-08,4.1455825604308e-16,5.3488150798989e-21,1.6685652957785e-11
1136,0,0,1136,2.2780119765717e-08,3.8698169054614e-16,4.991358354946e-21,1.6685686558229e-11
1137,0,0,1137,2.2763434045582e-08,3.6124748216777e-16,4.6578917164851e-21,1.6685720134102e-11
1138,0,0,1138,2.2746748291897e-08,3.3723202141496e-16,4.346798396258e-21,1.6685753685408e-11
1139,0,0,1139,2.2730062504685e-08,3.1482002676558e-16,4.0565710315387e-21,1.668578721214e-11
1140,0,0,1140,2.2713376683971e-08,2.9390398128518e-16,3.7858042319525e-21,1.6685820714302e-11
1141,0,0,1141,2.2696690829779e-08,2.7438360750997e-16,3.5331876533134e-21,1.6685854191889e-11
1142,0,0,1142,2.2680004942134e-08,2.5616537798642e-16,3.2974995437619e-21,1.6685887644903e-11
1143,0,0,1143,2.266331902106e-08,2.3916205903686e-16,3.0776007298699e-21,1.6685921073336e-11
1144,0,0,1144,2.2646633066583e-08,2.2329228548656e-16,2.8724290126043e-21,1.6685954477192e-11
1145,0,0,1145,2.2629947078727e-08,2.0848016424287e-16,2.6809939451076e-21,1.6685987856474e-11
1146,0,0,1146,2.2613261057516e-08,1.9465490476122e-16,2.5023719661788e-21,1.6686021211173e-11
1147,0,0,1147,2.2596575002974e-08,1.8175047456711e-16,2.3357018651335e-21,1.6686054541294e-11
1148,0,0,1148,2.2579888915127e-08,1.697052781285e-16,2.1801805553896e-21,1.6686087846831e-11
1149,0,0,1149,2.2563202794e-08,1.5846185748938e-16,2.0350591356805e-21,1.6686121127788e-11
1150,0,0,1150,2.2546516639616e-08,1.4796661318416e-16,1.8996392192444e-21,1.6686154384161e-11
1151,0,0,1151,2.2529830452e-08,1.3816954405329e-16,1.7732695126869e-21,1.6686187615953e-11
1152,0,0,1152,2.2513144231176e-08,1.2902400467501e-16,1.6553426274689e-21,1.6686220823156e-11
1153,0,0,1153,2.2496457977171e-08,1.2048647921568e-16,1.5452921081394e-21,1.668625400578e-11
1154,0,0,1154,2.2479771690007e-08,1.1251637058296e-16,1.4425896625227e-21,1.6686287163818e-11
1155,0,0,1155,2.246308536971e-08,1.0507580384218e-16,1.3467425800812e-21,1.6686320297269e-11
1156,0,0,1156,2.2446399016303e-08,9.8129442927147e-17,1.2572913256204e-21,1.6686353406132e-11
1157,0,0,1157,2.2429712629813e-08,9.1644319742733e-17,1.173807296379e-21,1.6686386490412e-11
1158,0,0,1158,2.2413026210263e-08,8.558967481804e-17,1.0958907313693e-21,1.6686419550101e-11
1159,0,0,1159,2.2396339757678e-08,7.9936808726382e-17,1.0231687625902e-21,1.6686452585204e-11
1160,0,0,1160,2.2379653272082e-08,7.4658943541575e-17,9.5529359844999e-22,1.6686485595722e-11
1161,0,0,1161,2.23629667535e-08,6.9731093649898e-17,8.9194083039363e-22,1.668651858165e-11
1162,0,0,1162,2.2346280201957e-08,6.5129945283341e-17,8.3280785434671e-22,1.6686551542988e-11
1163,0,0,1163,2.2329593617478e-08,6.0833744183005e-17,7.7761239916093e-22,1.6686584479735e-11
1164,0,0,1164,2.2312907000086e-08,5.6822190841675e-17,7.260911547807e-22,1.6686617391898e-11
1165,0,0,1165,2.2296220349806e-08,5.3076342812131e-17,6.7799849334735e-22,1.6686650279468e-11
1166,0,0,1166,2.2279533666664e-08,4.9578523602622e-17,6.3310527692128e-22,1.668668314245e-11
1167,0,0,1167,2.2262846950683e-08,4.6312237713485e-17,5.9119774593367e-22,1.6686715980839e-11
1168,0,0,1168,2.2246160201888e-08,4.3262091399222e-17,5.5207648288163e-22,1.668674879464e-11
1169,0,0,1169,2.2229473420304e-08,4.0413718768531e-17,5.1555544615511e-22,1.6686781583852e-11
1170,0,0,1170,2.2212786605956e-08,3.7753712861168e-17,4.8146106923263e-22,1.6686814348469e-11
1171,0,0,1171,2.2196099758868e-08,3.5269561364991e-17,4.4963142080806e-22,1.6686847088496e-11
1172,0,0,1172,2.2179412879064e-08,3.2949586659393e-17,4.1991542171336e-22,1.6686879803936e-11
1173,0,0,1173,2.2162725966569e-08,3.078288989263e-17,3.9217211478403e-22,1.6686912494782e-11
1174,0,0,1174,2.2146039021408e-08,2.8759298820381e-17,3.6626998407703e-22,1.6686945161034e-11
1175,0,0,1175,2.2129352043605e-08,2.6869319151345e-17,3.4208632009558e-22,1.6686977802697e-11
1176,0,0,1176,2.2112665033185e-08,2.5104089162929e-17,3.1950662790323e-22,1.6687010419765e-11
1177,0,0,1177,2.2095977990173e-08,2.3455337366122e-17,2.9842407522217e-22,1.6687043012246e-11
1178,0,0,1178,2.2079290914593e-08,2.1915343013587e-17,2.7873897780883e-22,1.668707558013e-11
1179,0,0,1179,2.206260380647e-08,2.047689925898e-17,2.6035831958382e-22,1.6687108123427e-11
1180,0,0,1180,2.2045916665827e-08,1.913327878845e-17,2.4319530516587e-22,1.6687140642124e-11
1181,0,0,1181,2.2029229492691e-08,1.7878201757407e-17,2.2716894261885e-22,1.6687173136237e-11
1182,0,0,1182,2.2012542287085e-08,1.6705805876905e-17,2.122036543708e-22,1.6687205605749e-11
1183,0,0,1183,2.1995855049035e-08,1.5610618504515e-17,1.9822891440266e-22,1.6687238050674e-11
1184,0,0,1184,2.1979167778564e-08,1.4587530604326e-17,1.8517890993415e-22,1.6687270471003e-11
1185,0,0,1185,2.1962480475697e-08,1.3631772449878e-17,1.7299222595508e-22,1.6687302866741e-11
1186,0,0,1186,2.1945793140459e-08,1.2738890952293e-17,1.6161155106293e-22,1.6687335237885e-11
1187,0,0,1187,2.1929105772875e-08,1.1904728503827e-17,1.5098340317242e-22,1.6687367584432e-11
1188,0,0,1188,2.1912418372968e-08,1.1125403234431e-17,1.4105787376053e-22,1.6687399906392e-11
1189,0,0,1189,2.1895730940765e-08,1.0397290585804e-17,1.3178838940148e-22,1.6687432203755e-11
1190,0,0,1190,2.1879043476288e-08,9.7170061138124e-18,1.2313148943056e-22,1.6687464476524e-11
1191,0,0,1191,2.1862355979563e-08,9.0813894361627e-18,1.150466186546e-22,1.66874967247e-11
1192,0,0,1192,2.1845668450615e-08,8.4874892477673e-18,1.0749593409955e-22,1.6687528948281e-11
1193,0,0,1193,2.1828980889468e-08,7.9325493314526e-18,1.0044412485297e-22,1.6687561147273e-11
1194,0,0,1194,2.1812293296146e-08,7.4139954965291e-18,9.3858244121148e-23,1.6687593321667e-11
1195,0,0,1195,2.1795605670675e-08,6.9294233822898e-18,8.7707552677319e-23,1.6687625471464e-11
1196,0,0,1196,2.1778918013078e-08,6.4765870677691e-18,8.1963372928243e-23,1.6687657596671e-11
1197,0,0,1197,2.1762230323381e-08,6.0533884331155e-18,7.6598952872309e-23,1.6687689697288e-11
1198,0,0,1198,2.1745542601607e-08,5.657867221724e-18,7.1589339261849e-23,1.66877217733e-11
1199,0,0,1199,2.1728854847783e-08,5.2881917558907e-18,6.6911259315832e-23,1.6687753824726e-11
1200,0,0,1200,2.1712167061931e-08,4.9426502622126e-18,6.2543010355736e-23,1.6687785851558e-11
1201,0,0,1201,2.1695479244077e-08,4.6196427663206e-18,5.8464356756453e-23,1.6687817853789e-11
1202,0,0,1202,2.1678791394246e-08,4.3176735198297e-18,5.4656433614859e-23,1.6687849831431e-11
1203,0,0,1203,2.1662103512461e-08,4.0353439256849e-18,5.11016565402e-23,1.6687881784475e-11
1204,0,0,1204,2.1645415598748e-08,3.7713459314212e-18,4.7783636961726e-23,1.6687913712925e-11
1205,0,0,1205,2.1628727653132e-08,3.524455863304e-18,4.4687102329224e-23,1.6687945616782e-11
1206,0,0,1206,2.1612039675636e-08,3.2935286779428e-18,4.1797820550366e-23,1.6687977496044e-11
1207,0,0,1207,2.1595351666285e-08,3.0774926118385e-18,3.9102527964892e-23,1.668800935071e-11
1208,0,0,1208,2.1578663625104e-08,2.8753442134976e-18,3.6588860099705e-23,1.6688041180782e-11
1209,0,0,1209,2.1561975552118e-08,2.6861437472967e-18,3.4245284382347e-23,1.6688072986257e-11
1210,0,0,1210,2.1545287447351e-08,2.509010963231e-18,3.2061033915901e-23,1.6688104767139e-11
1211,0,0,1211,2.1528599310827e-08,2.3431212320653e-18,3.0026041340986e-23,1.6688136523423e-11
1212,0,0,1212,2.1511911142572e-08,2.18770205119e-18,2.8130871738432e-23,1.6688168255117e-11
1213,0,0,1213,2.149522294261e-08,2.0420299325643e-18,2.6366653471256e-23,1.668819996221e-11
1214,0,0,1214,2.1478534710965e-08,1.9054276903309e-18,2.4725005844237e-23,1.6688231644713e-11
1215,0,0,1215,2.1461846447663e-08,1.7772621516704e-18,2.3197962497563e-23,1.6688263302616e-11
1216,0,0,1216,2.1445158152727e-08,1.656942319737e-18,2.177788957994e-23,1.6688294935928e-11
1217,0,0,1217,2.1428469826182e-08,1.5439180213494e-18,2.0457398008159e-23,1.668832654464e-11
1218,0,0,1218,2.1411781468053e-08,1.4376790734626e-18,1.9229249567509e-23,1.6688358128759e-11
1219,0,0,1219,2.1395093078365e-08,1.3377549999494e-18,1.8086257305892e-23,1.6688389688283e-11
1220,0,0,1220,2.1378404657142e-08,1.2437153220418e-18,1.7021181701271e-23,1.6688421223207e-11
1221,0,0,1221,2.1361716204408e-08,1.1551704296373e-18,1.6026625525206e-23,1.6688452733544e-11
1222,0,0,1222,2.1345027720189e-08,1.0717730137333e-18,1.5094932278631e-23,1.6688484219274e-11
1223,0,0,1223,2.1328339204509e-08,9.9321999918989e-19,1.4218095632354e-23,1.6688515680417e-11
1224,0,0,1224,2.1311650657392e-08,9.1925485808285e-19,1.3387690540375e-23,1.6688547116963e-11
1225,0,0,1225,2.1294962078863e-08,8.4967010311912e-19,1.2594840648435e-23,1.6688578528909e-11
1226,0,0,1226,2.1278273468946e-08,7.8430965415902e-19,1.1830241261778e-23,1.668860991626e-11
1227,0,0,1227,2.1261584827667e-08,7.2307063583634e-19,1.1084262316405e-23,1.6688641279019e-11
1228,0,0,1228,2.124489615505e-08,6.6590399944882e-19,1.034716118614e-23,1.6688672617176e-11
1229,0,0,1229,2.122820745112e-08,6.1281316987145e-19,9.609440153505e-24,1.6688703930744e-11
1230,0,0,1230,2.12115187159e-08,5.6384970580158e-19,8.862386996646e-24,1.668873521971e-11
1231,0,0,1231,2.1194829949416e-08,5.1910474500318e-19,8.0988379045096e-24,1.668876648408e-11
1232,0,0,1232,2.1178141151692e-08,4.7869481312339e-19,7.3141976702426e-24,1.6688797723857e-11
1233,0,0,1233,2.1161452322753e-08,4.4274044929865e-19,6.5077398522787e-24,1.6688828939036e-11
1234,0,0,1234,2.1144763462623e-08,4.1133610996493e-19,5.6841854194021e-24,1.6688860129614e-11
1235,0,0,1235,2.1128074571328e-08,3.8451004677922e-19,4.8555174366134e-24,1.6688891295606e-11
1236,0,0,1236,2.1111385648891e-08,3.6217343925859e-19,4.0429259612345e-24,1.6688922436991e-11
1237,0,0,1237,2.1094696695337e-08,3.4405915366395e-19,3.2786856926294e-24,1.6688953553788e-11
1238,0,0,1238,2.1078007710691e-08,3.2965227853353e-19,2.6076443986064e-24,1.6688984645979e-11
1239,0,0,1239,2.1061318694977e-08,3.1811724102378e-19,2.0878417892644e-24,1.6689015713582e-11
1240,0,0,1240,2.1044629648221e-08,3.0822998293314e-19,1.7895937144063e-24,1.6689046756586e-11
1241,0,0,1241,2.1027940570446e-08,2.9832838646126e-19,1.7921889614111e-24,1.6689077774992e-11
1242,0,0,1242,2.1011251461677e-08,2.8629960965413e-19,2.1772086020905e-24,1.6689108768797e-11
1243,0,0,1243,2.0994562321939e-08,2.6962836804217e-19,3.0174947317633e-24,1.6689139738013e-11
1244,0,0,1244,2.0977873151256e-08,2.4553358532539e-19,4.3611556717382e-24,1.6689170682628e-11
1245,0,0,1245,2.0961183949654e-08,2.1121852155469e-19,6.2110265424967e-24,1.6689201602646e-11
1246,0,0,1246,2.0944494717156e-08,1.6424471349887e-19,8.5022592581028e-24,1.6689232498066e-11
1247,0,0,1247,2.0927805453787e-08,1.0300106801923e-19,1.1085099831816e-23,1.6689263368894e-11
1248,0,0,1248,2.0911116159572e-08,2.7156412374286e-20,1.3727882671734e-23,1.6689294215117e-11
1249,0,0,1249,2.0894426834535e-08,3.6160601447951e-19,-6.0535377981045e-23,1.6689325036856e-11
1250,0,0,1250,2.08777374787e-08,2.8745660281678e-19,1.3421043510954e-23,1.6689355834597e-11
1251,0,0,1251,2.0861048092093e-08,2.2962440543738e-19,1.0467627725672e-23,1.6689386607032e-11
1252,0,0,1252,2.0844358674738e-08,1.8779571294288e-19,7.5709933415032e-24,1.6689417354871e-11
1253,0,0,1253,2.082766922666e-08,1.6038446082684e-19,4.9614366330042e-24,1.6689448078113e-11
1254,0,0,1254,2.0810979747883e-08,1.4498463674369e-19,2.7873681590492e-24,1.6689478776757e-11
1255,0,0,1255,2.0794290238433e-08,1.3883938982938e-19,1.11228969149e-24,1.6689509450801e-11
1256,0,0,1256,2.0777600698332e-08,1.3921514258061e-19,-6.8011247972374e-26,1.6689540100248e-11
1257,0,0,1257,2.0760911127607e-08,1.4365202089396e-19,-8.030749747163e-25,1.6689570725102e-11
1258,0,0,1258,2.0744221526282e-08,1.5010090331199e-19,-1.1672477176632e-24,1.6689601325352e-11
1259,0,0,1259,2.0727531894381e-08,1.5697216552655e-19,-1.2436984608363e-24,1.6689631901008e-11
1260,0,0,1260,2.0710842231929e-08,1.6312351727118e-19,-1.1133946657772e-24,1.6689662452067e-11
1261,0,0,1261,2.069415253895e-08,1.6781095109495e-19,-8.4842552210186e-25,1.6689692978528e-11
1262,0,0,1262,2.067746281547e-08,1.7062145446391e-19,-5.0870110978254e-25,1.6689723480387e-11
1263,0,0,1263,2.0660773061512e-08,1.7140067383288e-19,-1.4103870578374e-25,1.6689753957651e-11
1264,0,0,1264,2.0644083277102e-08,1.701840133795e-19,2.2021554206145e-25,1.6689784410319e-11
1265,0,0,1265,2.0627393462263e-08,1.6713597975565e-19,5.5169408591794e-25,1.6689814838386e-11
1266,0,0,1266,2.0610703617022e-08,1.6249993227335e-19,8.3912459429646e-25,1.6689845241856e-11
1267,0,0,1267,2.0594013741401e-08,1.5655861969672e-19,1.0753775763702e-24,1.6689875620729e-11
1268,0,0,1268,2.0577323835426e-08,1.4960479372606e-19,1.2586425006886e-24,1.6689905975002e-11
1269,0,0,1269,2.0560633899121e-08,1.4192060393492e-19,1.3908383521964e-24,1.6689936304677e-11
1270,0,0,1270,2.0543943932511e-08,1.3376424360527e-19,1.4763012196662e-24,1.6689966609756e-11
1271,0,0,1271,2.0527253935621e-08,1.2536230687773e-19,1.5207505476844e-24,1.6689996890234e-11
1272,0,0,1272,2.0510563908475e-08,1.16906442273e-19,1.5305114934563e-24,1.6690027146115e-11
1273,0,0,1273,2.0493873851098e-08,1.0855308020078e-19,1.5119585350727e-24,1.6690057377396e-11
1274,0,0,1274,2.0477183763514e-08,1.004252283915e-19,1.4711411774786e-24,1.6690087584083e-11
1275,0,0,1275,2.0460493645747e-08,9.2615541518757e-20,1.4135533239676e-24,1.6690117766167e-11
1276,0,0,1276,2.0443803497824e-08,8.5190063785365e-20,1.3440114697438e-24,1.6690147923653e-11
1277,0,0,1277,2.0427113319767e-08,7.8192208322367e-20,1.2666118388026e-24,1.6690178056543e-11
1278,0,0,1278,2.0410423111602e-08,7.1646672701854e-20,1.184741947313e-24,1.6690208164835e-11
1279,0,0,1279,2.0393732873354e-08,6.5563096813832e-20,1.1011272357318e-24,1.6690238248524e-11
1280,0,0,1280,2.0377042605046e-08,5.9939350756278e-20,1.0178980364172e-24,1.6690268307615e-11
1281,0,0,1281,2.0360352306704e-08,5.4764400015353e-20,9.366660841076e-25,1.669029834211e-11
1282,0,0,1282,2.0343661978352e-08,5.0020737025238e-20,8.586030012108e-25,1.6690328352004e-11
1283,0,0,1283,2.0326971620015e-08,4.5686395938427e-20,7.8451573671273e-25,1.6690358337301e-11
1284,0,0,1284,2.0310281231717e-08,4.1736584432349e-20,7.1491588260032e-25,1.6690388297998e-11
1285,0,0,1285,2.0293590813483e-08,3.8144975444759e-20,6.5008122675378e-25,1.6690418234098e-11
1286,0,0,1286,2.0276900365337e-08,3.4884705168735e-20,5.9010891996016e-25,1.6690448145594e-11
1287,0,0,1287,2.0260209887305e-08,3.1929123265359e-20,5.3496032451108e-25,1.6690478032497e-11
1288,0,0,1288,2.024351937941e-08,2.9252338459697e-20,4.8449804982476e-25,1.6690507894799e-11
1289,0,0,1289,2.0226828841677e-08,2.6829598505602e-20,4.3851593169129e-25,1.6690537732497e-11
1290,0,0,1290,2.0210138274132e-08,2.4637538676609e-20,3.9676282904772e-25,1.6690567545602e-11
1291,0,0,1291,2.0193447676798e-08,2.2654327972258e-20,3.5896113748761e-25,1.6690597334106e-11
1292,0,0,1292,2.01767570497e-08,2.0859737452334e-20,3.2482088410614e-25,1.6690627098007e-11
1293,0,0,1293,2.0160066392862e-08,1.9235150724711e-20,2.9405019769976e-25,1.6690656837317e-11
1294,0,0,1294,2.014337570631e-08,1.7763532718932e-20,2.6636285904611e-25,1.6690686552017e-11
1295,0,0,1295,2.0126684990068e-08,1.642936951454e-20,2.4148353999478e-25,1.6690716242127e-11
1296,0,0,1296,2.0109994244161e-08,1.5218589153395e-20,2.1915124536734e-25,1.6690745907632e-11
1297,0,0,1297,2.0093303468612e-08,1.4118471014508e-20,1.991213831386e-25,1.6690775548538e-11
1298,0,0,1298,2.0076612663447e-08,1.3117549418948e-20,1.8116680879623e-25,1.6690805164846e-11
1299,0,0,1299,2.0059921828691e-08,1.2205515604825e-20,1.6507812035632e-25,1.6690834756555e-11
1300,0,0,1300,2.0043230964367e-08,1.1373121011365e-20,1.5066342141634e-25,1.6690864323662e-11
1301,0,0,1301,2.0026540070501e-08,1.0612083882309e-20,1.3774772035912e-25,1.669089386617e-11
1302,0,0,1302,2.0009849147117e-08,9.9150004927678e-21,1.2617209350694e-25,1.669092338408e-11
1303,0,0,1303,1.9993158194239e-08,9.2752617767583e-21,1.1579270759772e-25,1.6690952877387e-11
1304,0,0,1304,1.9976467211893e-08,8.6869757475031e-21,1.0647977129519e-25,1.6690982346096e-11
1305,0,0,1305,1.9959776200103e-08,8.1448958278146e-21,9.8116465463623e-26,1.6691011790206e-11
1306,0,0,1306,1.9943085158893e-08,7.6443550177122e-21,9.0597886628515e-26,1.6691041209718e-11
1307,0,0,1307,1.9926394088289e-08,7.1812056999654e-21,8.3830026512169e-26,1.6691070604623e-11
1308,0,0,1308,1.9909702988314e-08,6.7517648049225e-21,7.7728802002776e-26,1.6691099974932e-11
1309,0,0,1309,1.9893011858993e-08,6.3527640108164e-21,7.22191437332e-26,1.6691129320643e-11
1310,0,0,1310,1.9876320700351e-08,5.9813046347412e-21,6.723414706961e-26,1.669115864175e-11
1311,0,0,1311,1.9859629512413e-08,5.6348168651233e-21,6.2714286300838e-26,1.6691187938258e-11
1312,0,0,1312,1.9842938295203e-08,5.311022993157e-21,5.8606690825903e-26,1.6691217210168e-11
1313,0,0,1313,1.9826247048745e-08,5.0079043142405e-21,5.4864480883888e-26,1.6691246457474e-11
1314,0,0,1314,1.9809555773065e-08,4.7236713880269e-21,5.1446159644656e-26,1.6691275680184e-11
1315,0,0,1315,1.9792864468187e-08,4.4567373652688e-21,4.831505811922e-26,1.669130487829e-11
1316,0,0,1316,1.9776173134135e-08,4.2056941098281e-21,4.5438829234765e-26,1.6691334051795e-11
1317,0,0,1317,1.9759481770934e-08,3.9692908641741e-21,4.2788987463371e-26,1.6691363200704e-11
1318,0,0,1318,1.9742790378609e-08,3.7464152258713e-21,4.034049053281e-26,1.6691392325012e-11
1319,0,0,1319,1.9726098957185e-08,3.5360762206849e-21,3.8071359938742e-26,1.6691421424713e-11
1320,0,0,1320,1.9709407506685e-08,3.3373892748778e-21,3.5962337191091e-26,1.669145049982e-11
1321,0,0,1321,1.9692716027135e-08,3.149562905019e-21,3.3996572944439e-26,1.6691479550324e-11
1322,0,0,1322,1.9676024518558e-08,2.9718869582132e-21,3.2159346371841e-26,1.6691508576224e-11
1323,0,0,1323,1.9659332980981e-08,2.8037222491666e-21,3.0437812337447e-26,1.669153757753e-11
1324,0,0,1324,1.9642641414427e-08,2.6444914530167e-21,2.882077410312e-26,1.6691566554229e-11
1325,0,0,1325,1.962594981892e-08,2.4936711244659e-21,2.72984794677e-26,1.6691595506332e-11
1326,0,0,1326,1.9609258194486e-08,2.3507847245458e-21,2.5862438385549e-26,1.669162443383e-11
1327,0,0,1327,1.959256654115e-08,2.2153965463946e-21,2.4505260245347e-26,1.6691653336732e-11
1328,0,0,1328,1.9575874858935e-08,2.0871064407999e-21,2.3220509112653e-26,1.6691682215027e-11
1329,0,0,1329,1.9559183147866e-08,1.9655452510069e-21,2.2002575352526e-26,1.6691711068724e-11
1330,0,0,1330,1.9542491407968e-08,1.8503708744698e-21,2.0846562153213e-26,1.6691739897821e-11
1331,0,0,1331,1.9525799639266e-08,1.7412648768453e-21,1.974818557005e-26,1.6691768702318e-11
1332,0,0,1332,1.9509107841784e-08,1.6379295906487e-21,1.8703686801571e-26,1.6691797482208e-11
1333,0,0,1333,1.9492416015546e-08,1.5400856376202e-21,1.7709755498164e-26,1.6691826237501e-11
1334,0,0,1334,1.9475724160578e-08,1.4474698200057e-21,1.6763462988228e-26,1.6691854968194e-11
1335,0,0,1335,1.9459032276904e-08,1.3598333316743e-21,1.5862204387979e-26,1.6691883674282e-11
1336,0,0,1336,1.9442340364548e-08,1.2769402452698e-21,1.5003648639212e-26,1.6691912355771e-11
1337,0,0,1337,1.9425648423535e-08,1.1985662364612e-21,1.4185695594364e-26,1.6691941012656e-11
1338,0,0,1338,1.940895645389e-08,1.1244975108237e-21,1.3406439340375e-26,1.6691969644944e-11
1339,0,0,1339,1.9392264455638e-08,1.0545299029684e-21,1.2664137021814e-26,1.6691998252628e-11
1340,0,0,1340,1.9375572428802e-08,9.8846812125783e-22,1.1957182489619e-26,1.6692026835712e-11
1341,0,0,1341,1.9358880373408e-08,9.2612511482505e-22,1.1284084164332e-26,1.6692055394192e-11
1342,0,0,1342,1.934218828948e-08,8.6732154265967e-22,1.0643446561932e-26,1.6692083928068e-11
1343,0,0,1343,1.9325496177042e-08,8.1188532726749e-22,1.0033954985987e-26,1.6692112437348e-11
1344,0,0,1344,1.930880403612e-08,7.5965127786387e-22,9.4543629420538e-27,1.6692140922023e-11
1345,0,0,1345,1.9292111866738e-08,7.1046077024641e-22,8.9034818787604e-27,1.6692169382099e-11
1346,0,0,1346,1.9275419668921e-08,6.6416147242868e-22,8.3801729050099e-27,1.6692197817571e-11
1347,0,0,1347,1.9258727442692e-08,6.2060710682554e-22,7.8833401741669e-27,1.6692226228439e-11
1348,0,0,1348,1.9242035188078e-08,5.796572412783e-22,7.4119256640505e-27,1.669225461471e-11
1349,0,0,1349,1.9225342905101e-08,5.4117710251509e-22,6.9649051161422e-27,1.6692282976374e-11
1350,0,0,1350,1.9208650593788e-08,5.0503740677614e-22,6.54128492875e-27,1.6692311313441e-11
1351,0,0,1351,1.9191958254162e-08,4.7111420331147e-22,6.1400998271046e-27,1.6692339625901e-11
1352,0,0,1352,1.9175265886248e-08,4.3928872729678e-22,5.7604111586596e-27,1.6692367913764e-11
1353,0,0,1353,1.9158573490071e-08,4.0944725942715e-22,5.401305684403e-27,1.669239617702e-11
1354,0,0,1354,1.9141881065655e-08,3.8148099005172e-22,5.0618947569523e-27,1.6692424415679e-11
1355,0,0,1355,1.9125188613026e-08,3.5528588621862e-22,4.7413137937919e-27,1.6692452629728e-11
1356,0,0,1356,1.9108496132206e-08,3.3076256042081e-22,4.4387219694042e-27,1.6692480819183e-11
1357,0,0,1357,1.9091803623222e-08,3.0781614018075e-22,4.1533020634498e-27,1.6692508984034e-11
1358,0,0,1358,1.9075111086098e-08,2.8635613789488e-22,3.8842604137422e-27,1.6692537124275e-11
1359,0,0,1359,1.9058418520858e-08,2.6629632058702e-22,3.6308269327229e-27,1.6692565239926e-11
1360,0,0,1360,1.9041725927527e-08,2.4755457940112e-22,3.3922551546488e-27,1.6692593330963e-11
1361,0,0,1361,1.902503330613e-08,2.3005279880492e-22,3.1678222879124e-27,1.6692621397403e-11
1362,0,0,1362,1.9008340656691e-08,2.1371672558404e-22,2.9568292529784e-27,1.6692649439243e-11
1363,0,0,1363,1.8991647979234e-08,1.9847583778578e-22,2.7586006914858e-27,1.6692677456475e-11
1364,0,0,1364,1.8974955273785e-08,1.8426321382862e-22,2.5724849362446e-27,1.6692705449108e-11
1365,0,0,1365,1.8958262540368e-08,1.7101540203142e-22,2.3978539352935e-27,1.6692733417136e-11
1366,0,0,1366,1.8941569779007e-08,1.5867229083831e-22,2.234103125953e-27,1.6692761360561e-11
1367,0,0,1367,1.8924876989728e-08,1.4717698002594e-22,2.0806512570383e-27,1.6692789279386e-11
1368,0,0,1368,1.8908184172554e-08,1.3647565317988e-22,1.936940159137e-27,1.6692817173607e-11
1369,0,0,1369,1.8891491327511e-08,1.2651745172014e-22,1.8024344642145e-27,1.6692845043224e-11
1370,0,0,1370,1.8874798454623e-08,1.172543507432e-22,1.6766212768246e-27,1.6692872888241e-11
1371,0,0,1371,1.8858105553914e-08,1.0864103693132e-22,1.5590097999513e-27,1.6692900708651e-11
1372,0,0,1372,1.884141262541e-08,1.0063478875992e-22,1.4491309190237e-27,1.6692928504461e-11
1373,0,0,1373,1.8824719669134e-08,9.3195359213033e-23,1.346536747986e-27,1.6692956275664e-11
1374,0,0,1374,1.8808026685112e-08,8.6284861193761e-23,1.2508001414882e-27,1.6692984022269e-11
1375,0,0,1375,1.8791333673368e-08,7.9867655794086e-23,1.1615141773413e-27,1.6693011744271e-11
1376,0,0,1376,1.8774640633926e-08,7.3910243565598e-23,1.0782916133563e-27,1.6693039441663e-11
1377,0,0,1377,1.8757947566811e-08,6.838115891034e-23,1.0007643226017e-27,1.6693067114461e-11
1378,0,0,1378,1.8741254472049e-08,6.3250867689508e-23,9.2858271097051e-28,1.6693094762649e-11
1379,0,0,1379,1.8724561349663e-08,5.8491668127253e-23,8.6141512076821e-28,1.6693122386236e-11
1380,0,0,1380,1.8707868199677e-08,5.4077595067417e-23,7.989472238303e-28,1.669314998522e-11
1381,0,0,1381,1.8691175022118e-08,4.9984327622936e-23,7.4088140745103e-28,1.6693177559597e-11
1382,0,0,1382,1.8674481817008e-08,4.6189100240753e-23,6.8693615617509e-28,1.6693205109376e-11
1383,0,0,1383,1.8657788584374e-08,4.2670617189561e-23,6.3684543226588e-28,1.6693232634549e-11
1384,0,0,1384,1.8641095324239e-08,3.9408970463441e-23,5.903580574276e-28,1.6693260135118e-11
1385,0,0,1385,1.8624402036628e-08,3.6385561081532e-23,5.4723709812554e-28,1.6693287611084e-11
1386,0,0,1386,1.8607708721565e-08,3.3583023752127e-23,5.0725925662235e-28,1.6693315062449e-11
1387,0,0,1387,1.8591015379076e-08,3.0985154859149e-23,4.7021426962903e-28,1.6693342489207e-11
1388,0,0,1388,1.8574322009185e-08,2.8576843719591e-23,4.3590431626003e-28,1.6693369891358e-11
1389,0,0,1389,1.8557628611916e-08,2.6344007052286e-23,4.0414343678218e-28,1.6693397268912e-11
1390,0,0,1390,1.8540935187294e-08,2.4273526591192e-23,3.7475696345804e-28,1.6693424621862e-11
1391,0,0,1391,1.8524241735344e-08,2.2353189770165e-23,3.475809646059e-28,1.6693451950203e-11
1392,0,0,1392,1.850754825609e-08,2.0571633400932e-23,3.2246170283109e-28,1.6693479253942e-11
1393,0,0,1393,1.8490854749557e-08,1.891829026156e-23,2.9925510822637e-28,1.6693506533078e-11
1394,0,0,1394,1.8474161215769e-08,1.7383338509113e-23,2.7782626719286e-28,1.6693533787611e-11
1395,0,0,1395,1.8457467654751e-08,1.5957653827363e-23,2.5804892739673e-28,1.6693561017536e-11
1396,0,0,1396,1.8440774066529e-08,1.4632764218242e-23,2.3980501925103e-28,1.6693588222865e-11
1397,0,0,1397,1.8424080451125e-08,1.3400807344233e-23,2.2298419419555e-28,1.669361540358e-11
1398,0,0,1398,1.8407386808565e-08,1.2254490327988e-23,2.0748337994041e-28,1.6693642559698e-11
1399,0,0,1399,1.8390693138874e-08,1.1187051915052e-23,1.9320635274141e-28,1.6693669691208e-11
1400,0,0,1400,1.8373999442076e-08,1.019222690574e-23,1.8006332668546e-28,1.6693696798116e-11
1401,0,0,1401,1.8357305718196e-08,9.2642127627373e-24,1.6797055988343e-28,1.6693723880419e-11
1402,0,0,1402,1.8340611967257e-08,8.3976383019931e-24,1.5684997739472e-28,1.6693750938119e-11
1403,0,0,1403,1.8323918189286e-08,7.5875343757928e-24,1.4662881064226e-28,1.6693777971212e-11
1404,0,0,1404,1.8307224384306e-08,6.8293064585646e-24,1.3723925301829e-28,1.6693804979701e-11
1405,0,0,1405,1.8290530552343e-08,6.1187090479014e-24,1.2861813133003e-28,1.6693831963587e-11
1406,0,0,1406,1.827383669342e-08,5.4518217954737e-24,1.2070659268943e-28,1.6693858922865e-11
1407,0,0,1407,1.8257142807562e-08,4.8250272849066e-24,1.1344980641265e-28,1.6693885857544e-11
1408,0,0,1408,1.8240448894795e-08,4.234990376276e-24,1.0679668046213e-28,1.6693912767618e-11
1409,0,0,1409,1.8223754955142e-08,3.6786390396073e-24,1.0069959193705e-28,1.6693939653083e-11
1410,0,0,1410,1.8207060988628e-08,3.1531466026133e-24,9.5114131095919e-29,1.6693966513943e-11
1411,0,0,1411,1.8190366995278e-08,2.6559153408548e-24,8.9998858378275e-29,1.6693993350204e-11
1412,0,0,1412,1.8173672975116e-08,2.1845613415193e-24,8.5315073879727e-29,1.6694020161854e-11
1413,0,0,1413,1.8156978928167e-08,1.7369005750724e-24,8.1026598726887e-29,1.6694046948907e-11
1414,0,0,1414,1.8140284854456e-08,1.3109361121196e-24,7.7099567794455e-29,1.6694073711346e-11
1415,0,0,1415,1.8123590754006e-08,9.048464258952e-25,7.3502233206617e-29,1.6694100449185e-11
1416,0,0,1416,1.8106896626844e-08,5.1697472386125e-25,7.0204778068145e-29,1.669412716242e-11
1417,0,0,1417,1.8090202472993e-08,1.4581925492655e-25,6.7179139877188e-29,1.6694153851049e-11
1418,0,0,1418,1.8073508292478e-08,-2.0997545823029e-25,6.4398843081389e-29,1.669418051507e-11
1419,0,0,1419,1.8056814085323e-08,-5.5162650934341e-25,6.1838840251474e-29,1.6694207154488e-11
1420,0,0,1420,1.8040119851554e-08,-8.80219666038e-25,5.9475361361729e-29,1.6694233769306e-11
1421,0,0,1421,1.8023425591195e-08,-1.1967156366704e-24,5.7285770684467e-29,1.6694260359509e-11
1422,0,0,1422,1.8006731304269e-08,-1.5019555859845e-24,5.5248430825841e-29,1.6694286925116e-11
1423,0,0,1423,1.7990036990803e-08,-1.7966659365518e-24,5.3342573452688e-29,1.6694313466113e-11
1424,0,0,1424,1.7973342650821e-08,-2.0814624906114e-24,5.1548176284785e-29,1.6694339982506e-11
1425,0,0,1425,1.7956648284346e-08,-2.3568539047193e-24,4.9845845953529e-29,1.6694366474292e-11
1426,0,0,1426,1.7939953891405e-08,-2.6232445475744e-24,4.8216706356765e-29,1.6694392941474e-11
1427,0,0,1427,1.7923259472021e-08,-2.8809367695091e-24,4.6642292170189e-29,1.6694419384052e-11
1428,0,0,1428,1.7906565026219e-08,-3.1301326104386e-24,4.5104447208237e-29,1.6694445802021e-11
1429,0,0,1429,1.7889870554024e-08,-3.370934971554e-24,4.3585227361881e-29,1.6694472195389e-11
1430,0,0,1430,1.7873176055459e-08,-3.6033482747416e-24,4.2066807876959e-29,1.669449856415e-11
1431,0,0,1431,1.7856481530551e-08,-3.8272786326129e-24,4.0531394774709e-29,1.66945249083e-11
1432,0,0,1432,1.7839786979323e-08,-4.042533551154e-24,3.8961140255943e-29,1.6694551227854e-11
1433,0,0,1433,1.78230924018e-08,-4.248821186357e-24,3.7338061971731e-29,1.6694577522794e-11
1434,0,0,1434,1.7806397798007e-08,-4.4457491757847e-24,3.5643966086418e-29,1.6694603793131e-11
1435,0,0,1435,1.7789703167968e-08,-4.6328230658579e-24,3.3860374103249e-29,1.6694630038867e-11
1436,0,0,1436,1.7773008511708e-08,-4.8094443557394e-24,3.1968453468558e-29,1.6694656259989e-11
1437,0,0,1437,1.7756313829252e-08,-4.9749081790386e-24,2.994895201715e-29,1.6694682456511e-11
1438,0,0,1438,1.7739619120624e-08,-5.1284006451654e-24,2.7782136368952e-29,1.6694708628427e-11
1439,0,0,1439,1.7722924385848e-08,-5.2689958630365e-24,2.5447734434678e-29,1.6694734775735e-11
1440,0,0,1440,1.7706229624949e-08,-5.3956526709689e-24,2.2924882235749e-29,1.6694760898436e-11
1441,0,0,1441,1.7689534837953e-08,-5.5072110979866e-24,2.0192075290216e-29,1.6694786996534e-11
1442,0,0,1442,1.7672840024883e-08,-5.6023885834077e-24,1.7227124861223e-29,1.6694813070024e-11
1443,0,0,1443,1.7656145185764e-08,-5.6797759834432e-24,1.400711940642e-29,1.6694839118908e-11
1444,0,0,1444,1.7639450320621e-08,-5.7378333956224e-24,1.0508391604439e-29,1.6694865143188e-11
1445,0,0,1445,1.7622755429478e-08,-5.7748858341103e-24,6.7064913663013e-30,1.6694891142857e-11
1446,0,0,1446,1.760606051236e-08,-5.7891187913674e-24,2.5761652635284e-30,1.6694917117927e-11
1447,0,0,1447,1.7589365569292e-08,-5.7785737240637e-24,-1.9086571819605e-30,1.6694943068386e-11
1448,0,0,1448,1.7572670600297e-08,-5.7411435036147e-24,-6.7748699012602e-30,1.6694968994238e-11
1449,0,0,1449,1.7555975605402e-08,-5.6745678740683e-24,-1.20501889479e-29,1.6694994895486e-11
1450,0,0,1450,1.753928058463e-08,-5.5764289622145e-24,-1.7763143045551e-29,1.6695020772125e-11
1451,0,0,1451,1.7522585538006e-08,-5.4441468865598e-24,-2.3943055693492e-29,1.6695046624162e-11
1452,0,0,1452,1.7505890465554e-08,-5.2749755130188e-24,-3.0620018610932e-29,1.669507245159e-11
1453,0,0,1453,1.74891953673e-08,-5.0659984055837e-24,-3.7824856445736e-29,1.6695098254411e-11
1454,0,0,1454,1.7472500243267e-08,-4.8141250195602e-24,-4.5589082870255e-29,1.6695124032627e-11
1455,0,0,1455,1.7455805093481e-08,-4.5160871828237e-24,-5.3944848449326e-29,1.6695149786234e-11
1456,0,0,1456,1.7439109917965e-08,-4.1684359065383e-24,-6.2924881007653e-29,1.6695175515237e-11
1457,0,0,1457,1.7422414716746e-08,-3.767538560329e-24,-7.256241966388e-29,1.6695201219633e-11
1458,0,0,1458,1.7405719489846e-08,-3.309576437354e-24,-8.2891144258465e-29,1.6695226899419e-11
1459,0,0,1459,1.7389024237292e-08,-2.7905427212857e-24,-9.3945102608393e-29,1.6695252554604e-11
1460,0,0,1460,1.7372328959107e-08,-2.2062408488771e-24,-1.0575863890594e-28,1.6695278185176e-11
1461,0,0,1461,1.7355633655315e-08,-1.552283237386e-24,-1.1836632767989e-28,1.6695303791147e-11
1462,0,0,1462,1.7338938325943e-08,-8.2409031416578e-25,-1.3180291910286e-28,1.6695329372505e-11
1463,0,0,1463,1.7322242971014e-08,-1.6889744471083e-26,-1.4610330311472e-28,1.6695354929263e-11
1464,0,0,1464,1.7305547590552e-08,8.7428429922083e-25,-1.6130250190824e-28,1.6695380461407e-11
1465,0,0,1465,1.7288852184583e-08,1.8545920498957e-24,-1.7743570287218e-28,1.669540596895e-11
1466,0,0,1466,1.7272156753131e-08,2.929389548294e-24,-1.9453834721009e-28,1.6695431451883e-11
1467,0,0,1467,1.7255461296221e-08,4.1042309475765e-24,-2.1264629327013e-28,1.669545691021e-11
1468,0,0,1468,1.7238765813877e-08,5.3848722640374e-24,-2.317960782794e-28,1.6695482343929e-11
1469,0,0,1469,1.7222070306124e-08,6.7772772797801e-24,-2.5202530784943e-28,1.6695507753041e-11
1470,0,0,1470,1.7205374772987e-08,8.2876265036436e-24,-2.7337320951932e-28,1.6695533137547e-11
1471,0,0,1471,1.7188679214489e-08,9.9223303433078e-24,-2.9588139497922e-28,1.6695558497442e-11
1472,0,0,1472,1.7171983630657e-08,1.1688047944254e-23,-3.195948857713e-28,1.6695583832737e-11
1473,0,0,1473,1.7155288021513e-08,1.3591713521905e-23,-3.4456346955467e-28,1.6695609143418e-11
1474,0,0,1474,1.7138592387084e-08,1.5640572465928e-23,-3.7084346886828e-28,1.6695634429492e-11
1475,0,0,1475,1.7121896727393e-08,1.7842230047332e-23,-3.9850002223411e-28,1.6695659690963e-11
1476,0,0,1476,1.7105201042465e-08,2.0204716229656e-23,-4.2760999900064e-28,1.6695684927823e-11
1477,0,0,1477,1.7088505332325e-08,2.2736570899415e-23,-4.5826569522635e-28,1.669571014008e-11
1478,0,0,1478,1.7071809596997e-08,2.5446954816266e-23,-4.9057948895022e-28,1.6695735327723e-11
1479,0,0,1479,1.7055113836506e-08,2.8345792773868e-23,-5.2468967032581e-28,1.6695760490762e-11
1480,0,0,1480,1.7038418050877e-08,3.1443956897535e-23,-5.6076770638378e-28,1.6695785629191e-11
1481,0,0,1481,1.7021722240134e-08,3.4753499731031e-23,-5.9902725286271e-28,1.6695810743017e-11
1482,0,0,1482,1.7005026404302e-08,3.8287948836015e-23,-6.3973528800219e-28,1.6695835832232e-11
1483,0,0,1483,1.6988330543405e-08,4.2062677106632e-23,-6.8322581698154e-28,1.669586089684e-11
1484,0,0,1484,1.6971634657468e-08,4.6095365960413e-23,-7.2991668253425e-28,1.6695885936841e-11
1485,0,0,1485,1.6954938746516e-08,5.0406582087708e-23,-7.8033011904061e-28,1.6695910952232e-11
1486,0,0,1486,1.6938242810573e-08,5.5020492618593e-23,-8.3511780609005e-28,1.6695935943019e-11
1487,0,0,1487,1.6921546849664e-08,5.9965748503485e-23,-8.9509131516553e-28,1.6695960909193e-11
1488,0,0,1488,1.6904850863813e-08,6.5276571717734e-23,-9.6125900177917e-28,1.6695985850763e-11
1489,0,0,1489,1.6888154853045e-08,7.0994088717659e-23,-1.0348705769864e-27,1.6696010767723e-11
1490,0,0,1490,1.6871458817385e-08,7.7167960531578e-23,-1.1174707983193e-27,1.6696035660076e-11
1491,0,0,1491,1.6854762756857e-08,8.3858369105281e-23,-1.2109639518402e-27,1.6696060527821e-11
1492,0,0,1492,1.6838066671486e-08,9.1138430179119e-23,-1.3176910543647e-27,1.669608537096e-11
1493,0,0,1493,1.6821370561297e-08,9.9097115188535e-23,-1.4405219867041e-27,1.6696110189486e-11
1494,0,0,1494,1.6804674426313e-08,1.0784277856902e-22,-1.582965071868e-27,1.6696134983407e-11
1495,0,0,1495,1.6787978266561e-08,1.1750740249487e-22,-1.7492969305782e-27,1.6696159752722e-11
1496,0,0,1496,1.6771282082063e-08,1.282516885195e-22,-1.9447157704581e-27,1.6696184497423e-11
1497,0,0,1497,1.6754585872846e-08,1.4027114476262e-22,-2.1755215800044e-27,1.669620921752e-11
1498,0,0,1498,1.6737889638933e-08,1.538033380347e-22,-2.4493269822477e-27,1.6696233913007e-11
1499,0,0,1499,1.6721193380349e-08,1.691365022628e-22,-2.7753027252851e-27,1.6696258583888e-11
1500,0,0,1500,1.6704497097119e-08,1.8661971720986e-22,-3.164461905419e-27,1.6696283230157e-11
1501,0,0,1501,1.6687800789267e-08,2.0667489387548e-22,-3.6299869764771e-27,1.669630785182e-11
1502,0,0,1502,1.6671104456818e-08,2.2981082382114e-22,-4.1876033201634e-27,1.6696332448873e-11
1503,0,0,1503,1.6654408099797e-08,2.566395671225e-22,-4.8560025375465e-27,1.6696357021319e-11
1504,0,0,1504,1.6637711718228e-08,2.8789546514566e-22,-5.657317542193e-27,1.6696381569157e-11
1505,0,0,1505,1.6621015312135e-08,3.2445706639447e-22,-6.6176498260337e-27,1.6696406092382e-11
1506,0,0,1506,1.6604318881544e-08,3.6737224164838e-22,-7.7676467209571e-27,1.6696430591007e-11
1507,0,0,1507,1.6587622426479e-08,4.1788673242523e-22,-9.1431228306125e-27,1.6696455065015e-11
1508,0,0,1508,1.6570925946965e-08,4.7747631658936e-22,-1.0785714733706e-26,1.6696479514416e-11
1509,0,0,1509,1.6554229443026e-08,5.478826766145e-22,-1.274355116455e-26,1.669650393921e-11
1510,0,0,1510,1.6537532914686e-08,6.3115290687526e-22,-1.5071911677199e-26,1.6696528339397e-11
1511,0,0,1511,1.6520836361971e-08,7.2968238046557e-22,-1.7833834719843e-26,1.669655271497e-11
1512,0,0,1512,1.6504139784905e-08,8.462603937617e-22,-2.1100620406602e-26,1.669657706594e-11
1513,0,0,1513,1.6487443183513e-08,9.8411759423353e-22,-2.4952153285403e-26,1.6696601392296e-11
1514,0,0,1514,1.6470746557819e-08,1.1469736448671e-21,-2.9476945164677e-26,1.6696625694048e-11
1515,0,0,1515,1.6454049907848e-08,1.3390828524864e-21,-3.4771766579085e-26,1.6696649971184e-11
1516,0,0,1516,1.6437353233624e-08,1.5652745467811e-21,-4.0940696667339e-26,1.6696674223719e-11
1517,0,0,1517,1.6420656535172e-08,1.8309837953378e-21,-4.8093373988764e-26,1.6696698451641e-11
1518,0,0,1518,1.6403959812517e-08,2.1422665248301e-21,-5.6342174038121e-26,1.6696722654952e-11
1519,0,0,1519,1.6387263065684e-08,2.5057912319543e-21,-6.5797971989479e-26,1.6696746833656e-11
1520,0,0,1520,1.6370566294696e-08,2.9287971483756e-21,-7.6564070872245e-26,1.669677098775e-11
1521,0,0,1521,1.6353869499579e-08,3.4190059099749e-21,-8.8727785849461e-26,1.6696795117238e-11
1522,0,0,1522,1.6337172680357e-08,3.9844704142965e-21,-1.0234907528221e-25,1.6696819222114e-11
1523,0,0,1523,1.6320475837054e-08,4.6333405848552e-21,-1.1744550087115e-25,1.6696843302381e-11
1524,0,0,1524,1.6303778969696e-08,5.373521172184e-21,-1.339726863065e-25,1.6696867358037e-11
1525,0,0,1525,1.6287082078307e-08,6.2121915210418e-21,-1.5179933314326e-25,1.6696891389087e-11
1526,0,0,1526,1.6270385162912e-08,7.1551514898199e-21,-1.7067575434883e-25,1.6696915395526e-11
1527,0,0,1527,1.6253688223534e-08,8.2059515751156e-21,-1.9019481543857e-25,1.6696939377354e-11
1528,0,0,1528,1.62369912602e-08,9.3647590459936e-21,-2.0974415222889e-25,1.6696963334573e-11
1529,0,0,1529,1.6220294272933e-08,1.0626905971699e-20,-2.2844859355269e-25,1.6696987267188e-11
1530,0,0,1530,1.6203597261757e-08,1.1981060106758e-20,-2.451018984456e-25,1.6697011175186e-11
1531,0,0,1531,1.6186900226699e-08,1.3406956659103e-20,-2.5808727597451e-25,1.6697035058577e-11
1532,0,0,1532,1.6170203167781e-08,1.4872629394453e-20,-2.6528676509829e-25,1.6697058917361e-11
1533,0,0,1533,1.615350608503e-08,1.6331085228686e-20,-2.6398050599633e-25,1.6697082751531e-11
1534,0,0,1534,1.6136808978469e-08,1.7716379995546e-20,-2.5073835280149e-25,1.6697106561095e-11
1535,0,0,1535,1.6120111848123e-08,1.8939077840803e-20,-2.2130830999151e-25,1.6697130346044e-11
1536,0,0,1536,1.6103414694016e-08,1.988111708877e-20,-1.7050910388216e-25,1.6697154106391e-11
1537,0,0,1537,1.6086717516174e-08,2.0390167073681e-20,-9.2138047268898e-26,1.6697177842123e-11
1538,0,0,1538,1.6070020314621e-08,2.0273650384088e-20,2.1089520816405e-26,1.6697201553246e-11
1539,0,0,1539,1.6053323089381e-08,1.9292731945689e-20,1.7754623735016e-25,1.6697225239758e-11
1540,0,0,1540,1.603662584048e-08,1.7156750937512e-20,3.8661256248011e-25,1.6697248901663e-11
1541,0,0,1541,1.6019928567941e-08,1.3518806290106e-20,6.5846798118027e-25,1.6697272538954e-11
1542,0,0,1542,1.6003231271789e-08,7.9735161617279e-21,1.0036975132364e-24,1.6697296151639e-11
1543,0,0,1543,1.5986533952049e-08,5.8373159513847e-23,1.4326408834009e-24,1.669731973971e-11
1544,0,0,1544,1.5969836608746e-08,-1.0739370992431e-20,1.954391691502e-24,1.6697343303174e-11
1545,0,0,1545,1.5953139241904e-08,-2.4967714499779e-20,2.5753301748301e-24,1.6697366842027e-11
1546,0,0,1546,1.5936441851548e-08,-4.3183434888673e-20,3.2970453903901e-24,1.6697390356271e-11
1547,0,0,1547,1.5919744437702e-08,-6.5909791776283e-20,4.1134705966564e-24,1.6697413845904e-11
1548,0,0,1548,1.5903047000391e-08,-9.3572879754777e-20,5.0070189241079e-24,1.6697437310927e-11
1549,0,0,1549,1.588634953964e-08,-1.2640969961753e-19,5.9434643951575e-24,1.6697460751336e-11
1550,0,0,1550,1.5869652055472e-08,-1.6433933736782e-19,6.8652644328028e-24,1.6697484167138e-11
1551,0,0,1551,1.5852954547914e-08,-2.0678663464605e-19,7.6829608073589e-24,1.6697507558334e-11
1552,0,0,1552,1.5836257016989e-08,-2.5244530629338e-19,8.264219568167e-24,1.6697530924912e-11
1553,0,0,1553,1.5819559462722e-08,-2.989644409836e-19,8.4199633789314e-24,1.669755426688e-11
1554,0,0,1554,1.5802861885138e-08,-3.425384005436e-19,7.8868866803602e-24,1.6697577584245e-11
1555,0,0,1555,1.5786164284261e-08,-3.773747552159e-19,6.305380195685e-24,1.6697600876992e-11
1556,0,0,1556,1.5769466660116e-08,-3.9500706522673e-19,3.1914481119618e-24,1.6697624145133e-11
1557,0,0,1557,1.5752769012727e-08,-3.8340731862818e-19,-2.0995541343378e-24,1.669764738866e-11
1558,0,0,1558,1.573607134212e-08,-3.2583371572215e-19,-1.0420822125992e-23,1.669767060758e-11
1559,0,0,1559,1.5719373648318e-08,-1.9931831156742e-19,-2.2899288152006e-23,1.6697693801883e-11
1560,0,0,1560,1.5702675931346e-08,2.7352358612916e-20,-4.102739130264e-23,1.6697716971583e-11
1561,0,0,1561,1.5685978191229e-08,-2.7490497520163e-20,9.9265569600873e-24,1.6697740117079e-11
1562,0,0,1562,1.5669280427991e-08,1.991796466579e-19,-4.102729609623e-23,1.6697763237777e-11
1563,0,0,1563,1.5652582641658e-08,3.2570428694375e-19,-2.2900959891738e-23,1.6697786333642e-11
1564,0,0,1564,1.5635884832253e-08,3.8329097383617e-19,-1.0423190327528e-23,1.6697809404897e-11
1565,0,0,1565,1.5619186999801e-08,3.9490275329425e-19,-2.1017320819129e-24,1.6697832451535e-11
1566,0,0,1566,1.5602489144328e-08,3.7727802345198e-19,3.1900761014514e-24,1.669785547357e-11
1567,0,0,1567,1.5585791265857e-08,3.42442925697e-19,6.3051526936507e-24,1.6697878470987e-11
1568,0,0,1568,1.5569093364413e-08,2.9886335368708e-19,7.8879025337952e-24,1.6697901443798e-11
1569,0,0,1569,1.5552395440021e-08,2.523322044325e-19,8.4221380150791e-24,1.6697924391995e-11
1570,0,0,1570,1.5535697492705e-08,2.066562657034e-19,8.2673449099659e-24,1.6697947315585e-11
1571,0,0,1571,1.5518999522491e-08,1.64187978619e-19,7.6867599622787e-24,1.6697970214559e-11
1572,0,0,1572,1.5502301529402e-08,1.262352894415e-19,6.8694367411263e-24,1.6697993088925e-11
1573,0,0,1573,1.5485603513463e-08,9.3374961580832e-20,5.9477193427814e-24,1.6698015938678e-11
1574,0,0,1574,1.5468905474699e-08,6.5689330459046e-20,5.0110992330428e-24,1.669803876382e-11
1575,0,0,1575,1.5452207413135e-08,4.2942557965961e-20,4.1171658212492e-24,1.6698061564352e-11
1576,0,0,1576,1.5435509328795e-08,2.4709420880785e-20,3.3001978124163e-24,1.6698084340271e-11
1577,0,0,1577,1.5418811221703e-08,1.0467239169326e-20,2.5778348897741e-24,1.6698107091579e-11
1578,0,0,1578,1.5402113091885e-08,-3.4045506745883e-22,1.9561926568581e-24,1.6698129818277e-11
1579,0,0,1579,1.5385414939365e-08,-8.2615846590694e-21,1.4337244560814e-24,1.6698152520361e-11
1580,0,0,1580,1.5368716764167e-08,-1.3809013999297e-20,1.0040847105811e-24,1.6698175197839e-11
1581,0,0,1581,1.5352018566316e-08,-1.7445513462068e-20,6.5820640276163e-25,1.6698197850699e-11
1582,0,0,1582,1.5335320345837e-08,-1.9576831906439e-20,3.8576863843119e-25,1.669822047895e-11
1583,0,0,1583,1.5318622102754e-08,-2.0550302821163e-20,1.76198235565e-25,1.6698243082593e-11
1584,0,0,1584,1.5301923837093e-08,-2.0657051756054e-20,1.9321557215396e-26,1.6698265661616e-11
1585,0,0,1585,1.5285225548877e-08,-2.0136383825554e-20,-9.4240895420599e-26,1.6698288216035e-11
1586,0,0,1586,1.5268527238131e-08,-1.9181330864403e-20,-1.7286458596829e-25,1.6698310745841e-11
1587,0,0,1587,1.525182890488e-08,-1.7944647075806e-20,-2.23839765736e-25,1.669833325103e-11
1588,0,0,1588,1.5235130549148e-08,-1.6544776530966e-20,-2.5337656861604e-25,1.6698355731616e-11
1589,0,0,1589,1.5218432170961e-08,-1.5071490331653e-20,-2.6666480207569e-25,1.6698378187584e-11
1590,0,0,1590,1.5201733770342e-08,-1.3591018194106e-20,-2.67965456896e-25,1.6698400618942e-11
1591,0,0,1591,1.5185035347316e-08,-1.2150589197566e-20,-2.607176483738e-25,1.6698423025687e-11
1592,0,0,1592,1.5168336901908e-08,-1.0782358154638e-20,-2.4764981877003e-25,1.6698445407821e-11
1593,0,0,1593,1.5151638434143e-08,-9.5067345440506e-21,-2.3088787351624e-25,1.6698467765342e-11
1594,0,0,1594,1.5134939944045e-08,-8.3351558073827e-21,-2.1205575133691e-25,1.6698490098252e-11
1595,0,0,1595,1.5118241431638e-08,-7.2723604439442e-21,-1.9236596078234e-25,1.6698512406552e-11
1596,0,0,1596,1.5101542896948e-08,-6.3182221275953e-21,-1.7269903525916e-25,1.6698534690235e-11
1597,0,0,1597,1.5084844339999e-08,-5.469206578354e-21,-1.5367181441269e-25,1.6698556949312e-11
1598,0,0,1598,1.5068145760815e-08,-4.7195100536511e-21,-1.3569507097122e-25,1.6698579183771e-11
1599,0,0,1599,1.5051447159421e-08,-4.0619334627845e-21,-1.1902136294683e-25,1.669860139362e-11
1600,0,0,1600,1.5034748535842e-08,-3.4885402346038e-21,-1.0378417430071e-25,1.6698623578859e-11
1601,0,0,1601,1.5018049890103e-08,-2.9911398568246e-21,-9.0029468378054e-26,1.6698645739484e-11
1602,0,0,1602,1.5001351222227e-08,-2.5616328999668e-21,-7.7740759191252e-26,1.6698667875499e-11
1603,0,0,1603,1.498465253224e-08,-2.1922476153678e-21,-6.6858736512427e-26,1.6698689986897e-11
1604,0,0,1604,1.4967953820167e-08,-1.8756930096446e-21,-5.7296383635901e-26,1.6698712073685e-11
1605,0,0,1605,1.4951255086031e-08,-1.6052487174055e-21,-4.895041689529e-26,1.6698734135862e-11
1606,0,0,1606,1.4934556329858e-08,-1.3748080329279e-21,-4.1709763890438e-26,1.6698756173426e-11
1607,0,0,1607,1.4917857551671e-08,-1.178887096261e-21,-3.5461689536698e-26,1.6698778186376e-11
1608,0,0,1608,1.4901158751496e-08,-1.0126104141622e-21,-3.0096079459886e-26,1.6698800174715e-11
1609,0,0,1609,1.4884459929358e-08,-8.7168057438564e-22,-2.5508300999558e-26,1.669882213844e-11
1610,0,0,1610,1.486776108528e-08,-7.5233812174719e-22,-2.1600983927561e-26,1.6698844077556e-11
1611,0,0,1611,1.4851062219288e-08,-6.5131604520118e-22,-1.8284995854829e-26,1.6698865992055e-11
1612,0,0,1612,1.4834363331406e-08,-5.6579211940982e-22,-1.5479830568237e-26,1.6698887881944e-11
1613,0,0,1613,1.4817664421659e-08,-4.9334139959353e-22,-1.3113580286748e-26,1.6698909747219e-11
1614,0,0,1614,1.4800965490071e-08,-4.3189043835967e-22,-1.112262398333e-26,1.6698931587883e-11
1615,0,0,1615,1.4784266536667e-08,-3.7967423735386e-22,-9.4511323820492e-27,1.6698953403933e-11
1616,0,0,1616,1.4767567561472e-08,-3.3519653051174e-22,-8.0504649384263e-27,1.6698975195371e-11
1617,0,0,1617,1.475086856451e-08,-2.9719369044315e-22,-6.878514052414e-27,1.6698996962195e-11
1618,0,0,1618,1.4734169545805e-08,-2.6460233103386e-22,-5.8990360530808e-27,1.6699018704408e-11
1619,0,0,1619,1.4717470505383e-08,-2.365305280153e-22,-5.0809963463601e-27,1.6699040422006e-11
1620,0,0,1620,1.4700771443268e-08,-2.1223247909675e-22,-4.3979468542575e-27,1.6699062114992e-11
1621,0,0,1621,1.4684072359485e-08,-1.9108636351274e-22,-3.8274469207057e-27,1.6699083783367e-11
1622,0,0,1622,1.4667373254058e-08,-1.7257512740949e-22,-3.3505337346887e-27,1.6699105427126e-11
1623,0,0,1623,1.4650674127012e-08,-1.5626990847069e-22,-2.9512446279223e-27,1.6699127046273e-11
1624,0,0,1624,1.4633974978371e-08,-1.4181581445007e-22,-2.6161910177325e-27,1.6699148640809e-11
1625,0,0,1625,1.461727580816e-08,-1.2891978116967e-22,-2.3341820237526e-27,1.6699170210729e-11
1626,0,0,1626,1.4600576616404e-08,-1.173402525494e-22,-2.0958946802693e-27,1.6699191756038e-11
1627,0,0,1627,1.4583877403127e-08,-1.0687844575967e-22,-1.8935870289407e-27,1.6699213276731e-11
1628,0,0,1628,1.4567178168355e-08,-9.7370986755314e-23,-1.7208500797883e-27,1.6699234772815e-11
1629,0,0,1629,1.455047891211e-08,-8.8683723927956e-23,-1.5723945717517e-27,1.6699256244283e-11
1630,0,0,1630,1.4533779634419e-08,-8.0706549500724e-23,-1.4438685713291e-27,1.6699277691139e-11
1631,0,0,1631,1.4517080335306e-08,-7.3349078995833e-23,-1.3317021613852e-27,1.6699299113381e-11
1632,0,0,1632,1.4500381014795e-08,-6.6537058280601e-23,-1.2329757494569e-27,1.6699320511008e-11
1633,0,0,1633,1.4483681672911e-08,-6.02093851599e-23,-1.1453088348468e-27,1.6699341884025e-11
1634,0,0,1634,1.4466982309678e-08,-5.4315648174077e-23,-1.066766394434e-27,1.6699363232427e-11
1635,0,0,1635,1.4450282925122e-08,-4.8814099205537e-23,-9.9578036330584e-28,1.6699384556217e-11
1636,0,0,1636,1.4433583519267e-08,-4.3669988774394e-23,-9.310839880369e-28,1.6699405855389e-11
1637,0,0,1637,1.4416884092137e-08,-3.8854203627676e-23,-8.7165711155574e-28,1.6699427129954e-11
1638,0,0,1638,1.4400184643757e-08,-3.4342155529879e-23,-8.166807057014e-28,1.6699448379901e-11
1639,0,0,1639,1.4383485174152e-08,-3.0112878185044e-23,-7.6549919941525e-28,1.6699469605236e-11
1640,0,0,1640,1.4366785683346e-08,-2.6148296101779e-23,-7.1758935707093e-28,1.6699490805957e-11
1641,0,0,1641,1.4350086171364e-08,-2.2432635087083e-23,-6.7253464365986e-28,1.6699511982063e-11
1642,0,0,1642,1.433338663823e-08,-1.8951949048678e-23,-6.3000417295126e-28,1.6699533133559e-11
1643,0,0,1643,1.431668708397e-08,-1.5693742014487e-23,-5.8973547318882e-28,1.6699554260439e-11
1644,0,0,1644,1.4299987508607e-08,-1.2646667846666e-23,-5.5152042437539e-28,1.6699575362705e-11
1645,0,0,1645,1.4283287912166e-08,-9.8002931297409e-24,-5.151938237635e-28,1.6699596440357e-11
1646,0,0,1646,1.4266588294673e-08,-7.1449112303936e-24,-4.8062412378186e-28,1.6699617493397e-11
1647,0,0,1647,1.4249888656151e-08,-4.6713976329124e-24,-4.4770596114405e-28,1.6699638521822e-11
1648,0,0,1648,1.4233188996626e-08,-2.3710984118171e-24,-4.1635415901824e-28,1.6699659525634e-11
1649,0,0,1649,1.4216489316121e-08,-2.357451662971e-25,-3.8649893743917e-28,1.669968050483e-11
1650,0,0,1650,1.4199789614661e-08,1.7426090436772e-24,-3.5808211200534e-28,1.6699701459414e-11
1651,0,0,1651,1.4183089892272e-08,3.5716372124938e-24,-3.3105409855581e-28,1.6699722389383e-11
1652,0,0,1652,1.4166390148977e-08,5.2587729751376e-24,-3.0537157303849e-28,1.6699743294739e-11
1653,0,0,1653,1.4149690384802e-08,6.8112351967098e-24,-2.8099566210457e-28,1.6699764175481e-11
1654,0,0,1654,1.413299059977e-08,8.2360449309628e-24,-2.5789056189982e-28,1.6699785031609e-11
1655,0,0,1655,1.4116290793907e-08,9.5400366479152e-24,-2.3602250076838e-28,1.6699805863122e-11
1656,0,0,1656,1.4099590967237e-08,1.072986524865e-23,-2.1535897673303e-28,1.669982667002e-11
1657,0,0,1657,1.4082891119785e-08,1.1812010072798e-23,-1.958682131707e-28,1.6699847452306e-11
1658,0,0,1658,1.4066191251575e-08,1.2792776848998e-23,-1.7751878649218e-28,1.6699868209978e-11
1659,0,0,1659,1.4049491362632e-08,1.3678298330878e-23,-1.6027938822032e-28,1.6699888943033e-11
1660,0,0,1660,1.403279145298e-08,1.447453419245e-23,-1.4411869094462e-28,1.6699909651475e-11
1661,0,0,1661,1.4016091522645e-08,1.5187270620442e-23,-1.2900529346653e-28,1.6699930335305e-11
1662,0,0,1662,1.399939157165e-08,1.5822119931223e-23,-1.1490772525141e-28,1.6699950994518e-11
1663,0,0,1663,1.3982691600021e-08,1.6384520451928e-23,-1.017944942475e-28,1.6699971629118e-11
1664,0,0,1664,1.3965991607782e-08,1.6879736835168e-23,-8.963416536651e-29,1.6699992239103e-11
1665,0,0,1665,1.3949291594958e-08,1.7312860921184e-23,-7.8395459568912e-29,1.6700012824474e-11
1666,0,0,1666,1.3932591561572e-08,1.7688813217646e-23,-6.8047365659534e-29,1.6700033385229e-11
1667,0,0,1667,1.3915891507651e-08,1.801234503346e-23,-5.85592586624e-29,1.6700053921371e-11
1668,0,0,1668,1.3899191433218e-08,1.8288041276975e-23,-4.9901020076141e-29,1.6700074432899e-11
1669,0,0,1669,1.3882491338298e-08,1.8520323909416e-23,-4.2043156471945e-29,1.6700094919812e-11
1670,0,0,1670,1.3865791222916e-08,1.8713456030036e-23,-3.4956913832188e-29,1.670011538211e-11
1671,0,0,1671,1.3849091087097e-08,1.8871546559205e-23,-2.8614385779531e-29,1.6700135819792e-11
1672,0,0,1672,1.3832390930864e-08,1.8998555478796e-23,-2.2988614446084e-29,1.6700156232863e-11
1673,0,0,1673,1.3815690754242e-08,1.9098299584914e-23,-1.8053683207344e-29,1.6700176621315e-11
1674,0,0,1674,1.3798990557257e-08,1.9174458705789e-23,-1.378480087828e-29,1.6700196985156e-11
1675,0,0,1675,1.3782290339933e-08,1.9230582337048e-23,-1.0158377257922e-29,1.670021732438e-11
1676,0,0,1676,1.3765590102294e-08,1.9270096647153e-23,-7.1520901290468e-30,1.6700237638991e-11
1677,0,0,1677,1.3748889844365e-08,1.9296311807286e-23,-4.744943984054e-30,1.6700257928985e-11
1678,0,0,1678,1.373218956617e-08,1.9312429602132e-23,-2.9173208670271e-30,1.6700278194366e-11
1679,0,0,1679,1.3715489267735e-08,1.9321551280607e-23,-1.6510238040868e-30,1.6700298435131e-11
1680,0,0,1680,1.3698788949084e-08,1.9326685608489e-23,-9.2931334657651e-31,1.6700318651282e-11
1681,0,0,1681,1.3682088610241e-08,1.9330757087937e-23,-7.369377801729e-31,1.6700338842818e-11
1682,0,0,1682,1.3665388251231e-08,1.9336614312041e-23,-1.0601575626684e-30,1.6700359009736e-11
1683,0,0,1683,1.3648687872079e-08,1.9347038425564e-23,-1.8867645478199e-30,1.6700379152044e-11
1684,0,0,1684,1.363198747281e-08,1.9364751666093e-23,-3.2060965356979e-30,1.6700399269733e-11
1685,0,0,1685,1.3615287053447e-08,1.9392425962579e-23,-5.0090476639522e-30,1.6700419362809e-11
1686,0,0,1686,1.3598586614016e-08,1.9432691570987e-23,-7.2880751217513e-30,1.670043943127e-11
1687,0,0,1687,1.3581886154541e-08,1.9488145729166e-23,-1.0037202630407e-29,1.6700459475115e-11
1688,0,0,1688,1.3565185675046e-08,1.9561361315318e-23,-1.3252021093505e-29,1.6700479494345e-11
1689,0,0,1689,1.3548485175557e-08,1.9654895496399e-23,-1.6929686775792e-29,1.6700499488959e-11
1690,0,0,1690,1.3531784656098e-08,1.9771298354549e-23,-2.1068917325049e-29,1.6700519458959e-11
1691,0,0,1691,1.3515084116694e-08,1.9913121481098e-23,-2.5669985905417e-29,1.6700539404345e-11
1692,0,0,1692,1.3498383557369e-08,2.008292652897e-23,-3.0734713664757e-29,1.6700559325112e-11
1693,0,0,1693,1.3481682978148e-08,2.0283293715228e-23,-3.6266460712862e-29,1.6700579221266e-11
1694,0,0,1694,1.3464982379055e-08,2.051683026629e-23,-4.2270115742116e-29,1.6700599092804e-11
1695,0,0,1695,1.3448281760115e-08,2.0786178798763e-23,-4.8752084377646e-29,1.6700618939728e-11
1696,0,0,1696,1.3431581121353e-08,2.109402562915e-23,-5.5720276300109e-29,1.6700638762036e-11
1697,0,0,1697,1.3414880462793e-08,2.1443109005621e-23,-6.3184091141205e-29,1.6700658559727e-11
1698,0,0,1698,1.339817978446e-08,2.1836227254845e-23,-7.11544031095e-29,1.6700678332803e-11
1699,0,0,1699,1.3381479086379e-08,2.2276246836404e-23,-7.9643544262272e-29,1.6700698081265e-11
1700,0,0,1700,1.3364778368574e-08,2.2766110296612e-23,-8.8665286297547e-29,1.6700717805111e-11
1701,0,0,1701,1.334807763107e-08,2.3308844112629e-23,-9.8234820699017e-29,1.6700737504341e-11
1702,0,0,1702,1.3331376873891e-08,2.3907566416634e-23,-1.0836873702503e-28,1.6700757178954e-11
1703,0,0,1703,1.3314676097062e-08,2.4565494588406e-23,-1.1908499909076e-28,1.6700776828954e-11
1704,0,0,1704,1.3297975300607e-08,2.5285952703046e-23,-1.3040291874975e-28,1.6700796454337e-11
1705,0,0,1705,1.3281274484552e-08,2.6072378818721e-23,-1.4234312693713e-28,1.6700816055103e-11
1706,0,0,1706,1.3264573648921e-08,2.6928332087177e-23,-1.5492754159065e-28,1.6700835631255e-11
1707,0,0,1707,1.3247872793738e-08,2.7857499667389e-23,-1.6817933201828e-28,1.6700855182792e-11
1708,0,0,1708,1.3231171919029e-08,2.886370342004e-23,-1.8212287922996e-28,1.6700874709711e-11
1709,0,0,1709,1.3214471024817e-08,2.9950906357597e-23,-1.9678373169768e-28,1.6700894212014e-11
1710,0,0,1710,1.3197770111127e-08,3.1123218821409e-23,-2.1218855595011e-28,1.6700913689704e-11
1711,0,0,1711,1.3181069177984e-08,3.2384904353706e-23,-2.2836508134579e-28,1.6700933142776e-11
1712,0,0,1712,1.3164368225413e-08,3.37403852283e-23,-2.4534203830138e-28,1.6700952571232e-11
1713,0,0,1713,1.3147667253438e-08,3.519424759945e-23,-2.6314908917824e-28,1.6700971975071e-11
1714,0,0,1714,1.3130966262084e-08,3.6751246223482e-23,-2.8181675094981e-28,1.6700991354297e-11
1715,0,0,1715,1.3114265251375e-08,3.8416308702405e-23,-3.0137630868488e-28,1.6701010708907e-11
1716,0,0,1716,1.3097564221336e-08,4.0194539192929e-23,-3.21859718785e-28,1.6701030038897e-11
1717,0,0,1717,1.3080863171991e-08,4.2091221517836e-23,-3.4329950080822e-28,1.6701049344275e-11
1718,0,0,1718,1.3064162103366e-08,4.4111821609522e-23,-3.6572861659501e-28,1.6701068625033e-11
1719,0,0,1719,1.3047461015485e-08,4.6261989207774e-23,-3.8918033528374e-28,1.6701087881179e-11
1720,0,0,1720,1.3030759908373e-08,4.8547558725247e-23,-4.1368808266256e-28,1.6701107112706e-11
1721,0,0,1721,1.3014058782053e-08,5.0974549184637e-23,-4.3928527314964e-28,1.6701126319618e-11
1722,0,0,1722,1.2997357636551e-08,5.3549163121236e-23,-4.6600512252443e-28,1.6701145501914e-11
1723,0,0,1723,1.2980656471891e-08,5.6277784333097e-23,-4.9388043934683e-28,1.6701164659592e-11
1724,0,0,1724,1.2963955288099e-08,5.9166974348559e-23,-5.2294339279857e-28,1.6701183792655e-11
1725,0,0,1725,1.2947254085198e-08,6.2223467467121e-23,-5.5322525445973e-28,1.6701202901103e-11
1726,0,0,1726,1.2930552863213e-08,6.5454164214598e-23,-5.8475611129331e-28,1.6701221984932e-11
1727,0,0,1727,1.2913851622169e-08,6.8866123036971e-23,-6.1756454684957e-28,1.6701241044145e-11
1728,0,0,1728,1.289715036209e-08,7.2466550039293e-23,-6.5167728742029e-28,1.6701260078743e-11
1729,0,0,1729,1.2880449083001e-08,7.6262786556249e-23,-6.87118809569e-28,1.6701279088724e-11
1730,0,0,1730,1.2863747784927e-08,8.0262294319437e-23,-7.2391090513702e-28,1.6701298074089e-11
1731,0,0,1731,1.2847046467892e-08,8.4472637962952e-23,-7.6207219947614e-28,1.6701317034837e-11
1732,0,0,1732,1.2830345131921e-08,8.8901464583323e-23,-8.0161761828713e-28,1.6701335970967e-11
1733,0,0,1733,1.2813643777039e-08,9.3556480042157e-23,-8.4255779804909e-28,1.6701354882483e-11
1734,0,0,1734,1.2796942403269e-08,9.8445421669833e-23,-8.8489843460935e-28,1.670137376938e-11
1735,0,0,1735,1.2780241010638e-08,1.0357602699618e-22,-9.2863956406784e-28,1.6701392631662e-11
1736,0,0,1736,1.2763539599168e-08,1.0895599809914e-22,-9.7377476963582e-28,1.6701411469328e-11
1737,0,0,1737,1.2746838168886e-08,1.1459296112499e-22,-1.0202903076799e-27,1.6701430282374e-11
1738,0,0,1738,1.2730136719815e-08,1.2049442049339e-22,-1.0681641456798e-27,1.6701449070808e-11
1739,0,0,1739,1.2713435251981e-08,1.266677072577e-22,-1.1173649043409e-27,1.6701467834621e-11
1740,0,0,1740,1.2696733765407e-08,1.3311992104559e-22,-1.1678506956078e-27,1.6701486573818e-11
1741,0,0,1741,1.2680032260118e-08,1.3985786495632e-22,-1.219567847842e-27,1.6701505288401e-11
1742,0,0,1742,1.266333073614e-08,1.4688797274057e-22,-1.272449508949e-27,1.6701523978365e-11
1743,0,0,1743,1.2646629193496e-08,1.5421622753498e-22,-1.3264141177882e-27,1.6701542643712e-11
1744,0,0,1744,1.2629927632212e-08,1.6184807136801e-22,-1.3813637337783e-27,1.6701561284442e-11
1745,0,0,1745,1.2613226052311e-08,1.6978830459584e-22,-1.4371822142377e-27,1.6701579900555e-11
1746,0,0,1746,1.2596524453819e-08,1.7804097436757e-22,-1.4937332286835e-27,1.6701598492052e-11
1747,0,0,1747,1.257982283676e-08,1.8660925115806e-22,-1.5508580990791e-27,1.6701617058931e-11
1748,0,0,1748,1.2563121201159e-08,1.9549529234523e-22,-1.6083734548772e-27,1.6701635601194e-11
1749,0,0,1749,1.254641954704e-08,2.0470009174683e-22,-1.666068691689e-27,1.6701654118839e-11
1750,0,0,1750,1.2529717874428e-08,2.1422331397073e-22,-1.7237032225271e-27,1.6701672611868e-11
1751,0,0,1751,1.2513016183348e-08,2.2406311237331e-22,-1.7810035108657e-27,1.6701691080278e-11
1752,0,0,1752,1.2496314473824e-08,2.3421592936364e-22,-1.8376598752504e-27,1.6701709524073e-11
1753,0,0,1753,1.2479612745881e-08,2.4467627773887e-22,-1.8933230559168e-27,1.670172794325e-11
1754,0,0,1754,1.2462910999543e-08,2.5543650168842e-22,-1.9476005348677e-27,1.670174633781e-11
1755,0,0,1755,1.2446209234835e-08,2.66486516065e-22,-2.000052602162e-27,1.6701764707752e-11
1756,0,0,1756,1.2429507451782e-08,2.7781352248941e-22,-2.0501881628176e-27,1.6701783053078e-11
1757,0,0,1757,1.2412805650408e-08,2.8940170083625e-22,-2.0974602807773e-27,1.6701801373785e-11
1758,0,0,1758,1.2396103830738e-08,3.0123187464219e-22,-2.1412614588761e-27,1.6701819669876e-11
1759,0,0,1759,1.2379401992797e-08,3.1328114898877e-22,-2.1809186567306e-27,1.6701837941351e-11
1760,0,0,1760,1.2362700136609e-08,3.2552251944185e-22,-2.2156880520068e-27,1.6701856188204e-11
1761,0,0,1761,1.2345998262198e-08,3.3792445068303e-22,-2.2447495546538e-27,1.6701874410443e-11
1762,0,0,1762,1.232929636959e-08,3.5045042354763e-22,-2.2672010884933e-27,1.6701892608065e-11
1763,0,0,1763,1.2312594458809e-08,3.6305844929389e-22,-2.2820526600733e-27,1.6701910781069e-11
1764,0,0,1764,1.229589252988e-08,3.757005500729e-22,-2.2882202409999e-27,1.6701928929453e-11
1765,0,0,1765,1.2279190582827e-08,3.8832220475303e-22,-2.2845194971048e-27,1.6701947053223e-11
1766,0,0,1766,1.2262488617674e-08,4.0086175948157e-22,-2.2696594058653e-27,1.6701965152373e-11
1767,0,0,1767,1.2245786634447e-08,4.132498026446e-22,-2.2422358125078e-27,1.6701983226907e-11
1768,0,0,1768,1.2229084633171e-08,4.2540850422069e-22,-2.2007249852727e-27,1.6702001276821e-11
1769,0,0,1769,1.2212382613868e-08,4.3725091991928e-22,-2.1434772414445e-27,1.6702019302121e-11
1770,0,0,1770,1.2195680576566e-08,4.4868026095801e-22,-2.0687107280095e-27,1.6702037302802e-11
1771,0,0,1771,1.2178978521287e-08,4.5958913087098e-22,-1.9745054542483e-27,1.6702055278863e-11
1772,0,0,1772,1.2162276448056e-08,4.698587313585e-22,-1.8587976882421e-27,1.6702073230308e-11
1773,0,0,1773,1.2145574356899e-08,4.7935803989556e-22,-1.7193748452075e-27,1.6702091157137e-11
1774,0,0,1774,1.212887224784e-08,4.8794296261828e-22,-1.5538710128119e-27,1.6702109059345e-11
1775,0,0,1775,1.2112170120903e-08,4.9545546691209e-22,-1.35976327718e-27,1.6702126936937e-11
1776,0,0,1776,1.2095467976113e-08,5.0172269913975e-22,-1.1343690332053e-27,1.670214478991e-11
1777,0,0,1777,1.2078765813495e-08,5.0655609407917e-22,-8.7484448403557e-28,1.6702162618268e-11
1778,0,0,1778,1.2062063633073e-08,5.0975048389807e-22,-5.7818455722159e-28,1.6702180422004e-11
1779,0,0,1779,1.2045361434872e-08,5.110832158815e-22,-2.4122448899955e-28,1.6702198201124e-11
1780,0,0,1780,1.2028659218916e-08,5.1031328965787e-22,1.3935664647578e-28,1.6702215955628e-11
1781,0,0,1781,1.2011956985231e-08,5.0718052634617e-22,5.6703015941899e-28,1.670223368551e-11
1782,0,0,1782,1.199525473384e-08,5.014047838787e-22,1.0454093866111e-27,1.6702251390778e-11
1783,0,0,1783,1.1978552464768e-08,4.9268523474929e-22,1.5782383924232e-27,1.6702269071425e-11
1784,0,0,1784,1.1961850178041e-08,4.8069972460186e-22,2.1693773366839e-27,1.6702286727454e-11
1785,0,0,1785,1.1945147873682e-08,4.6510423241943e-22,2.8227840850213e-27,1.6702304358867e-11
1786,0,0,1786,1.1928445551716e-08,4.4553245560546e-22,3.5424916033284e-27,1.6702321965661e-11
1787,0,0,1787,1.1911743212169e-08,4.2159554597965e-22,4.3325806422706e-27,1.6702339547836e-11
1788,0,0,1788,1.1895040855063e-08,3.9288202564794e-22,5.1971471800414e-27,1.6702357105393e-11
1789,0,0,1789,1.1878338480425e-08,3.5895791486579e-22,6.140264051568e-27,1.6702374638332e-11
1790,0,0,1790,1.1861636088278e-08,3.1936710740927e-22,7.1659361496301e-27,1.6702392146653e-11
1791,0,0,1791,1.1844933678648e-08,2.7363203261748e-22,8.2780485373147e-27,1.6702409630356e-11
1792,0,0,1792,1.1828231251558e-08,2.2125464719682e-22,9.4803067611385e-27,1.6702427089441e-11
1793,0,0,1793,1.1811528807034e-08,1.6171780410801e-22,1.0776168599073e-26,1.6702444523905e-11
1794,0,0,1794,1.1794826345101e-08,9.4487050426143e-23,1.2168766416418e-26,1.6702461933754e-11
1795,0,0,1795,1.1778123865782e-08,1.901291101465e-23,1.3660819233482e-26,1.6702479318985e-11
1796,0,0,1796,1.1761421369102e-08,-6.5266279762228e-23,1.5254533530615e-26,1.6702496679593e-11
1797,0,0,1797,1.1744718855087e-08,-1.5892093018216e-22,1.6951491726009e-26,1.6702514015587e-11
1798,0,0,1798,1.172801632376e-08,-2.6252605259891e-22,1.8752527157432e-26,1.6702531326962e-11
1799,0,0,1799,1.1711313775146e-08,-3.7665635247532e-22,2.0657584277626e-26,1.6702548613715e-11
1800,0,0,1800,1.169461120927e-08,-5.0188045540929e-22,2.2665562631051e-26,1.6702565875854e-11
1801,0,0,1801,1.1677908626157e-08,-6.387541737149e-22,2.4774143013315e-26,1.6702583113371e-11
1802,0,0,1802,1.166120602583e-08,-7.8781270421009e-22,2.697959401963e-26,1.670260032627e-11
1803,0,0,1803,1.1644503408316e-08,-9.4956163769425e-22,2.927655696063e-26,1.6702617514552e-11
1804,0,0,1804,1.1627800773638e-08,-1.124466647961e-21,3.1657806858281e-26,1.6702634678216e-11
1805,0,0,1805,1.161109812182e-08,-1.3129417138554e-21,3.4113986926884e-26,1.6702651817258e-11
1806,0,0,1806,1.1594395452889e-08,-1.515335711592e-21,3.6633313590336e-26,1.6702668931684e-11
1807,0,0,1807,1.1577692766867e-08,-1.7319171960337e-21,3.9201248683936e-26,1.670268602149e-11
1808,0,0,1808,1.1560990063781e-08,-1.9628571686058e-21,4.1800135035562e-26,1.670270308668e-11
1809,0,0,1809,1.1544287343653e-08,-2.2082096057238e-21,4.4408791118352e-26,1.6702720127247e-11
1810,0,0,1810,1.152758460651e-08,-2.4678894947841e-21,4.7002059919908e-26,1.6702737143196e-11
1811,0,0,1811,1.1510881852376e-08,-2.7416480947394e-21,4.9550306591907e-26,1.670275413453e-11
1812,0,0,1812,1.1494179081274e-08,-3.0290451049398e-21,5.2018858846282e-26,1.6702771101242e-11
1813,0,0,1813,1.1477476293231e-08,-3.3294173893447e-21,5.436738347728e-26,1.6702788043335e-11
1814,0,0,1814,1.146077348827e-08,-3.6418438636701e-21,5.6549191852894e-26,1.670280496081e-11
1815,0,0,1815,1.1444070666417e-08,-3.9651061111363e-21,5.8510466791382e-26,1.6702821853664e-11
1816,0,0,1816,1.1427367827695e-08,-4.297644249241e-21,6.0189402996957e-26,1.6702838721903e-11
1817,0,0,1817,1.1410664972129e-08,-4.6375075270214e-21,6.1515253278253e-26,1.6702855565519e-11
1818,0,0,1818,1.1393962099745e-08,-4.9822990919499e-21,6.2407273252051e-26,1.6702872384518e-11
1819,0,0,1819,1.1377259210566e-08,-5.3291143312968e-21,6.2773558321793e-26,1.6702889178898e-11
1820,0,0,1820,1.1360556304617e-08,-5.6744721691075e-21,6.2509768643739e-26,1.670290594866e-11
1821,0,0,1821,1.1343853381923e-08,-6.0142386930852e-21,6.1497740839961e-26,1.67029226938e-11
1822,0,0,1822,1.1327150442509e-08,-6.3435425038153e-21,5.9603989742153e-26,1.6702939414323e-11
1823,0,0,1823,1.1310447486399e-08,-6.6566812324812e-21,5.6678109888531e-26,1.6702956110226e-11
1824,0,0,1824,1.1293744513617e-08,-6.9470187759757e-21,5.2551095372499e-26,1.6702972781512e-11
1825,0,0,1825,1.1277041524189e-08,-7.2068729670261e-21,4.7033608580127e-26,1.6702989428174e-11
1826,0,0,1826,1.1260338518139e-08,-7.4273936525697e-21,3.9914244083394e-26,1.6703006050221e-11
1827,0,0,1827,1.1243635495491e-08,-7.598431521717e-21,3.0957854315668e-26,1.6703022647648e-11
1828,0,0,1828,1.1226932456271e-08,-7.7083985360082e-21,1.99040295867e-26,1.6703039220455e-11
1829,0,0,1829,1.1210229400502e-08,-7.7441215057723e-21,6.4658575272964e-27,1.6703055768642e-11
1830,0,0,1830,1.119352632821e-08,-7.6906912697357e-21,-9.6708727226174e-27,1.6703072292211e-11
1831,0,0,1831,1.1176823239419e-08,-7.5313111191333e-21,-2.8847807259037e-26,1.6703088791159e-11
1832,0,0,1832,1.1160120134153e-08,-7.2471496166343e-21,-5.143323195232e-26,1.670310526549e-11
1833,0,0,1833,1.1143417012438e-08,-6.8172048531408e-21,-7.7820002192339e-26,1.6703121715201e-11
1834,0,0,1834,1.1126713874298e-08,-6.2181895231976e-21,-1.084217747197e-25,1.6703138140291e-11
1835,0,0,1835,1.1110010719757e-08,-5.4244490427935e-21,-1.4366702695315e-25,1.6703154540762e-11
1836,0,0,1836,1.109330754884e-08,-4.4079283361606e-21,-1.8399024790054e-25,1.6703170916615e-11
1837,0,0,1837,1.1076604361572e-08,-3.1382069217841e-21,-2.2981957600215e-25,1.6703187267847e-11
1838,0,0,1838,1.1059901157978e-08,-1.5826265491647e-21,-2.8156004744414e-25,1.670320359446e-11
1839,0,0,1839,1.1043197938082e-08,2.9345914441189e-22,-3.3957151053736e-25,1.6703219896452e-11
1840,0,0,1840,1.1026494701908e-08,2.5262777525799e-21,-4.0414016807841e-25,1.6703236173827e-11
1841,0,0,1841,1.1009791449481e-08,5.1530326976932e-21,-4.7544264506546e-25,1.6703252426581e-11
1842,0,0,1842,1.0993088180826e-08,8.2110518373193e-21,-5.5350146427233e-25,1.6703268654714e-11
1843,0,0,1843,1.0976384895968e-08,1.1736636779452e-20,-6.3813087452604e-25,1.670328485823e-11
1844,0,0,1844,1.0959681594931e-08,1.57635547464e-20,-7.288721520177e-25,1.6703301037125e-11
1845,0,0,1845,1.094297827774e-08,2.0321111814261e-20,-8.2491782928275e-25,1.67033171914e-11
1846,0,0,1846,1.0926274944419e-08,2.5431746378533e-20,-9.2502485613342e-25,1.6703333321054e-11
1847,0,0,1847,1.0909571594992e-08,3.1108086321676e-20,-1.0274175297086e-24,1.670334942609e-11
1848,0,0,1848,1.0892868229486e-08,3.7349424585199e-20,-1.1296822256978e-24,1.6703365506506e-11
1849,0,0,1849,1.0876164847924e-08,4.4137588160788e-20,-1.2286576071815e-24,1.6703381562304e-11
1850,0,0,1850,1.085946145033e-08,5.1432207900527e-20,-1.3203261728927e-24,1.6703397593478e-11
1851,0,0,1851,1.084275803673e-08,5.9165444475836e-20,-1.3997158201308e-24,1.6703413600036e-11
1852,0,0,1852,1.0826054607148e-08,6.7236293140382e-20,-1.4608236082829e-24,1.6703429581971e-11
1853,0,0,1853,1.0809351161609e-08,7.5504680699738e-20,-1.4965781482435e-24,1.6703445539288e-11
1854,0,0,1854,1.0792647700137e-08,8.3785686092539e-20,-1.4988619760971e-24,1.6703461471984e-11
1855,0,0,1855,1.0775944222757e-08,9.1844364311423e-20,-1.4586207576179e-24,1.670347738006e-11
1856,0,0,1856,1.0759240729493e-08,9.9391833505872e-20,-1.3660919241955e-24,1.6703493263516e-11
1857,0,0,1857,1.0742537220371e-08,1.0608349575641e-19,-1.2111908673472e-24,1.6703509122354e-11
1858,0,0,1858,1.0725833695414e-08,1.1152049778916e-19,-9.8409736792718e-25,1.6703524956569e-11
1859,0,0,1859,1.0709130154648e-08,1.1525578765233e-19,-6.7608746523406e-25,1.6703540766166e-11
1860,0,0,1860,1.0692426598097e-08,1.1680636864384e-19,-2.8065515946317e-25,1.6703556551143e-11
1861,0,0,1861,1.0675723025786e-08,1.1567356592305e-19,2.0503729246194e-25,1.6703572311498e-11
1862,0,0,1862,1.0659019437738e-08,1.1137327033446e-19,7.7835350153518e-25,1.6703588047233e-11
1863,0,0,1863,1.064231583398e-08,1.0347817150027e-19,1.4290128889889e-24,1.6703603758351e-11
1864,0,0,1864,1.0625612214535e-08,9.167391108483e-20,2.1365711351943e-24,1.6703619444845e-11
1865,0,0,1865,1.0608908579428e-08,7.5830884689817e-20,2.8675877774974e-24,1.6703635106719e-11
1866,0,0,1866,1.0592204928685e-08,5.609318680702e-20,3.5725233167866e-24,1.6703650743976e-11
1867,0,0,1867,1.0575501262328e-08,3.2986185428875e-20,4.1823672494432e-24,1.6703666356608e-11
1868,0,0,1868,1.0558797580383e-08,7.5450051846323e-21,4.6048536242084e-24,1.6703681944625e-11
1869,0,0,1869,1.0542093882875e-08,-1.8531071744715e-20,4.7197699242119e-24,1.6703697508017e-11
1870,0,0,1870,1.0525390169828e-08,-4.2686500476111e-20,4.3721326003826e-24,1.6703713046792e-11
1871,0,0,1871,1.0508686441268e-08,-6.1253319601029e-20,3.3605942616098e-24,1.6703728560944e-11
1872,0,0,1872,1.0491982697217e-08,-6.9075867548327e-20,1.4158811784616e-24,1.6703744050477e-11
1873,0,0,1873,1.0475278937702e-08,-5.8907682309652e-20,-1.8404415282001e-24,1.670375951539e-11
1874,0,0,1874,1.0458575162746e-08,-2.0375914198383e-20,-6.9742500281397e-24,1.6703774955682e-11
1875,0,0,1875,1.0441871372374e-08,1.2864858051568e-19,-2.6973433543245e-23,1.6703790371637e-11
1876,0,0,1876,1.0425167566612e-08,1.674104796562e-19,-7.0159037444336e-24,1.6703805762578e-11
1877,0,0,1877,1.0408463745483e-08,1.7804948477511e-19,-1.9256599265228e-24,1.6703821129006e-11
1878,0,0,1878,1.0391759909012e-08,1.7093766691716e-19,1.287239032288e-24,1.6703836470818e-11
1879,0,0,1879,1.0375056057224e-08,1.5332194878467e-19,3.1884449819814e-24,1.6703851788006e-11
1880,0,0,1880,1.0358352190143e-08,1.3035971863356e-19,4.1561636573509e-24,1.6703867080573e-11
1881,0,0,1881,1.0341648307795e-08,1.0572183655829e-19,4.4594566556233e-24,1.6703882348523e-11
1882,0,0,1882,1.0324944410203e-08,8.1967759701644e-20,4.2994879110536e-24,1.670389759185e-11
1883,0,0,1883,1.0308240497392e-08,6.0801513186189e-20,3.8310906192974e-24,1.6703912810555e-11
1884,0,0,1884,1.0291536569388e-08,4.3263616632504e-20,3.1743592762167e-24,1.6703928004641e-11
1885,0,0,1885,1.0274832626214e-08,2.9885330055605e-20,2.4214698704186e-24,1.6703943174107e-11
1886,0,0,1886,1.0258128667895e-08,2.081701683932e-20,1.6413646921479e-24,1.6703958318951e-11
1887,0,0,1887,1.0241424694456e-08,1.5935637572726e-20,8.8352964725349e-25,1.6703973439174e-11
1888,0,0,1888,1.0224720705921e-08,1.4933653031132e-20,1.813592020285e-25,1.6703988534776e-11
1889,0,0,1889,1.0208016702315e-08,1.739081882342e-20,-4.4474700840412e-25,1.6704003605759e-11
1890,0,0,1890,1.0191312683663e-08,2.2830360034773e-20,-9.8455695925497e-25,1.670401865212e-11
1891,0,0,1891,1.0174608649989e-08,3.0761247416376e-20,-1.4354906160703e-24,1.670403367386e-11
1892,0,0,1892,1.0157904601318e-08,4.0708499207489e-20,-1.8004525741914e-24,1.6704048670979e-11
1893,0,0,1893,1.0141200537675e-08,5.2233514517237e-20,-2.0860277710643e-24,1.6704063643478e-11
1894,0,0,1894,1.0124496459083e-08,6.4946397687762e-20,-2.3010318538647e-24,1.6704078591354e-11
1895,0,0,1895,1.0107792365569e-08,7.8512085121152e-20,-2.4553894254443e-24,1.6704093514612e-11
1896,0,0,1896,1.0091088257155e-08,9.2651873048852e-20,-2.5593016149133e-24,1.6704108413245e-11
1897,0,0,1897,1.0074384133868e-08,1.071417004844e-19,-2.6226587658349e-24,1.6704123287261e-11
1898,0,0,1898,1.0057679995731e-08,1.2180829271669e-19,-2.6546531940435e-24,1.6704138136654e-11
1899,0,0,1899,1.004097584277e-08,1.3652403560858e-19,-2.6635494634314e-24,1.6704152961426e-11
1900,0,0,1900,1.0024271675008e-08,1.5120124082854e-19,-2.6565741448143e-24,1.6704167761576e-11
1901,0,0,1901,1.0007567492471e-08,1.6578628237783e-19,-2.6398925204216e-24,1.6704182537107e-11
1902,0,0,1902,9.9908632951833e-09,1.8025393666486e-19,-2.6186454259522e-24,1.6704197288017e-11
1903,0,0,1903,9.974159083169e-09,1.9460214048009e-19,-2.5970248905561e-24,1.6704212014302e-11
1904,0,0,1904,9.9574548564531e-09,2.0884729049791e-19,-2.5783721532251e-24,1.6704226715969e-11
1905,0,0,1905,9.94075061506e-09,2.230201405686e-19,-2.5652858627958e-24,1.6704241393016e-11
1906,0,0,1906,9.9240463590146e-09,2.3716230505795e-19,-2.5597317725713e-24,1.6704256045438e-11
1907,0,0,1907,9.9073420883414e-09,2.5132334400853e-19,-2.563148050055e-24,1.6704270673241e-11
1908,0,0,1908,9.8906378030649e-09,2.6555838547817e-19,-2.5765425060062e-24,1.6704285276423e-11
1909,0,0,1909,9.87393350321e-09,2.7992622907727e-19,-2.6005796914354e-24,1.6704299854981e-11
1910,0,0,1910,9.857229188801e-09,2.9448787000108e-19,-2.6356570072104e-24,1.6704314408922e-11
1911,0,0,1911,9.8405248598628e-09,3.093053827397e-19,-2.6819698056909e-24,1.6704328938238e-11
1912,0,0,1912,9.8238205164199e-09,3.2444110658333e-19,-2.7395660156957e-24,1.6704343442935e-11
1913,0,0,1913,9.8071161584969e-09,3.3995707983621e-19,-2.8083911587716e-24,1.6704357923008e-11
1914,0,0,1914,9.7904117861184e-09,3.5591467543026e-19,-2.8883248025246e-24,1.6704372378462e-11
1915,0,0,1915,9.7737073993091e-09,3.7237439676318e-19,-2.9792095612563e-24,1.6704386809293e-11
1916,0,0,1916,9.7570029980936e-09,3.8939579864819e-19,-3.0808737411883e-24,1.6704401215503e-11
1917,0,0,1917,9.7402985824965e-09,4.0703750397777e-19,-3.1931486646542e-24,1.6704415597092e-11
1918,0,0,1918,9.7235941525424e-09,4.2535729190781e-19,-3.3158816153366e-24,1.6704429954059e-11
1919,0,0,1919,9.706889708256e-09,4.4441223798405e-19,-3.4489452397987e-24,1.6704444286404e-11
1920,0,0,1920,9.6901852496619e-09,4.6425889063395e-19,-3.5922441296315e-24,1.6704458594129e-11
1921,0,0,1921,9.6734807767847e-09,4.8495347185203e-19,-3.7457192004743e-24,1.670447287723e-11
1922,0,0,1922,9.656776289649e-09,5.0655209275449e-19,-3.9093503833443e-24,1.6704487135711e-11
1923,0,0,1923,9.6400717882794e-09,5.2911097702299e-19,-4.0831580525987e-24,1.6704501369571e-11
1924,0,0,1924,9.6233672727006e-09,5.5268668715866e-19,-4.2672035345567e-24,1.6704515578808e-11
1925,0,0,1925,9.6066627429372e-09,5.7733634998473e-19,-4.4615889715186e-24,1.6704529763424e-11
1926,0,0,1926,9.5899581990137e-09,6.0311787902992e-19,-4.6664567571788e-24,1.6704543923417e-11
1927,0,0,1927,9.573253640955e-09,6.300901923474e-19,-4.8819887104639e-24,1.6704558058791e-11
1928,0,0,1928,9.5565490687854e-09,6.5831342502475e-19,-5.1084051145999e-24,1.6704572169539e-11
1929,0,0,1929,9.5398444825297e-09,6.8784913616102e-19,-5.3459637156648e-24,1.6704586255669e-11
1930,0,0,1930,9.5231398822126e-09,7.1876051046448e-19,-5.594958748926e-24,1.6704600317177e-11
1931,0,0,1931,9.5064352678585e-09,7.5111255488915e-19,-5.8557200408662e-24,1.6704614354061e-11
1932,0,0,1932,9.4897306394922e-09,7.8497229090598e-19,-6.1286122190456e-24,1.6704628366324e-11
1933,0,0,1933,9.4730259971382e-09,8.2040894311583e-19,-6.4140340499839e-24,1.6704642353965e-11
1934,0,0,1934,9.4563213408212e-09,8.5749412497412e-19,-6.7124179163515e-24,1.6704656316985e-11
1935,0,0,1935,9.4396166705659e-09,8.9630202242337e-19,-7.0242294383119e-24,1.6704670255384e-11
1936,0,0,1936,9.4229119863967e-09,9.3690957623184e-19,-7.3499672393343e-24,1.6704684169157e-11
1937,0,0,1937,9.4062072883384e-09,9.7939666382166e-19,-7.690162853757e-24,1.6704698058312e-11
1938,0,0,1938,9.3895025764155e-09,1.0238462813436e-18,-8.0453807714792e-24,1.6704711922844e-11
1939,0,0,1939,9.3727978506528e-09,1.0703447267254e-18,-8.416218614093e-24,1.6704725762753e-11
1940,0,0,1940,9.3560931110747e-09,1.1189817843846e-18,-8.8033074363277e-24,1.6704739578039e-11
1941,0,0,1941,9.339388357706e-09,1.1698509122668e-18,-9.2073121466636e-24,1.6704753368707e-11
1942,0,0,1942,9.3226835905713e-09,1.2230494318317e-18,-9.6289320412613e-24,1.6704767134749e-11
1943,0,0,1943,9.3059788096951e-09,1.2786787215877e-18,-1.006890144583e-23,1.6704780876171e-11
1944,0,0,1944,9.2892740151021e-09,1.3368444147405e-18,-1.0527990460648e-23,1.670479459297e-11
1945,0,0,1945,9.272569206817e-09,1.3976566015062e-18,-1.1007005804594e-23,1.6704808285148e-11
1946,0,0,1946,9.2558643848643e-09,1.461230036615e-18,-1.15067917547e-23,1.6704821952701e-11
1947,0,0,1947,9.2391595492687e-09,1.5276843525178e-18,-1.2028231178401e-23,1.6704835595634e-11
1948,0,0,1948,9.2224547000547e-09,1.5971442787953e-18,-1.2572246656235e-23,1.6704849213946e-11
1949,0,0,1949,9.2057498372471e-09,1.6697398682614e-18,-1.3139801693363e-23,1.6704862807633e-11
1950,0,0,1950,9.1890449608704e-09,1.7456067302435e-18,-1.3731902018758e-23,1.6704876376699e-11
1951,0,0,1951,9.1723400709492e-09,1.8248862715221e-18,-1.4349596971429e-23,1.6704889921143e-11
1952,0,0,1952,9.1556351675083e-09,1.9077259454085e-18,-1.499398097344e-23,1.6704903440963e-11
1953,0,0,1953,9.1389302505721e-09,1.9942795094411e-18,-1.5666195089895e-23,1.6704916936164e-11
1954,0,0,1954,9.1222253201654e-09,2.0847072921836e-18,-1.6367428676401e-23,1.6704930406739e-11
1955,0,0,1955,9.1055203763127e-09,2.1791764696136e-18,-1.7098921114815e-23,1.6704943852694e-11
1956,0,0,1956,9.0888154190387e-09,2.2778613515936e-18,-1.7861963638384e-23,1.6704957274027e-11
1957,0,0,1957,9.0721104483679e-09,2.3809436789286e-18,-1.865790124763e-23,1.6704970670734e-11
1958,0,0,1958,9.0554054643251e-09,2.4886129315173e-18,-1.9488134718571e-23,1.6704984042824e-11
1959,0,0,1959,9.0387004669348e-09,2.6010666481199e-18,-2.0354122705072e-23,1.6704997390286e-11
1960,0,0,1960,9.0219954562217e-09,2.718510758271e-18,-2.1257383937347e-23,1.6705010713128e-11
1961,0,0,1961,9.0052904322103e-09,2.8411599268832e-18,-2.2199499518795e-23,1.6705024011349e-11
1962,0,0,1962,8.9885853949254e-09,2.9692379120962e-18,-2.3182115323561e-23,1.6705037284946e-11
1963,0,0,1963,8.9718803443915e-09,3.1029779369436e-18,-2.4206944497382e-23,1.6705050533919e-11
1964,0,0,1964,8.9551752806332e-09,3.2426230754212e-18,-2.5275770064442e-23,1.6705063758271e-11
1965,0,0,1965,8.9384702036752e-09,3.3884266535602e-18,-2.6390447643154e-23,1.6705076958002e-11
1966,0,0,1966,8.9217651135421e-09,3.5406526661233e-18,-2.7552908273934e-23,1.6705090133106e-11
1967,0,0,1967,8.9050600102585e-09,3.6995762095611e-18,-2.8765161362231e-23,1.6705103283591e-11
1968,0,0,1968,8.888354893849e-09,3.8654839318828e-18,-3.0029297740224e-23,1.6705116409453e-11
1969,0,0,1969,8.8716497643384e-09,4.0386745001191e-18,-3.1347492850783e-23,1.670512951069e-11
1970,0,0,1970,8.854944621751e-09,4.2194590860721e-18,-3.2722010057479e-23,1.6705142587308e-11
1971,0,0,1971,8.8382394661117e-09,4.4081618710698e-18,-3.4155204084593e-23,1.6705155639299e-11
1972,0,0,1972,8.8215342974451e-09,4.605120570469e-18,-3.5649524591256e-23,1.6705168666669e-11
1973,0,0,1973,8.8048291157757e-09,4.8106869786683e-18,-3.7207519884068e-23,1.6705181669418e-11
1974,0,0,1974,8.7881239211281e-09,5.0252275354235e-18,-3.8831840772689e-23,1.6705194647542e-11
1975,0,0,1975,8.7714187135271e-09,5.2491239142806e-18,-4.052524457314e-23,1.6705207601045e-11
1976,0,0,1976,8.7547134929972e-09,5.4827736339696e-18,-4.229059926371e-23,1.6705220529923e-11
1977,0,0,1977,8.738008259563e-09,5.7265906936304e-18,-4.4130887798598e-23,1.6705233434179e-11
1978,0,0,1978,8.7213030132492e-09,5.9810062327719e-18,-4.6049212584615e-23,1.6705246313812e-11
1979,0,0,1979,8.7045977540803e-09,6.2464692168961e-18,-4.804880012648e-23,1.6705259168823e-11
1980,0,0,1980,8.6878924820811e-09,6.5234471497495e-18,-5.0133005846477e-23,1.670527199921e-11
1981,0,0,1981,8.6711871972762e-09,6.8124268131995e-18,-5.2305319084448e-23,1.6705284804975e-11
1982,0,0,1982,8.65448189969e-09,7.1139150357649e-18,-5.4569368284331e-23,1.6705297586115e-11
1983,0,0,1983,8.6377765893474e-09,7.4284394908682e-18,-5.6928926373698e-23,1.6705310342634e-11
1984,0,0,1984,8.6210712662729e-09,7.7565495259121e-18,-5.9387916342951e-23,1.6705323074529e-11
1985,0,0,1985,8.6043659304911e-09,8.0988170233217e-18,-6.1950417031127e-23,1.67053357818e-11
1986,0,0,1986,8.5876605820266e-09,8.4558372947332e-18,-6.4620669125483e-23,1.6705348464451e-11
1987,0,0,1987,8.5709552209041e-09,8.8282300095524e-18,-6.7403081382274e-23,1.6705361122476e-11
1988,0,0,1988,8.5542498471483e-09,9.2166401591461e-18,-7.0302237076462e-23,1.6705373755878e-11
1989,0,0,1989,8.5375444607836e-09,9.6217390579763e-18,-7.3322900688276e-23,1.6705386364657e-11
1990,0,0,1990,8.5208390618348e-09,1.0044225383031e-17,-7.6470024834907e-23,1.6705398948815e-11
1991,0,0,1991,8.5041336503265e-09,1.0484826252953e-17,-7.974875745584e-23,1.6705411508347e-11
1992,0,0,1992,8.4874282262832e-09,1.0944298348315e-17,-8.3164449260646e-23,1.6705424043257e-11
1993,0,0,1993,8.4707227897297e-09,1.142342907455e-17,-8.6722661448357e-23,1.6705436553545e-11
1994,0,0,1994,8.4540173406904e-09,1.1923037769068e-17,-9.0429173707847e-23,1.6705449039207e-11
1995,0,0,1995,8.4373118791902e-09,1.24439769542e-17,-9.4289992508946e-23,1.6705461500246e-11
1996,0,0,1996,8.4206064052535e-09,1.2987133637595e-17,-9.8311359694365e-23,1.6705473936664e-11
1997,0,0,1997,8.4039009189051e-09,1.3553430661809e-17,-1.0249976138282e-22,1.6705486348458e-11
1998,0,0,1998,8.3871954201694e-09,1.414382810487e-17,-1.0686193719409e-22,1.6705498735626e-11
1999,0,0,1999,8.3704899090713e-09,1.4759324733639e-17,-1.1140488980709e-22,1.6705511098173e-11
2000,0,0,2000,8.3537843856352e-09,1.5400959511884e-17,-1.1613589486244e-22,1.6705523436095e-11
2001,0,0,2001,8.3370788498858e-09,1.6069813165041e-17,-1.2106251122131e-22,1.6705535749396e-11
2002,0,0,2002,8.3203733018477e-09,1.6767009803675e-17,-1.2619259159276e-22,1.6705548038071e-11
2003,0,0,2003,8.3036677415456e-09,1.7493718607775e-17,-1.3153429354218e-22,1.6705560302123e-11
2004,0,0,2004,8.286962169004e-09,1.8251155574039e-17,-1.3709609089383e-22,1.6705572541553e-11
2005,0,0,2005,8.2702565842477e-09,1.9040585328409e-17,-1.4288678554086e-22,1.6705584756357e-11
2006,0,0,2006,8.2535509873011e-09,1.9863323006181e-17,-1.4891551967668e-22,1.6705596946539e-11
2007,0,0,2007,8.236845378189e-09,2.0720736202103e-17,-1.5519178846202e-22,1.6705609112096e-11
2008,0,0,2008,8.220139756936e-09,2.1614246992945e-17,-1.6172545314226e-22,1.6705621253031e-11
2009,0,0,2009,8.2034341235667e-09,2.2545334035101e-17,-1.685267546304e-22,1.6705633369341e-11
2010,0,0,2010,8.1867284781056e-09,2.3515534739915e-17,-1.7560632757121e-22,1.6705645461027e-11
2011,0,0,2011,8.1700228205776e-09,2.4526447529433e-17,-1.8297521490285e-22,1.670565752809e-11
2012,0,0,2012,8.153317151007e-09,2.5579734175469e-17,-1.9064488293253e-22,1.670566957053e-11
2013,0,0,2013,8.1366114694187e-09,2.6677122224881e-17,-1.9862723694351e-22,1.6705681588346e-11
2014,0,0,2014,8.1199057758371e-09,2.7820407514113e-17,-2.0693463735099e-22,1.6705693581535e-11
2015,0,0,2015,8.103200070287e-09,2.9011456776132e-17,-2.1557991642548e-22,1.6705705550104e-11
2016,0,0,2016,8.086494352793e-09,3.0252210342995e-17,-2.2457639560216e-22,1.6705717494048e-11
2017,0,0,2017,8.0697886233796e-09,3.1544684947392e-17,-2.3393790339587e-22,1.6705729413366e-11
2018,0,0,2018,8.0530828820716e-09,3.2890976626628e-17,-2.4367879394176e-22,1.6705741308063e-11
2019,0,0,2019,8.0363771288934e-09,3.4293263732607e-17,-2.538139661821e-22,1.6705753178135e-11
2020,0,0,2020,8.0196713638699e-09,3.5753810051506e-17,-2.6435888372066e-22,1.6705765023581e-11
2021,0,0,2021,8.0029655870254e-09,3.7274968036956e-17,-2.7532959536656e-22,1.6705776844405e-11
2022,0,0,2022,7.9862597983848e-09,3.8859182160658e-17,-2.8674275639013e-22,1.6705788640603e-11
2023,0,0,2023,7.9695539979727e-09,4.0508992384493e-17,-2.9861565051413e-22,1.6705800412179e-11
2024,0,0,2024,7.9528481858135e-09,4.2227037758329e-17,-3.1096621266429e-22,1.670581215913e-11
2025,0,0,2025,7.9361423619321e-09,4.4016060147853e-17,-3.2381305250383e-22,1.6705823881457e-11
2026,0,0,2026,7.9194365263529e-09,4.58789080969e-17,-3.3717547877752e-22,1.6705835579159e-11
2027,0,0,2027,7.9027306791007e-09,4.7818540828897e-17,-3.5107352449144e-22,1.6705847252236e-11
2028,0,0,2028,7.8860248202e-09,4.9838032392187e-17,-3.6552797295542e-22,1.6705858900691e-11
2029,0,0,2029,7.8693189496755e-09,5.1940575954153e-17,-3.8056038471601e-22,1.6705870524521e-11
2030,0,0,2030,7.8526130675517e-09,5.4129488249229e-17,-3.9619312540868e-22,1.6705882123724e-11
2031,0,0,2031,7.8359071738534e-09,5.6408214186016e-17,-4.1244939455857e-22,1.6705893698305e-11
2032,0,0,2032,7.8192012686052e-09,5.8780331618947e-17,-4.293532553604e-22,1.6705905248261e-11
2033,0,0,2033,7.8024953518316e-09,6.1249556290044e-17,-4.4692966546854e-22,1.6705916773593e-11
2034,0,0,2034,7.7857894235573e-09,6.3819746946561e-17,-4.6520450882966e-22,1.6705928274297e-11
2035,0,0,2035,7.7690834838069e-09,6.6494910640434e-17,-4.8420462859089e-22,1.6705939750381e-11
2036,0,0,2036,7.7523775326051e-09,6.927920821567e-17,-5.0395786111777e-22,1.6705951201838e-11
2037,0,0,2037,7.7356715699764e-09,7.2176959990018e-17,-5.2449307115691e-22,1.670596262867e-11
2038,0,0,2038,7.7189655959455e-09,7.5192651637419e-17,-5.4584018817959e-22,1.6705974030878e-11
2039,0,0,2039,7.7022596105371e-09,7.833094027799e-17,-5.6803024394342e-22,1.6705985408461e-11
2040,0,0,2040,7.6855536137756e-09,8.1596660782466e-17,-5.9109541131025e-22,1.6705996761419e-11
2041,0,0,2041,7.6688476056859e-09,8.4994832298266e-17,-6.150690443598e-22,1.6706008089752e-11
2042,0,0,2042,7.6521415862924e-09,8.8530665004561e-17,-6.3998571983924e-22,1.6706019393461e-11
2043,0,0,2043,7.6354355556199e-09,9.2209567103956e-17,-6.6588127999061e-22,1.6706030672542e-11
2044,0,0,2044,7.6187295136929e-09,9.6037152058645e-17,-6.927928767987e-22,1.6706041927003e-11
2045,0,0,2045,7.6020234605361e-09,1.0001924607911e-16,-7.2075901770342e-22,1.6706053156833e-11
2046,0,0,2046,7.585317396174e-09,1.041618958737e-16,-7.4981961282212e-22,1.6706064362042e-11
2047,0,0,2047,7.5686113206314e-09,1.0847137666778e-16,-7.8001602372812e-22,1.6706075542623e-11
2048,0,0,2048,7.5519052339328e-09,1.1295420050112e-16,-8.1139111383359e-22,1.6706086698582e-11
2049,0,0,2049,7.5351991361029e-09,1.1761712481286e-16,-8.4398930042576e-22,1.6706097829912e-11
2050,0,0,2050,7.5184930271663e-09,1.224671613234e-16,-8.7785660840726e-22,1.6706108936619e-11
2051,0,0,2051,7.5017869071476e-09,1.275115852228e-16,-9.1304072579232e-22,1.6706120018699e-11
2052,0,0,2052,7.4850807760714e-09,1.3275794467591e-16,-9.4959106101247e-22,1.6706131076155e-11
2053,0,0,2053,7.4683746339624e-09,1.3821407065429e-16,-9.8755880208659e-22,1.6706142108984e-11
2054,0,0,2054,7.4516684808453e-09,1.4388808710574e-16,-1.0269969777117e-21,1.6706153117186e-11
2055,0,0,2055,7.4349623167445e-09,1.4978842147221e-16,-1.0679605203323e-21,1.6706164100766e-11
2056,0,0,2056,7.4182561416848e-09,1.5592381556751e-16,-1.1105063312484e-21,1.6706175059718e-11
2057,0,0,2057,7.4015499556907e-09,1.623033368262e-16,-1.1546933478225e-21,1.6706185994044e-11
2058,0,0,2058,7.384843758787e-09,1.6893638993586e-16,-1.2005826128493e-21,1.6706196903743e-11
2059,0,0,2059,7.3681375509982e-09,1.7583272886488e-16,-1.2482373461518e-21,1.6706207788818e-11
2060,0,0,2060,7.3514313323489e-09,1.8300246929842e-16,-1.2977230184707e-21,1.6706218649266e-11
2061,0,0,2061,7.3347251028638e-09,1.9045610149574e-16,-1.3491074277154e-21,1.6706229485088e-11
2062,0,0,2062,7.3180188625675e-09,1.9820450358217e-16,-1.4024607776449e-21,1.6706240296282e-11
2063,0,0,2063,7.3013126114847e-09,2.0625895528964e-16,-1.4578557590523e-21,1.6706251082851e-11
2064,0,0,2064,7.2846063496399e-09,2.1463115215995e-16,-1.5153676335257e-21,1.6706261844795e-11
2065,0,0,2065,7.2679000770578e-09,2.2333322022548e-16,-1.5750743198602e-21,1.6706272582109e-11
2066,0,0,2066,7.251193793763e-09,2.3237773118238e-16,-1.6370564832e-21,1.6706283294799e-11
2067,0,0,2067,7.2344874997801e-09,2.4177771807183e-16,-1.7013976269893e-21,1.6706293982861e-11
2068,0,0,2068,7.2177811951338e-09,2.5154669148516e-16,-1.7681841878139e-21,1.6706304646297e-11
2069,0,0,2069,7.2010748798487e-09,2.6169865630957e-16,-1.8375056332167e-21,1.6706315285104e-11
2070,0,0,2070,7.1843685539494e-09,2.7224812903097e-16,-1.9094545625741e-21,1.6706325899286e-11
2071,0,0,2071,7.1676622174606e-09,2.8321015561175e-16,-1.9841268111204e-21,1.670633648884e-11
2072,0,0,2072,7.1509558704068e-09,2.9460032996098e-16,-2.0616215572105e-21,1.6706347053766e-11
2073,0,0,2073,7.1342495128128e-09,3.0643481301575e-16,-2.1420414329145e-21,1.6706357594067e-11
2074,0,0,2074,7.117543144703e-09,3.1873035245243e-16,-2.225492638038e-21,1.6706368109737e-11
2075,0,0,2075,7.1008367661022e-09,3.3150430304727e-16,-2.3120850576659e-21,1.6706378600782e-11
2076,0,0,2076,7.084130377035e-09,3.4477464770655e-16,-2.4019323833299e-21,1.6706389067198e-11
2077,0,0,2077,7.067423977526e-09,3.5856001918666e-16,-2.4951522379004e-21,1.6706399508987e-11
2078,0,0,2078,7.0507175675999e-09,3.7287972252539e-16,-2.5918663043096e-21,1.6706409926147e-11
2079,0,0,2079,7.0340111472812e-09,3.8775375820611e-16,-2.6922004582112e-21,1.6706420318679e-11
2080,0,0,2080,7.0173047165946e-09,4.0320284607731e-16,-2.7962849046868e-21,1.6706430686582e-11
2081,0,0,2081,7.0005982755648e-09,4.1924845005031e-16,-2.9042543191134e-21,1.6706441029858e-11
2082,0,0,2082,6.9838918242163e-09,4.3591280359895e-16,-3.0162479923033e-21,1.6706451348504e-11
2083,0,0,2083,6.9671853625738e-09,4.5321893608535e-16,-3.1324099800389e-21,1.6706461642521e-11
2084,0,0,2084,6.9504788906618e-09,4.7119069993684e-16,-3.2528892571187e-21,1.670647191191e-11
2085,0,0,2085,6.9337724085052e-09,4.8985279869949e-16,-3.3778398760408e-21,1.670648215667e-11
2086,0,0,2086,6.9170659161284e-09,5.0923081599479e-16,-3.5074211304492e-21,1.67064923768e-11
2087,0,0,2087,6.9003594135561e-09,5.2935124540623e-16,-3.6417977234711e-21,1.67065025723e-11
2088,0,0,2088,6.8836529008129e-09,5.502415213238e-16,-3.7811399410794e-21,1.6706512743172e-11
2089,0,0,2089,6.8669463779235e-09,5.719300507747e-16,-3.9256238306127e-21,1.6706522889413e-11
2090,0,0,2090,6.8502398449125e-09,5.9444624626969e-16,-4.0754313845933e-21,1.6706533011024e-11
2091,0,0,2091,6.8335333018045e-09,6.1782055969501e-16,-4.2307507299825e-21,1.6706543108005e-11
2092,0,0,2092,6.8168267486241e-09,6.4208451728074e-16,-4.3917763230179e-21,1.6706553180356e-11
2093,0,0,2093,6.800120185396e-09,6.6727075567732e-16,-4.5587091497804e-21,1.6706563228076e-11
2094,0,0,2094,6.7834136121449e-09,6.9341305917257e-16,-4.73175693264e-21,1.6706573251165e-11
2095,0,0,2095,6.7667070288952e-09,7.2054639808271e-16,-4.9111343427353e-21,1.6706583249623e-11
2096,0,0,2096,6.7500004356718e-09,7.4870696835145e-16,-5.0970632186425e-21,1.6706593223449e-11
2097,0,0,2097,6.7332938324992e-09,7.779322323923e-16,-5.2897727913945e-21,1.6706603172644e-11
2098,0,0,2098,6.7165872194019e-09,8.0826096121006e-16,-5.4894999160129e-21,1.6706613097207e-11
2099,0,0,2099,6.6998805964048e-09,8.3973327783835e-16,-5.6964893097209e-21,1.6706622997138e-11
2100,0,0,2100,6.6831739635324e-09,8.7239070213119e-16,-5.910993797005e-21,1.6706632872437e-11
2101,0,0,2101,6.6664673208093e-09,9.0627619694722e-16,-6.1332745617018e-21,1.6706642723104e-11
2102,0,0,2102,6.6497606682601e-09,9.4143421576648e-16,-6.3636014062852e-21,1.6706652549138e-11
2103,0,0,2103,6.6330540059096e-09,9.7791075178049e-16,-6.6022530185355e-21,1.6706662350537e-11
2104,0,0,2104,6.6163473337823e-09,1.0157533884975e-15,-6.8495172457761e-21,1.6706672127304e-11
2105,0,0,2105,6.5996406519028e-09,1.0550113519056e-15,-7.1056913768636e-21,1.6706681879438e-11
2106,0,0,2106,6.5829339602959e-09,1.0957355642378e-15,-7.3710824321274e-21,1.6706691606936e-11
2107,0,0,2107,6.5662272589861e-09,1.1379786993839e-15,-7.6460074614525e-21,1.6706701309801e-11
2108,0,0,2108,6.5495205479981e-09,1.1817952399956e-15,-7.9307938507084e-21,1.6706710988031e-11
2109,0,0,2109,6.5328138273565e-09,1.2272415363311e-15,-8.2257796367285e-21,1.6706720641626e-11
2110,0,0,2110,6.5161070970859e-09,1.2743758668894e-15,-8.5313138310519e-21,1.6706730270585e-11
2111,0,0,2111,6.499400357211e-09,1.3232585008819e-15,-8.8477567526416e-21,1.6706739874909e-11
2112,0,0,2112,6.4826936077564e-09,1.3739517625935e-15,-9.1754803698014e-21,1.6706749454597e-11
2113,0,0,2113,6.4659868487467e-09,1.4265200976847e-15,-9.5148686515181e-21,1.6706759009648e-11
2114,0,0,2114,6.4492800802067e-09,1.4810301414884e-15,-9.8663179284618e-21,1.6706768540062e-11
2115,0,0,2115,6.4325733021608e-09,1.5375507893552e-15,-1.0230237263885e-20,1.6706778045839e-11
2116,0,0,2116,6.4158665146338e-09,1.5961532691047e-15,-1.0607048834669e-20,1.6706787526978e-11
2117,0,0,2117,6.3991597176504e-09,1.6569112156393e-15,-1.0997188322766e-20,1.6706796983479e-11
2118,0,0,2118,6.382452911235e-09,1.7199007477792e-15,-1.1401105317318e-20,1.6706806415341e-11
2119,0,0,2119,6.3657460954125e-09,1.7852005473798e-15,-1.1819263727699e-20,1.6706815822564e-11
2120,0,0,2120,6.3490392702073e-09,1.852891940793e-15,-1.2252142207794e-20,1.6706825205148e-11
2121,0,0,2121,6.3323324356442e-09,1.9230589827365e-15,-1.2700234591784e-20,1.6706834563091e-11
2122,0,0,2122,6.3156255917478e-09,1.9957885426358e-15,-1.3164050341758e-20,1.6706843896395e-11
2123,0,0,2123,6.2989187385428e-09,2.0711703935057e-15,-1.3644115007465e-20,1.6706853205055e-11
2124,0,0,2124,6.2822118760537e-09,2.1492973034424e-15,-1.4140970698532e-20,1.6706862489077e-11
2125,0,0,2125,6.2655050043052e-09,2.2302651297932e-15,-1.4655176569505e-20,1.6706871748455e-11
2126,0,0,2126,6.248798123322e-09,2.3141729160808e-15,-1.5187309318056e-20,1.6706880983189e-11
2127,0,0,2127,6.2320912331288e-09,2.4011229917534e-15,-1.5737963696739e-20,1.6706890193281e-11
2128,0,0,2128,6.21538433375e-09,2.49122107484e-15,-1.6307753038674e-20,1.670689937873e-11
2129,0,0,2129,6.1986774252105e-09,2.5845763775889e-15,-1.6897309797559e-20,1.6706908539533e-11
2130,0,0,2130,6.1819705075348e-09,2.6813017151714e-15,-1.7507286102417e-20,1.670691767569e-11
2131,0,0,2131,6.1652635807476e-09,2.7815136175332e-15,-1.8138354327496e-20,1.6706926787203e-11
2132,0,0,2132,6.1485566448735e-09,2.8853324444821e-15,-1.8791207677754e-20,1.6706935874068e-11
2133,0,0,2133,6.1318496999373e-09,2.9928825040973e-15,-1.9466560790336e-20,1.6706944936286e-11
2134,0,0,2134,6.1151427459634e-09,3.104292174553e-15,-2.0165150352496e-20,1.6706953973857e-11
2135,0,0,2135,6.0984357829766e-09,3.21969402945e-15,-2.0887735736348e-20,1.6706962986778e-11
2136,0,0,2136,6.0817288110016e-09,3.3392249667476e-15,-2.163509965087e-20,1.670697197505e-11
2137,0,0,2137,6.0650218300629e-09,3.4630263413969e-15,-2.2408048811517e-20,1.6706980938672e-11
2138,0,0,2138,6.0483148401853e-09,3.5912441017714e-15,-2.3207414627785e-20,1.6706989877642e-11
2139,0,0,2139,6.0316078413933e-09,3.724028929998e-15,-2.403405390901e-20,1.670699879196e-11
2140,0,0,2140,6.0149008337117e-09,3.8615363862887e-15,-2.488884958862e-20,1.6707007681626e-11
2141,0,0,2141,5.998193817165e-09,4.003927057377e-15,-2.5772711466986e-20,1.6707016546638e-11
2142,0,0,2142,5.981486791778e-09,4.151366709161e-15,-2.6686576972914e-20,1.6707025386995e-11
2143,0,0,2143,5.9647797575753e-09,4.3040264436566e-15,-2.7631411943689e-20,1.6707034202697e-11
2144,0,0,2144,5.9480727145816e-09,4.4620828603609e-15,-2.8608211423483e-20,1.6707042993742e-11
2145,0,0,2145,5.9313656628215e-09,4.6257182221275e-15,-2.9618000479748e-20,1.6707051760129e-11
2146,0,0,2146,5.9146586023196e-09,4.7951206256471e-15,-3.0661835037051e-20,1.6707060501857e-11
2147,0,0,2147,5.8979515331007e-09,4.9704841766285e-15,-3.1740802727638e-20,1.6707069218926e-11
2148,0,0,2148,5.8812444551893e-09,5.1520091697654e-15,-3.2856023757775e-20,1.6707077911335e-11
2149,0,0,2149,5.8645373686103e-09,5.3399022735707e-15,-3.4008651788755e-20,1.6707086579081e-11
2150,0,0,2150,5.8478302733881e-09,5.534376720152e-15,-3.5199874831217e-20,1.6707095222165e-11
2151,0,0,2151,5.8311231695475e-09,5.7356524999932e-15,-3.6430916151259e-20,1.6707103840583e-11
2152,0,0,2152,5.8144160571132e-09,5.943956561798e-15,-3.770303518668e-20,1.6707112434336e-11
2153,0,0,2153,5.7977089361098e-09,6.1595230174422e-15,-3.90175284716e-20,1.6707121003423e-11
2154,0,0,2154,5.7810018065619e-09,6.3825933520705e-15,-4.0375730567711e-20,1.6707129547841e-11
2155,0,0,2155,5.7642946684943e-09,6.6134166393666e-15,-4.177901500059e-20,1.670713806759e-11
2156,0,0,2156,5.7475875219317e-09,6.8522497620178e-15,-4.322879519987e-20,1.6707146562669e-11
2157,0,0,2157,5.7308803668986e-09,7.0993576373921e-15,-4.4726525442753e-20,1.6707155033075e-11
2158,0,0,2158,5.7141732034198e-09,7.3550134484499e-15,-4.6273701801468e-20,1.6707163478807e-11
2159,0,0,2159,5.6974660315199e-09,7.6194988799251e-15,-4.7871863096999e-20,1.6707171899864e-11
2160,0,0,2160,5.6807588512237e-09,7.8931043598367e-15,-4.9522591864007e-20,1.6707180296245e-11
2161,0,0,2161,5.6640516625557e-09,8.1761293064422e-15,-5.1227515335587e-20,1.6707188667946e-11
2162,0,0,2162,5.6473444655408e-09,8.4688823808176e-15,-5.2988306461961e-20,1.6707197014969e-11
2163,0,0,2163,5.6306372602034e-09,8.7716817453745e-15,-5.4806684984799e-20,1.6707205337309e-11
2164,0,0,2164,5.6139300465685e-09,9.0848553287979e-15,-5.6684418599633e-20,1.6707213634967e-11
2165,0,0,2165,5.5972228246605e-09,9.408741098156e-15,-5.8623324253804e-20,1.6707221907938e-11
2166,0,0,2166,5.5805155945043e-09,9.7436873393053e-15,-6.0625269648028e-20,1.6707230156223e-11
2167,0,0,2167,5.5638083561245e-09,1.009005294725e-14,-6.2692175038082e-20,1.6707238379819e-11
2168,0,0,2168,5.5471011095458e-09,1.0448207728862e-14,-6.4826015471684e-20,1.6707246578724e-11
2169,0,0,2169,5.5303938547928e-09,1.0818532721391e-14,-6.7028823647802e-20,1.6707254752937e-11
2170,0,0,2170,5.5136865918904e-09,1.1201420531641e-14,-6.9302693655284e-20,1.6707262902454e-11
2171,0,0,2171,5.4969793208631e-09,1.159727570258e-14,-7.164978593995e-20,1.6707271027276e-11
2172,0,0,2172,5.4802720417357e-09,1.2006515116779e-14,-7.4072333969861e-20,1.6707279127396e-11
2173,0,0,2173,5.4635647545329e-09,1.2429568449508e-14,-7.6572653224018e-20,1.6707287202817e-11
2174,0,0,2174,5.4468574592794e-09,1.2866878688885e-14,-7.9153153327175e-20,1.6707295253534e-11
2175,0,0,2175,5.4301501559998e-09,1.3318902746339e-14,-8.1816354399296e-20,1.6707303279545e-11
2176,0,0,2176,5.413442844719e-09,1.3786112188258e-14,-8.4564908987251e-20,1.6707311280847e-11
2177,0,0,2177,5.3967355254615e-09,1.426899412914e-14,-8.7401631299727e-20,1.6707319257439e-11
2178,0,0,2178,5.3800281982522e-09,1.4768052338355e-14,-9.0329535867933e-20,1.6707327209317e-11
2179,0,0,2179,5.3633208631157e-09,1.5283808626682e-14,-9.3351888187203e-20,1.670733513648e-11
2180,0,0,2180,5.3466135200768e-09,1.581680459532e-14,-9.647227032335e-20,1.6707343038923e-11
2181,0,0,2181,5.3299061691602e-09,1.6367603848542e-14,-9.9694664833247e-20,1.6707350916645e-11
2182,0,0,2182,5.3131988103905e-09,1.6936794790866e-14,-1.0302356056057e-19,1.6707358769644e-11
2183,0,0,2183,5.2964914437926e-09,1.7524994148854e-14,-1.0646408379594e-19,1.6707366597915e-11
2184,0,0,2184,5.2797840693911e-09,1.8132851374111e-14,-1.1002215777149e-19,1.6707374401455e-11
2185,0,0,2185,5.2630766872109e-09,1.8761054094061e-14,-1.1370469231087e-19,1.6707382180262e-11
2186,0,0,2186,5.2463692972766e-09,1.9410334776564e-14,-1.1751980353303e-19,1.6707389934332e-11
2187,0,0,2187,5.2296618996142e-09,2.008071012455e-14,-1.2133793798545e-19,1.6707397662348e-11
2188,0,0,2188,5.2129544942485e-09,2.0773971739007e-14,-1.2548035221689e-19,1.6707405365732e-11
2189,0,0,2189,5.1962470812029e-09,2.1490006201439e-14,-1.2960223770006e-19,1.6707413045573e-11
2190,0,0,2190,5.1795396605022e-09,2.2229509259128e-14,-1.3385005344179e-19,1.6707420700664e-11
2191,0,0,2191,5.1628322321712e-09,2.2993198082749e-14,-1.3822767707536e-19,1.6707428331002e-11
2192,0,0,2192,5.1461247962347e-09,2.378181250987e-14,-1.4273921130887e-19,1.6707435936582e-11
2193,0,0,2193,5.1294173527173e-09,2.4596115633591e-14,-1.4738886539357e-19,1.6707443517401e-11
2194,0,0,2194,5.1127099016438e-09,2.5436894116983e-14,-1.521809054939e-19,1.6707451073455e-11
2195,0,0,2195,5.0960024430391e-09,2.6304958435273e-14,-1.5711964161049e-19,1.670745860474e-11
2196,0,0,2196,5.0792949769278e-09,2.7201143143656e-14,-1.6220943221728e-19,1.6707466111252e-11
2197,0,0,2197,5.0625875033348e-09,2.812630721057e-14,-1.6745469611159e-19,1.6707473592987e-11
2198,0,0,2198,5.0458800222849e-09,2.908133442596e-14,-1.7285992598544e-19,1.670748104994e-11
2199,0,0,2199,5.0291725338028e-09,3.0067133879732e-14,-1.7842970113278e-19,1.6707488482107e-11
2200,0,0,2200,5.0124650379133e-09,3.108464050026e-14,-1.8416869831551e-19,1.6707495889484e-11
2201,0,0,2201,4.9957575346412e-09,3.2134815641921e-14,-1.9008170064069e-19,1.6707503272064e-11
2202,0,0,2202,4.9790500240114e-09,3.3218647711971e-14,-1.9617360467909e-19,1.6707510629846e-11
2203,0,0,2203,4.9623425060486e-09,3.4337152829023e-14,-2.0244942618647e-19,1.6707517962822e-11
2204,0,0,2204,4.9456349807776e-09,3.549137550744e-14,-2.089143047935e-19,1.6707525270989e-11
2205,0,0,2205,4.9289274482232e-09,3.6682389363681e-14,-2.1557350797954e-19,1.6707532554341e-11
2206,0,0,2206,4.9122199084104e-09,3.7911297842011e-14,-2.2243243457779e-19,1.6707539812873e-11
2207,0,0,2207,4.8955123613638e-09,3.9179234957998e-14,-2.2949661799352e-19,1.6707547046579e-11
2208,0,0,2208,4.8788048071083e-09,4.0487366058892e-14,-2.3677172926196e-19,1.6707554255455e-11
2209,0,0,2209,4.8620972456688e-09,4.1836888600492e-14,-2.4426358002951e-19,1.6707561439493e-11
2210,0,0,2210,4.8453896770701e-09,4.3229032940333e-14,-2.5197812551115e-19,1.670756859869e-11
2211,0,0,2211,4.8286821013371e-09,4.4665063147269e-14,-2.5992146745544e-19,1.6707575733038e-11
2212,0,0,2212,4.8119745184946e-09,4.6146277827574e-14,-2.6809985713523e-19,1.670758284253e-11
2213,0,0,2213,4.7952669285674e-09,4.7674010967757e-14,-2.7651969837322e-19,1.6707589927163e-11
2214,0,0,2214,4.7785593315805e-09,4.9249632794316e-14,-2.8518755060715e-19,1.6707596986928e-11
2215,0,0,2215,4.7618517275587e-09,5.0874550650652e-14,-2.9411013199676e-19,1.670760402182e-11
2216,0,0,2216,4.7451441165268e-09,5.2550209891389e-14,-3.0329432257349e-19,1.6707611031831e-11
2217,0,0,2217,4.7284364985099e-09,5.4278094794338e-14,-3.1274716743362e-19,1.6707618016956e-11
2218,0,0,2218,4.7117288735327e-09,5.6059729490333e-14,-3.2247587997525e-19,1.6707624977186e-11
2219,0,0,2219,4.6950212416202e-09,5.7896678911216e-14,-3.3248784517972e-19,1.6707631912514e-11
2220,0,0,2220,4.6783136027972e-09,5.9790549756177e-14,-3.4279062293798e-19,1.6707638822935e-11
2221,0,0,2221,4.6616059570888e-09,6.1742991476742e-14,-3.533919514223e-19,1.6707645708438e-11
2222,0,0,2222,4.6448983045198e-09,6.3755697280629e-14,-3.6429975050346e-19,1.6707652569018e-11
2223,0,0,2223,4.6281906451151e-09,6.5830405154737e-14,-3.7552212521367e-19,1.6707659404666e-11
2224,0,0,2224,4.6114829788997e-09,6.7968898907525e-14,-3.8706736925462e-19,1.6707666215373e-11
2225,0,0,2225,4.5947753058986e-09,7.0173009231009e-14,-3.989439685505e-19,1.6707673001133e-11
2226,0,0,2226,4.5780676261367e-09,7.2444614782638e-14,-4.1116060484495e-19,1.6707679761937e-11
2227,0,0,2227,4.5613599396389e-09,7.4785643287285e-14,-4.2372615934104e-19,1.6707686497773e-11
2228,0,0,2228,4.5446522464303e-09,7.7198072659567e-14,-4.3664971638312e-19,1.6707693208638e-11
2229,0,0,2229,4.5279445465357e-09,7.9683932146745e-14,-4.4994056717917e-19,1.6707699894518e-11
2230,0,0,2230,4.5112368399803e-09,8.2245303492393e-14,-4.636082135622e-19,1.6707706555406e-11
2231,0,0,2231,4.494529126789e-09,8.4884322121062e-14,-4.7766237178917e-19,1.6707713191292e-11
2232,0,0,2232,4.4778214069869e-09,8.7603178344134e-14,-4.9211297637599e-19,1.6707719802167e-11
2233,0,0,2233,4.4611136805989e-09,9.0404118587045e-14,-5.0697018396688e-19,1.670772638802e-11
2234,0,0,2234,4.44440594765e-09,9.3289446638075e-14,-5.2224437723652e-19,1.6707732948842e-11
2235,0,0,2235,4.4276982081654e-09,9.6261524918869e-14,-5.3794616882366e-19,1.6707739484622e-11
2236,0,0,2236,4.41099046217e-09,9.9322775776848e-14,-5.5408640529425e-19,1.6707745995348e-11
2237,0,0,2237,4.394282709689e-09,1.0247568279968e-13,-5.7067617113288e-19,1.6707752481012e-11
2238,0,0,2238,4.3775749507474e-09,1.0572279215195e-13,-5.877267927609e-19,1.6707758941602e-11
2239,0,0,2239,4.3608671853703e-09,1.0906671393416e-13,-6.0524984257961e-19,1.6707765377106e-11
2240,0,0,2240,4.3441594135828e-09,1.125101235642e-13,-6.2325714303706e-19,1.6707771787513e-11
2241,0,0,2241,4.32745163541e-09,1.1605576318142e-13,-6.4176077071695e-19,1.6707778172811e-11
2242,0,0,2242,4.310743850877e-09,1.197064430734e-13,-6.60773060448e-19,1.6707784532988e-11
2243,0,0,2243,4.294036060009e-09,1.2346504312551e-13,-6.8030660943214e-19,1.6707790868032e-11
2244,0,0,2244,4.277328262831e-09,1.2733451429341e-13,-7.0037428138993e-19,1.6707797177931e-11
2245,0,0,2245,4.2606204593684e-09,1.313178800985e-13,-7.2098921072145e-19,1.670780346267e-11
2246,0,0,2246,4.2439126496461e-09,1.3541823814646e-13,-7.4216480668087e-19,1.6707809722238e-11
2247,0,0,2247,4.2272048336895e-09,1.3963876166891e-13,-7.6391475756282e-19,1.6707815956622e-11
2248,0,0,2248,4.2104970115237e-09,1.4398270108824e-13,-7.8625303489862e-19,1.6707822165807e-11
2249,0,0,2249,4.1937891831739e-09,1.484533856057e-13,-8.0919389766031e-19,1.6707828349779e-11
2250,0,0,2250,4.1770813486654e-09,1.5305422481272e-13,-8.3275189647034e-19,1.6707834508526e-11
2251,0,0,2251,4.1603735080234e-09,1.577887103255e-13,-8.5694187781472e-19,1.670784064203e-11
2252,0,0,2252,4.1436656612731e-09,1.6266041744295e-13,-8.8177898825718e-19,1.6707846750278e-11
2253,0,0,2253,4.1269578084398e-09,1.6767300682776e-13,-9.0727867865193e-19,1.6707852833257e-11
2254,0,0,2254,4.1102499495489e-09,1.7283022621093e-13,-9.3345670835256e-19,1.6707858890948e-11
2255,0,0,2255,4.0935420846256e-09,1.7813591211929e-13,-9.6032914941413e-19,1.6707864923339e-11
2256,0,0,2256,4.0768342136951e-09,1.835939916264e-13,-9.8791239078593e-19,1.670787093041e-11
2257,0,0,2257,4.060126336783e-09,1.8920848412635e-13,-1.0162231424917e-18,1.6707876912148e-11
2258,0,0,2258,4.0434184539145e-09,1.9498350313074e-13,-1.0452784397949e-18,1.6707882868534e-11
2259,0,0,2259,4.0267105651149e-09,2.0092325808845e-13,-1.0750956473442e-18,1.6707888799553e-11
2260,0,0,2260,4.0100026704097e-09,2.0703205622822e-13,-1.1056924632988e-18,1.6707894705187e-11
2261,0,0,2261,3.9932947698243e-09,2.1331430442395e-13,-1.137086923427e-18,1.6707900585418e-11
2262,0,0,2262,3.9765868633841e-09,2.1977451108238e-13,-1.1692974051765e-18,1.6707906440229e-11
2263,0,0,2263,3.9598789511145e-09,2.2641728805317e-13,-1.2023426317122e-18,1.67079122696e-11
2264,0,0,2264,3.943171033041e-09,2.33247352561e-13,-1.2362416759176e-18,1.6707918073514e-11
2265,0,0,2265,3.926463109189e-09,2.4026952915965e-13,-1.2710139643557e-18,1.6707923851953e-11
2266,0,0,2266,3.9097551795841e-09,2.4748875170764e-13,-1.3066792811862e-18,1.6707929604894e-11
2267,0,0,2267,3.8930472442518e-09,2.5491006536528e-13,-1.3432577720334e-18,1.6707935332322e-11
2268,0,0,2268,3.8763393032176e-09,2.6253862861281e-13,-1.3807699478019e-18,1.6707941034211e-11
2269,0,0,2269,3.859631356507e-09,2.7037971528924e-13,-1.4192366884343e-18,1.6707946710548e-11
2270,0,0,2270,3.8429234041457e-09,2.7843871665171e-13,-1.4586792466077e-18,1.6707952361306e-11
2271,0,0,2271,3.8262154461593e-09,2.8672114345482e-13,-1.4991192513629e-18,1.6707957986467e-11
2272,0,0,2272,3.8095074825732e-09,2.9523262804964e-13,-1.5405787116623e-18,1.670796358601e-11
2273,0,0,2273,3.7927995134133e-09,3.0397892650197e-13,-1.5830800198712e-18,1.670796915991e-11
2274,0,0,2274,3.7760915387052e-09,3.1296592072935e-13,-1.6266459551568e-18,1.6707974708148e-11
2275,0,0,2275,3.7593835584745e-09,3.2219962065643e-13,-1.6712996868007e-18,1.6707980230699e-11
2276,0,0,2276,3.7426755727469e-09,3.3168616638802e-13,-1.7170647774186e-18,1.6707985727543e-11
2277,0,0,2277,3.7259675815483e-09,3.4143183039952e-13,-1.7639651860811e-18,1.6707991198653e-11
2278,0,0,2278,3.7092595849043e-09,3.5144301974389e-13,-1.8120252713315e-18,1.6707996644006e-11
2279,0,0,2279,3.6925515828407e-09,3.6172627827479e-13,-1.8612697940926e-18,1.6708002063581e-11
2280,0,0,2280,3.6758435753834e-09,3.7228828888506e-13,-1.9117239204584e-18,1.6708007457349e-11
2281,0,0,2281,3.6591355625581e-09,3.8313587575999e-13,-1.9634132243622e-18,1.6708012825289e-11
2282,0,0,2282,3.6424275443907e-09,3.9427600664462e-13,-2.0163636901173e-18,1.6708018167372e-11
2283,0,0,2283,3.6257195209071e-09,4.0571579512429e-13,-2.0706017148214e-18,1.6708023483575e-11
2284,0,0,2284,3.6090114921333e-09,4.1746250291777e-13,-2.1261541106197e-18,1.670802877387e-11
2285,0,0,2285,3.592303458095e-09,4.2952354218196e-13,-2.183048106818e-18,1.6708034038231e-11
2286,0,0,2286,3.5755954188184e-09,4.4190647782749e-13,-2.241311351841e-18,1.6708039276632e-11
2287,0,0,2287,3.5588873743293e-09,4.5461902984421e-13,-2.3009719150269e-18,1.6708044489043e-11
2288,0,0,2288,3.5421793246539e-09,4.6766907563565e-13,-2.3620582882507e-18,1.6708049675439e-11
2289,0,0,2289,3.5254712698181e-09,4.8106465236146e-13,-2.4245993873707e-18,1.670805483579e-11
2290,0,0,2290,3.508763209848e-09,4.948139592868e-13,-2.4886245534878e-18,1.6708059970068e-11
2291,0,0,2291,3.4920551447698e-09,5.089253601377e-13,-2.554163554012e-18,1.6708065078243e-11
2292,0,0,2292,3.4753470746095e-09,5.2340738546105e-13,-2.6212465835264e-18,1.6708070160286e-11
2293,0,0,2293,3.4586389993934e-09,5.3826873498835e-13,-2.6899042644417e-18,1.6708075216168e-11
2294,0,0,2294,3.4419309191475e-09,5.5351828000179e-13,-2.7601676474318e-18,1.6708080245857e-11
2295,0,0,2295,3.4252228338982e-09,5.6916506570147e-13,-2.8320682116425e-18,1.6708085249323e-11
2296,0,0,2296,3.4085147436716e-09,5.8521831357254e-13,-2.9056378646648e-18,1.6708090226535e-11
2297,0,0,2297,3.3918066484942e-09,6.0168742375079e-13,-2.9809089422632e-18,1.6708095177461e-11
2298,0,0,2298,3.3750985483921e-09,6.1858197738533e-13,-3.0579142078504e-18,1.6708100102068e-11
2299,0,0,2299,3.3583904433918e-09,6.3591173899692e-13,-3.136686851699e-18,1.6708105000325e-11
2300,0,0,2300,3.3416823335196e-09,6.5368665883052e-13,-3.2172604898812e-18,1.6708109872199e-11
2301,0,0,2301,3.3249742188019e-09,6.7191687520028e-13,-3.2996691629263e-18,1.6708114717656e-11
2302,0,0,2302,3.3082660992653e-09,6.9061271682562e-13,-3.3839473341862e-18,1.6708119536663e-11
2303,0,0,2303,3.2915579749361e-09,7.0978470515656e-13,-3.4701298879006e-18,1.6708124329184e-11
2304,0,0,2304,3.2748498458409e-09,7.2944355668667e-13,-3.5582521269491e-18,1.6708129095186e-11
2305,0,0,2305,3.2581417120063e-09,7.4960018525176e-13,-3.6483497702826e-18,1.6708133834634e-11
2306,0,0,2306,3.2414335734588e-09,7.7026570431266e-13,-3.7404589500222e-18,1.6708138547492e-11
2307,0,0,2307,3.224725430225e-09,7.9145142921992e-13,-3.8346162082151e-18,1.6708143233725e-11
2308,0,0,2308,3.2080172823317e-09,8.1316887945881e-13,-3.9308584932375e-18,1.6708147893296e-11
2309,0,0,2309,3.1913091298056e-09,8.3542978087225e-13,-4.0292231558335e-18,1.6708152526169e-11
2310,0,0,2310,3.1746009726733e-09,8.5824606785997e-13,-4.1297479447777e-18,1.6708157132306e-11
2311,0,0,2311,3.1578928109616e-09,8.8162988555143e-13,-4.232471002153e-18,1.670816171167e-11
2312,0,0,2312,3.1411846446974e-09,9.0559359195048e-13,-4.3374308582292e-18,1.6708166264225e-11
2313,0,0,2313,3.1244764739074e-09,9.3014976004956e-13,-4.444666425934e-18,1.670817078993e-11
2314,0,0,2314,3.1077682986187e-09,9.553111799109e-13,-4.5542169949024e-18,1.6708175288748e-11
2315,0,0,2315,3.0910601188581e-09,9.8109086071253e-13,-4.6661222250943e-18,1.670817976064e-11
2316,0,0,2316,3.0743519346525e-09,1.0075020327566e-12,-4.7804221399681e-18,1.6708184205566e-11
2317,0,0,2317,3.057643746029e-09,1.0345581494372e-12,-4.8971571191976e-18,1.6708188623488e-11
2318,0,0,2318,3.0409355530146e-09,1.0622728891661e-12,-5.0163678909223e-18,1.6708193014364e-11
2319,0,0,2319,3.0242273556365e-09,1.0906601572518e-12,-5.1380955235155e-18,1.6708197378155e-11
2320,0,0,2320,3.0075191539217e-09,1.1197340877317e-12,-5.262381416862e-18,1.670820171482e-11
2321,0,0,2321,2.9908109478973e-09,1.1495090451523e-12,-5.3892672931295e-18,1.6708206024318e-11
2322,0,0,2322,2.9741027375907e-09,1.1799996262961e-12,-5.5187951870231e-18,1.6708210306608e-11
2323,0,0,2323,2.9573945230291e-09,1.2112206618514e-12,-5.6510074355105e-18,1.6708214561648e-11
2324,0,0,2324,2.9406863042397e-09,1.2431872180227e-12,-5.7859466670037e-18,1.6708218789396e-11
2325,0,0,2325,2.9239780812499e-09,1.2759145980778e-12,-5.9236557899866e-18,1.6708222989811e-11
2326,0,0,2326,2.907269854087e-09,1.3094183438296e-12,-6.0641779810736e-18,1.6708227162849e-11
2327,0,0,2327,2.8905616227786e-09,1.3437142370478e-12,-6.2075566724887e-18,1.6708231308468e-11
2328,0,0,2328,2.8738533873519e-09,1.3788183007989e-12,-6.3538355389492e-18,1.6708235426626e-11
2329,0,0,2329,2.8571451478347e-09,1.4147468007102e-12,-6.5030584839445e-18,1.6708239517278e-11
2330,0,0,2330,2.8404369042543e-09,1.4515162461543e-12,-6.6552696253942e-18,1.6708243580382e-11
2331,0,0,2331,2.8237286566384e-09,1.4891433913514e-12,-6.8105132806746e-18,1.6708247615894e-11
2332,0,0,2332,2.8070204050146e-09,1.5276452363846e-12,-6.9688339509982e-18,1.670825162377e-11
2333,0,0,2333,2.7903121494107e-09,1.5670390281257e-12,-7.1302763051366e-18,1.6708255603966e-11
2334,0,0,2334,2.7736038898542e-09,1.6073422610675e-12,-7.2948851624703e-18,1.6708259556438e-11
2335,0,0,2335,2.7568956263731e-09,1.6485726780584e-12,-7.4627054753545e-18,1.6708263481143e-11
2336,0,0,2336,2.740187358995e-09,1.6907482709357e-12,-7.6337823107878e-18,1.6708267378034e-11
2337,0,0,2337,2.723479087748e-09,1.7338872810538e-12,-7.8081608313701e-18,1.6708271247069e-11
2338,0,0,2338,2.7067708126598e-09,1.7780081997031e-12,-7.9858862755372e-18,1.6708275088202e-11
2339,0,0,2339,2.6900625337584e-09,1.8231297684162e-12,-8.1670039370599e-18,1.6708278901389e-11
2340,0,0,2340,2.6733542510718e-09,1.8692709791554e-12,-8.3515591437936e-18,1.6708282686585e-11
2341,0,0,2341,2.656645964628e-09,1.91645107438e-12,-8.5395972356675e-18,1.6708286443746e-11
2342,0,0,2342,2.6399376744552e-09,1.9646895469872e-12,-8.731163541899e-18,1.6708290172826e-11
2343,0,0,2343,2.6232293805814e-09,2.0140061401221e-12,-8.9263033574224e-18,1.6708293873782e-11
2344,0,0,2344,2.6065210830349e-09,2.0644208468543e-12,-9.1250619185186e-18,1.6708297546568e-11
2345,0,0,2345,2.5898127818437e-09,2.1159539097142e-12,-9.3274843776351e-18,1.6708301191141e-11
2346,0,0,2346,2.5731044770363e-09,2.1686258200864e-12,-9.5336157773818e-18,1.6708304807454e-11
2347,0,0,2347,2.5563961686408e-09,2.2224573174549e-12,-9.7435010236944e-18,1.6708308395465e-11
2348,0,0,2348,2.5396878566857e-09,2.2774693884944e-12,-9.9571848581499e-18,1.6708311955129e-11
2349,0,0,2349,2.5229795411993e-09,2.3336832660051e-12,-1.0174711829426e-17,1.6708315486402e-11
2350,0,0,2350,2.50627122221e-09,2.391120427684e-12,-1.0396126263893e-17,1.670831898924e-11
2351,0,0,2351,2.4895628997464e-09,2.44980259473e-12,-1.0621472235323e-17,1.67083224636e-11
2352,0,0,2352,2.472854573837e-09,2.5097517302754e-12,-1.0850793533713e-17,1.6708325909437e-11
2353,0,0,2353,2.4561462445103e-09,2.5709900376412e-12,-1.1084133633207e-17,1.6708329326711e-11
2354,0,0,2354,2.4394379117949e-09,2.6335399584097e-12,-1.1321535659105e-17,1.6708332715377e-11
2355,0,0,2355,2.4227295757195e-09,2.69742417031e-12,-1.1563042353955e-17,1.6708336075394e-11
2356,0,0,2356,2.4060212363128e-09,2.7626655849107e-12,-1.1808696042717e-17,1.6708339406718e-11
2357,0,0,2357,2.3893128936035e-09,2.829287345115e-12,-1.2058538596984e-17,1.670834270931e-11
2358,0,0,2358,2.3726045476204e-09,2.8973128224535e-12,-1.2312611398263e-17,1.6708345983129e-11
2359,0,0,2359,2.3558961983922e-09,2.9667656141678e-12,-1.2570955300292e-17,1.6708349228131e-11
2360,0,0,2360,2.339187845948e-09,3.0376695400816e-12,-1.2833610590405e-17,1.6708352444281e-11
2361,0,0,2361,2.3224794903164e-09,3.1100486392524e-12,-1.3100616949919e-17,1.6708355631535e-11
2362,0,0,2362,2.3057711315266e-09,3.1839271663991e-12,-1.3372013413545e-17,1.6708358789857e-11
2363,0,0,2363,2.2890627696074e-09,3.2593295880998e-12,-1.3647838327825e-17,1.6708361919209e-11
2364,0,0,2364,2.2723544045878e-09,3.3362805787549e-12,-1.3928129308567e-17,1.6708365019552e-11
2365,0,0,2365,2.2556460364969e-09,3.414805016309e-12,-1.4212923197293e-17,1.6708368090851e-11
2366,0,0,2366,2.2389376653639e-09,3.4949279777272e-12,-1.4502256016692e-17,1.6708371133068e-11
2367,0,0,2367,2.2222292912177e-09,3.5766747342192e-12,-1.4796162925064e-17,1.6708374146171e-11
2368,0,0,2368,2.2055209140876e-09,3.6600707462068e-12,-1.509467816976e-17,1.6708377130123e-11
2369,0,0,2369,2.1888125340027e-09,3.7451416580279e-12,-1.5397835039612e-17,1.6708380084892e-11
2370,0,0,2370,2.1721041509922e-09,3.8319132923724e-12,-1.5705665816359e-17,1.6708383010446e-11
2371,0,0,2371,2.1553957650855e-09,3.9204116444445e-12,-1.6018201725052e-17,1.6708385906753e-11
2372,0,0,2372,2.1386873763117e-09,4.0106628758448e-12,-1.6335472883449e-17,1.6708388773783e-11
2373,0,0,2373,2.1219789847002e-09,4.1026933081675e-12,-1.6657508250401e-17,1.6708391611508e-11
2374,0,0,2374,2.1052705902803e-09,4.1965294163068e-12,-1.6984335573223e-17,1.6708394419899e-11
2375,0,0,2375,2.0885621930814e-09,4.2921978214673e-12,-1.7315981334053e-17,1.670839719893e-11
2376,0,0,2376,2.0718537931328e-09,4.3897252838718e-12,-1.7652470695209e-17,1.6708399948575e-11
2377,0,0,2377,2.055145390464e-09,4.4891386951621e-12,-1.7993827443539e-17,1.6708402668811e-11
2378,0,0,2378,2.0384369851044e-09,4.5904650704868e-12,-1.8340073933771e-17,1.6708405359614e-11
2379,0,0,2379,2.0217285770834e-09,4.6937315402706e-12,-1.8691231030869e-17,1.6708408020963e-11
2380,0,0,2380,2.0050201664306e-09,4.7989653416595e-12,-1.90473180514e-17,1.670841065284e-11
2381,0,0,2381,1.9883117531753e-09,4.906193809637e-12,-1.9408352703926e-17,1.6708413255225e-11
2382,0,0,2382,1.9716033373472e-09,5.0154443678051e-12,-1.9774351028414e-17,1.6708415828103e-11
2383,0,0,2383,1.9548949189758e-09,5.1267445188255e-12,-2.0145327334693e-17,1.6708418371458e-11
2384,0,0,2384,1.9381864980905e-09,5.2401218345158e-12,-2.0521294139948e-17,1.6708420885278e-11
2385,0,0,2385,1.921478074721e-09,5.3556039455947e-12,-2.0902262105281e-17,1.670842336955e-11
2386,0,0,2386,1.9047696488967e-09,5.4732185310717e-12,-2.128823997134e-17,1.6708425824267e-11
2387,0,0,2387,1.8880612206473e-09,5.5929933072763e-12,-2.1679234493035e-17,1.670842824942e-11
2388,0,0,2388,1.8713527900023e-09,5.7149560165213e-12,-2.2075250373349e-17,1.6708430645004e-11
2389,0,0,2389,1.8546443569913e-09,5.8391344153958e-12,-2.2476290196274e-17,1.6708433011015e-11
2390,0,0,2390,1.8379359216438e-09,5.9655562626824e-12,-2.2882354358872e-17,1.6708435347453e-11
2391,0,0,2391,1.8212274839895e-09,6.0942493068951e-12,-2.32934410025e-17,1.6708437654318e-11
2392,0,0,2392,1.8045190440579e-09,6.2252412734321e-12,-2.3709545943196e-17,1.6708439931614e-11
2393,0,0,2393,1.7878106018785e-09,6.3585598513396e-12,-2.4130662601269e-17,1.6708442179346e-11
2394,0,0,2394,1.771102157481e-09,6.4942326796827e-12,-2.4556781930099e-17,1.6708444397522e-11
2395,0,0,2395,1.7543937108948e-09,6.632287333518e-12,-2.4987892344189e-17,1.6708446586152e-11
2396,0,0,2396,1.7376852621496e-09,6.7727513094654e-12,-2.5423979646473e-17,1.6708448745251e-11
2397,0,0,2397,1.7209768112748e-09,6.9156520108738e-12,-2.5865026954928e-17,1.6708450874832e-11
2398,0,0,2398,1.7042683582998e-09,7.0610167325783e-12,-2.6311014628506e-17,1.6708452974915e-11
2399,0,0,2399,1.6875599032543e-09,7.2088726452436e-12,-2.6761920192416e-17,1.6708455045521e-11
2400,0,0,2400,1.6708514461677e-09,7.3592467792922e-12,-2.7217718262802e-17,1.6708457086674e-11
2401,0,0,2401,1.6541429870693e-09,7.5121660084128e-12,-2.767838047083e-17,1.67084590984e-11
2402,0,0,2402,1.6374345259885e-09,7.6676570326461e-12,-2.8143875386235e-17,1.670846108073e-11
2403,0,0,2403,1.6207260629548e-09,7.8257463610459e-12,-2.8614168440358e-17,1.6708463033697e-11
2404,0,0,2404,1.6040175979975e-09,7.9864602939117e-12,-2.908922184871e-17,1.6708464957336e-11
2405,0,0,2405,1.5873091311458e-09,8.1498249045919e-12,-2.9568994533109e-17,1.6708466851688e-11
2406,0,0,2406,1.570600662429e-09,8.3158660208539e-12,-3.0053442043425e-17,1.6708468716794e-11
2407,0,0,2407,1.5538921918763e-09,8.4846092058206e-12,-3.0542516478984e-17,1.6708470552701e-11
2408,0,0,2408,1.5371837195168e-09,8.6560797384707e-12,-3.1036166409666e-17,1.6708472359459e-11
2409,0,0,2409,1.5204752453797e-09,8.8303025937014e-12,-3.1534336796755e-17,1.6708474137119e-11
2410,0,0,2410,1.503766769494e-09,9.0073024219533e-12,-3.2036968913584e-17,1.670847588574e-11
2411,0,0,2411,1.4870582918886e-09,9.1871035283954e-12,-3.2544000266025e-17,1.6708477605381e-11
2412,0,0,2412,1.4703498125925e-09,9.369729851671e-12,-3.3055364512883e-17,1.6708479296108e-11
2413,0,0,2413,1.4536413316345e-09,9.5552049422027e-12,-3.3570991386237e-17,1.6708480957986e-11
2414,0,0,2414,1.4369328490434e-09,9.7435519400579e-12,-3.4090806611796e-17,1.670848259109e-11
2415,0,0,2415,1.4202243648479e-09,9.9347935523746e-12,-3.4614731829324e-17,1.6708484195494e-11
2416,0,0,2416,1.4035158790766e-09,1.0128952030348e-11,-3.5142684513193e-17,1.6708485771279e-11
2417,0,0,2417,1.3868073917581e-09,1.032604914578e-11,-3.5674577893121e-17,1.6708487318529e-11
2418,0,0,2418,1.3700989029208e-09,1.0526106167189e-11,-3.6210320875178e-17,1.6708488837333e-11
2419,0,0,2419,1.353390412593e-09,1.0729143835494e-11,-3.67498179631e-17,1.6708490327783e-11
2420,0,0,2420,1.336681920803e-09,1.0935182339251e-11,-3.7292969179997e-17,1.6708491789976e-11
2421,0,0,2421,1.319973427579e-09,1.1144241289475e-11,-3.7839669990527e-17,1.6708493224015e-11
2422,0,0,2422,1.303264932949e-09,1.1356339694025e-11,-3.8389811223586e-17,1.6708494630006e-11
2423,0,0,2423,1.2865564369409e-09,1.157149593157e-11,-3.8943278995617e-17,1.670849600806e-11
2424,0,0,2424,1.2698479395827e-09,1.1789727725131e-11,-3.9499954634595e-17,1.6708497358292e-11
2425,0,0,2425,1.2531394409018e-09,1.2011052115213e-11,-4.0059714604769e-17,1.6708498680823e-11
2426,0,0,2426,1.2364309409261e-09,1.2235485432518e-11,-4.0622430432246e-17,1.6708499975778e-11
2427,0,0,2427,1.2197224396828e-09,1.2463043270261e-11,-4.1187968631494e-17,1.6708501243289e-11
2428,0,0,2428,1.2030139371993e-09,1.2693740456078e-11,-4.1756190632855e-17,1.6708502483488e-11
2429,0,0,2429,1.1863054335028e-09,1.2927591023543e-11,-4.2326952711137e-17,1.6708503696519e-11
2430,0,0,2430,1.1695969286202e-09,1.3164608183296e-11,-4.2900105915403e-17,1.6708504882525e-11
2431,0,0,2431,1.1528884225786e-09,1.3404804293794e-11,-4.3475496000013e-17,1.6708506041658e-11
2432,0,0,2432,1.1361799154045e-09,1.3648190831678e-11,-4.4052963357031e-17,1.6708507174075e-11
2433,0,0,2433,1.1194714071246e-09,1.3894778361789e-11,-4.4632342950093e-17,1.6708508279935e-11
2434,0,0,2434,1.1027628977652e-09,1.4144576506815e-11,-4.5213464249818e-17,1.6708509359407e-11
2435,0,0,2435,1.0860543873525e-09,1.4397593916599e-11,-4.5796151170868e-17,1.6708510412662e-11
2436,0,0,2436,1.0693458759126e-09,1.4653838237101e-11,-4.6380222010757e-17,1.6708511439879e-11
2437,0,0,2437,1.0526373634714e-09,1.4913316079037e-11,-4.6965489390508e-17,1.6708512441242e-11
2438,0,0,2438,1.0359288500544e-09,1.5176032986204e-11,-4.7551760197263e-17,1.6708513416939e-11
2439,0,0,2439,1.0192203356873e-09,1.5441993403491e-11,-4.8138835528946e-17,1.6708514367165e-11
2440,0,0,2440,1.0025118203951e-09,1.5711200644602e-11,-4.8726510641095e-17,1.6708515292122e-11
2441,0,0,2441,9.8580330420313e-10,1.5983656859497e-11,-4.9314574895958e-17,1.6708516192016e-11
2442,0,0,2442,9.6909478713607e-10,1.6259363001563e-11,-4.9902811713984e-17,1.670851706706e-11
2443,0,0,2443,9.523862692186e-10,1.6538318794535e-11,-5.0490998527791e-17,1.6708517917471e-11
2444,0,0,2444,9.3567775047513e-10,1.6820522699169e-11,-5.1078906738754e-17,1.6708518743475e-11
2445,0,0,2445,9.1896923092982e-10,1.7105971879701e-11,-5.1666301676314e-17,1.6708519545302e-11
2446,0,0,2446,9.0226071060664e-10,1.7394662170088e-11,-5.2252942560116e-17,1.6708520323188e-11
2447,0,0,2447,8.8555218952926e-10,1.7686588040061e-11,-5.2838582465114e-17,1.6708521077376e-11
2448,0,0,2448,8.6884366772114e-10,1.7981742560999e-11,-5.3422968289746e-17,1.6708521808116e-11
2449,0,0,2449,8.5213514520548e-10,1.8280117371647e-11,-5.4005840727306e-17,1.6708522515661e-11
2450,0,0,2450,8.3542662200521e-10,1.8581702643695e-11,-5.4586934240637e-17,1.6708523200273e-11
2451,0,0,2451,8.1871809814299e-10,1.8886487047232e-11,-5.5165977040255e-17,1.670852386222e-11
2452,0,0,2452,8.0200957364121e-10,1.9194457716105e-11,-5.5742691066052e-17,1.6708524501775e-11
2453,0,0,2453,7.85301048522e-10,1.9505600213192e-11,-5.6316791972676e-17,1.6708525119218e-11
2454,0,0,2454,7.6859252280716e-10,1.9819898495616e-11,-5.6887989118738e-17,1.6708525714835e-11
2455,0,0,2455,7.5188399651824e-10,2.0137334879925e-11,-5.7455985559952e-17,1.6708526288918e-11
2456,0,0,2456,7.3517546967648e-10,2.0457890007253e-11,-5.8020478046351e-17,1.6708526841767e-11
2457,0,0,2457,7.1846694230279e-10,2.0781542808489e-11,-5.8581157023704e-17,1.6708527373687e-11
2458,0,0,2458,7.017584144178e-10,2.1108270469479e-11,-5.9137706639252e-17,1.6708527884988e-11
2459,0,0,2459,6.8504988604181e-10,2.1438048396285e-11,-5.968980475192e-17,1.6708528375988e-11
2460,0,0,2460,6.683413571948e-10,2.1770850180523e-11,-6.0237122947086e-17,1.6708528847011e-11
2461,0,0,2461,6.5163282789641e-10,2.2106647564811e-11,-6.0779326556103e-17,1.6708529298388e-11
2462,0,0,2462,6.3492429816596e-10,2.2445410408351e-11,-6.1316074680643e-17,1.6708529730455e-11
2463,0,0,2463,6.1821576802241e-10,2.2787106652671e-11,-6.1847020222027e-17,1.6708530143553e-11
2464,0,0,2464,6.0150723748437e-10,2.3131702287564e-11,-6.237180991567e-17,1.6708530538033e-11
2465,0,0,2465,5.8479870657013e-10,2.3479161317237e-11,-6.2890084370755e-17,1.6708530914248e-11
2466,0,0,2466,5.6809017529756e-10,2.3829445726714e-11,-6.3401478115282e-17,1.6708531272561e-11
2467,0,0,2467,5.5138164368423e-10,2.4182515448518e-11,-6.3905619646615e-17,1.6708531613337e-11
2468,0,0,2468,5.3467311174728e-10,2.4538328329666e-11,-6.4402131487648e-17,1.6708531936951e-11
2469,0,0,2469,5.179645795035e-10,2.4896840098996e-11,-6.4890630248743e-17,1.670853224378e-11
2470,0,0,2470,5.0125604696929e-10,2.5258004334883e-11,-6.537072669553e-17,1.670853253421e-11
2471,0,0,2471,4.8454751416065e-10,2.5621772433351e-11,-6.584202582273e-17,1.6708532808633e-11
2472,0,0,2472,4.6783898109321e-10,2.5988093576633e-11,-6.6304126934109e-17,1.6708533067443e-11
2473,0,0,2473,4.5113044778217e-10,2.6356914702206e-11,-6.6756623728685e-17,1.6708533311043e-11
2474,0,0,2474,4.3442191424233e-10,2.6728180472335e-11,-6.7199104393322e-17,1.6708533539841e-11
2475,0,0,2475,4.1771338048808e-10,2.7101833244168e-11,-6.7631151701816e-17,1.6708533754251e-11
2476,0,0,2476,4.0100484653339e-10,2.7477813040414e-11,-6.805234312061e-17,1.670853395469e-11
2477,0,0,2477,3.842963123918e-10,2.7856057520642e-11,-6.8462250921242e-17,1.6708534141582e-11
2478,0,0,2478,3.6758777807645e-10,2.8236501953237e-11,-6.8860442299642e-17,1.6708534315357e-11
2479,0,0,2479,3.508792436e-10,2.8619079188057e-11,-6.9246479502396e-17,1.6708534476448e-11
2480,0,0,2480,3.341707089747e-10,2.9003719629825e-11,-6.9619919960085e-17,1.6708534625295e-11
2481,0,0,2481,3.1746217421236e-10,2.9390351212299e-11,-6.9980316427802e-17,1.6708534762341e-11
2482,0,0,2482,3.0075363932433e-10,2.9778899373255e-11,-7.0327217132963e-17,1.6708534888034e-11
2483,0,0,2483,2.840451043215e-10,3.0169287030329e-11,-7.0660165930488e-17,1.6708535002827e-11
2484,0,0,2484,2.6733656921432e-10,3.0561434557763e-11,-7.0978702465498e-17,1.6708535107177e-11
2485,0,0,2485,2.5062803401278e-10,3.0955259764081e-11,-7.1282362343555e-17,1.6708535201546e-11
2486,0,0,2486,2.3391949872638e-10,3.1350677870758e-11,-7.1570677308603e-17,1.6708535286399e-11
2487,0,0,2487,2.1721096336418e-10,3.1747601491911e-11,-7.1843175428659e-17,1.6708535362204e-11
2488,0,0,2488,2.0050242793474e-10,3.2145940615057e-11,-7.2099381289338e-17,1.6708535429436e-11
2489,0,0,2489,1.8379389244617e-10,3.2545602582987e-11,-7.2338816195308e-17,1.6708535488569e-11
2490,0,0,2490,1.6708535690609e-10,3.2946492076797e-11,-7.256099837974e-17,1.6708535540083e-11
2491,0,0,2491,1.5037682132163e-10,3.3348511100122e-11,-7.2765443221818e-17,1.6708535584461e-11
2492,0,0,2492,1.3366828569944e-10,3.3751558964611e-11,-7.2951663472379e-17,1.6708535622188e-11
2493,0,0,2493,1.1695975004569e-10,3.4155532276698e-11,-7.3119169487749e-17,1.6708535653751e-11
2494,0,0,2494,1.0025121436605e-10,3.4560324925713e-11,-7.3267469471821e-17,1.6708535679641e-11
2495,0,0,2495,8.3542678665698e-11,3.4965828073373e-11,-7.339606972641e-17,1.670853570035e-11
2496,0,0,2496,6.6834142949327e-11,3.5371930144699e-11,-7.3504474909973e-17,1.6708535716371e-11
2497,0,0,2497,5.0125607221126e-11,3.5778516820415e-11,-7.3592188304674e-17,1.6708535728201e-11
2498,0,0,2498,3.341707148479e-11,3.6185471030868e-11,-7.3658712091869e-17,1.6708535736336e-11
2499,0,0,2499,1.6708535743515e-11,3.6592672951508e-11,-7.3703547636004e-17,1.6708535741275e-11
2500,0,0,2500,0,3.7e-11,-7.3726195776976e-17,1.6708535743515e-11
