x,y,z,id,xi,xv,jvx,jix
0,0,0,0,0,3.7e-11,-2.5324079307539e-12,-1.178712323553e-12
1,0,0,1,1.1753234984053e-12,1.4008545093652e-08,-2.5252914309994e-12,-1.1719347110713e-12
2,0,0,2,2.3416107005421e-12,2.792766949302e-08,-2.5158037735397e-12,-1.1628989027838e-12
3,0,0,3,3.4988634001972e-12,4.1794383111839e-08,-2.5063183525958e-12,-1.1538653304125e-12
4,0,0,4,4.6470845616202e-12,5.5608702330491e-08,-2.4968363309425e-12,-1.1448351567325e-12
5,0,0,5,5.7862782990704e-12,6.9370649883003e-08,-2.4873588509448e-12,-1.1358095241088e-12
6,0,0,6,6.9164498564809e-12,8.308025474469e-08,-2.4778870346762e-12,-1.1267895546153e-12
7,0,0,7,8.0376055872436e-12,9.6737552020473e-08,-2.468421984042e-12,-1.1177763501574e-12
8,0,0,8,9.1497529341193e-12,1.1034258283388e-07,-2.4589647809053e-12,-1.1087709925983e-12
9,0,0,9,1.0252900409277e-11,1.2389539421679e-07,-2.4495164872173e-12,-1.0997745438896e-12
10,0,0,10,1.1347057574465e-11,1.3739603899983e-07,-2.4400781451508e-12,-1.0907880462043e-12
11,0,0,11,1.2432235021318e-11,1.5084457570364e-07,-2.4306507772376e-12,-1.0818125220742e-12
12,0,0,12,1.3508444351804e-11,1.6424106843077e-07,-2.4212353865081e-12,-1.0728489745301e-12
13,0,0,13,1.4575698158811e-11,1.7758558675851e-07,-2.4118329566352e-12,-1.063898387245e-12
14,0,0,14,1.5634010006881e-11,1.9087820563238e-07,-2.4024444520799e-12,-1.0549617246801e-12
15,0,0,15,1.6683394413092e-11,2.0411900526052e-07,-2.3930708182408e-12,-1.0460399322343e-12
16,0,0,16,1.7723866828089e-11,2.1730807100892e-07,-2.3837129816055e-12,-1.0371339363953e-12
17,0,0,17,1.8755443617272e-11,2.3044549329743e-07,-2.3743718499049e-12,-1.0282446448943e-12
18,0,0,18,1.977814204213e-11,2.4353136749672e-07,-2.3650483122699e-12,-1.0193729468623e-12
19,0,0,19,2.079198024175e-11,2.5656579382601e-07,-2.3557432393901e-12,-1.0105197129893e-12
20,0,0,20,2.1796977214468e-11,2.6954887725178e-07,-2.3464574836753e-12,-1.001685795685e-12
21,0,0,21,2.2793152799695e-11,2.8248072738734e-07,-2.3371918794179e-12,-9.9287202924231e-13
22,0,0,22,2.3780527659901e-11,2.9536145839327e-07,-2.3279472429587e-12,-9.8407923000202e-13
23,0,0,23,2.4759123262768e-11,3.0819118887884e-07,-2.3187243728532e-12,-9.7530819651988e-13
24,0,0,24,2.5728961863513e-11,3.2097004180433e-07,-2.3095240500403e-12,-9.6655970973505e-13
25,0,0,25,2.6690066487371e-11,3.3369814438428e-07,-2.3003470380125e-12,-9.5783453314023e-13
26,0,0,26,2.7642460912261e-11,3.463756279917e-07,-2.2911940829874e-12,-9.491334129532e-13
27,0,0,27,2.8586169651618e-11,3.5900262806321e-07,-2.2820659140807e-12,-9.404570782898e-13
28,0,0,28,2.9521217937399e-11,3.7157928400517e-07,-2.2729632434802e-12,-9.3180624133815e-13
29,0,0,29,3.0447631703265e-11,3.8410573910076e-07,-2.2638867666215e-12,-9.2318159753408e-13
30,0,0,30,3.1365437567938e-11,3.9658214041803e-07,-2.2548371623645e-12,-9.1458382573743e-13
31,0,0,31,3.2274662818739e-11,4.0900863871894e-07,-2.2458150931701e-12,-9.0601358840965e-13
32,0,0,32,3.3175335395298e-11,4.2138538836937e-07,-2.2368212052795e-12,-8.9747153179192e-13
33,0,0,33,3.4067483873445e-11,4.3371254725011e-07,-2.2278561288926e-12,-8.8895828608436e-13
34,0,0,34,3.4951137449286e-11,4.4599027666889e-07,-2.2189204783476e-12,-8.8047446562553e-13
35,0,0,35,3.5826325923447e-11,4.5821874127333e-07,-2.2100148523022e-12,-8.7202066907318e-13
36,0,0,36,3.6693079685512e-11,4.7039810896496e-07,-2.2011398339136e-12,-8.635974795848e-13
37,0,0,37,3.7551429698635e-11,4.8252855081421e-07,-2.1922959910204e-12,-8.5520546499904e-13
38,0,0,38,3.8401407484332e-11,4.9461024097636e-07,-2.1834838763237e-12,-8.4684517801742e-13
39,0,0,39,3.9243045107459e-11,5.066433566086e-07,-2.1747040275697e-12,-8.3851715638621e-13
40,0,0,40,4.0076375161373e-11,5.1862807778799e-07,-2.1659569677315e-12,-8.3022192307871e-13
41,0,0,41,4.0901430753268e-11,5.3056458743048e-07,-2.1572432051912e-12,-8.2195998647725e-13
42,0,0,42,4.1718245489704e-11,5.4245307121093e-07,-2.1485632339226e-12,-8.1373184055587e-13
43,0,0,43,4.2526853462307e-11,5.5429371748413e-07,-2.1399175336732e-12,-8.0553796506231e-13
44,0,0,44,4.3327289233659e-11,5.6608671720687e-07,-2.1313065701469e-12,-7.9737882570051e-13
45,0,0,45,4.411958782337e-11,5.7783226386089e-07,-2.1227307951852e-12,-7.8925487431241e-13
46,0,0,46,4.4903784694326e-11,5.8953055337701e-07,-2.1141906469502e-12,-7.8116654906006e-13
47,0,0,47,4.5679915739126e-11,6.0118178406015e-07,-2.1056865501051e-12,-7.7311427460712e-13
48,0,0,48,4.6448017266693e-11,6.1278615651536e-07,-2.0972189159964e-12,-7.6509846230001e-13
49,0,0,49,4.7208125989074e-11,6.2434387357489e-07,-2.0887881428339e-12,-7.5711951034893e-13
50,0,0,50,4.7960279008414e-11,6.3585514022622e-07,-2.0803946158717e-12,-7.4917780400821e-13
51,0,0,51,4.8704513804113e-11,6.4732016354112e-07,-2.0720387075881e-12,-7.4127371575612e-13
52,0,0,52,4.9440868220164e-11,6.5873915260568e-07,-2.0637207778644e-12,-7.3340760547443e-13
53,0,0,53,5.0169380452665e-11,6.7011231845132e-07,-2.0554411741643e-12,-7.2557982062685e-13
54,0,0,54,5.0890089037513e-11,6.8143987398682e-07,-2.0472002317115e-12,-7.1779069643748e-13
55,0,0,55,5.1603032838279e-11,6.9272203393128e-07,-2.0389982736674e-12,-7.1004055606776e-13
56,0,0,56,5.2308251034252e-11,7.0395901474812e-07,-2.0308356113076e-12,-7.0232971079356e-13
57,0,0,57,5.3005783108664e-11,7.1515103458e-07,-2.0227125441977e-12,-6.9465846018067e-13
58,0,0,58,5.3695668837089e-11,7.2629831318471e-07,-2.0146293603682e-12,-6.8702709225984e-13
59,0,0,59,5.4377948276019e-11,7.374010718721e-07,-2.0065863364891e-12,-6.7943588370117e-13
60,0,0,60,5.505266175161e-11,7.4845953344185e-07,-1.9985837380425e-12,-6.7188509998701e-13
61,0,0,61,5.5719849848603e-11,7.594739221223e-07,-1.9906218194952e-12,-6.6437499558435e-13
62,0,0,62,5.6379553399413e-11,7.7044446351016e-07,-1.9827008244698e-12,-6.5690581411606e-13
63,0,0,63,5.7031813473396e-11,7.8137138451118e-07,-1.9748209859152e-12,-6.4947778853124e-13
64,0,0,64,5.7676671366277e-11,7.9225491328179e-07,-1.9669825262756e-12,-6.4209114127421e-13
65,0,0,65,5.8314168589751e-11,8.0309527917161e-07,-1.9591856576586e-12,-6.3474608445288e-13
66,0,0,66,5.8944346861255e-11,8.1389271266696e-07,-1.9514305820022e-12,-6.2744282000538e-13
67,0,0,67,5.9567248093896e-11,8.246474453352e-07,-1.9437174912408e-12,-6.2018153986627e-13
68,0,0,68,6.0182914386554e-11,8.3535970977009e-07,-1.9360465674696e-12,-6.1296242613099e-13
69,0,0,69,6.0791388014145e-11,8.4602973953792e-07,-1.9284179831081e-12,-6.0578565121929e-13
70,0,0,70,6.1392711418046e-11,8.5665776912469e-07,-1.9208319010626e-12,-5.9865137803768e-13
71,0,0,71,6.1986927196683e-11,8.6724403388404e-07,-1.9132884748871e-12,-5.9155976014028e-13
72,0,0,72,6.2574078096279e-11,8.7778876998619e-07,-1.9057878489426e-12,-5.8451094188853e-13
73,0,0,73,6.3154207001757e-11,8.8829221436765e-07,-1.8983301585565e-12,-5.7750505860959e-13
74,0,0,74,6.372735692781e-11,8.9875460468189e-07,-1.8909155301785e-12,-5.7054223675366e-13
75,0,0,75,6.4293571010116e-11,9.0917617925081e-07,-1.8835440815372e-12,-5.6362259404966e-13
76,0,0,76,6.4852892496716e-11,9.1955717701709e-07,-1.8762159217946e-12,-5.5674623965952e-13
77,0,0,77,6.5405364739545e-11,9.2989783749741e-07,-1.8689311516986e-12,-5.4991327433141e-13
78,0,0,78,6.5951031186106e-11,9.4019840073646e-07,-1.8616898637352e-12,-5.4312379055161e-13
79,0,0,79,6.6489935371311e-11,9.5045910726184e-07,-1.8544921422784e-12,-5.3637787269447e-13
80,0,0,80,6.7022120909455e-11,9.6068019803973e-07,-1.8473380637398e-12,-5.2967559717156e-13
81,0,0,81,6.7547631486351e-11,9.7086191443143e-07,-1.8402276967156e-12,-5.2301703257897e-13
82,0,0,82,6.80665108516e-11,9.8100449815068e-07,-1.8331611021317e-12,-5.1640223984365e-13
83,0,0,83,6.857880281102e-11,9.911081912218e-07,-1.8261383333906e-12,-5.0983127236761e-13
84,0,0,84,6.9084551219203e-11,1.0011732359386e-06,-1.8191594365126e-12,-5.0330417617152e-13
85,0,0,85,6.9583799972228e-11,1.011199874824e-06,-1.8122244502779e-12,-4.9682099003598e-13
86,0,0,86,7.0076593000504e-11,1.0211883505907e-06,-1.8053334063676e-12,-4.9038174564216e-13
87,0,0,87,7.0562974261762e-11,1.0311389061023e-06,-1.7984863295018e-12,-4.8398646771009e-13
88,0,0,88,7.1042987734178e-11,1.0410517843354e-06,-1.7916832375764e-12,-4.7763517413656e-13
89,0,0,89,7.1516677409631e-11,1.0509272283423e-06,-1.7849241418005e-12,-4.7132787613016e-13
90,0,0,90,7.1984087287107e-11,1.0607654812144e-06,-1.7782090468288e-12,-4.6506457834612e-13
91,0,0,91,7.2445261366219e-11,1.0705667860469e-06,-1.7715379508958e-12,-4.5884527901913e-13
92,0,0,92,7.2900243640877e-11,1.0803313859031e-06,-1.7649108459464e-12,-4.526699700942e-13
93,0,0,93,7.3349078093076e-11,1.0900595237807e-06,-1.7583277177657e-12,-4.4653863735682e-13
94,0,0,94,7.3791808686815e-11,1.099751442578e-06,-1.7517885461078e-12,-4.4045126056115e-13
95,0,0,95,7.4228479362148e-11,1.1094073850609e-06,-1.7452933048224e-12,-4.3440781355698e-13
96,0,0,96,7.4659134029358e-11,1.1190275938309e-06,-1.7388419619794e-12,-4.2840826441467e-13
97,0,0,97,7.5083816563253e-11,1.1286123112934e-06,-1.7324344799937e-12,-4.224525755492e-13
98,0,0,98,7.5502570797589e-11,1.1381617796271e-06,-1.7260708157472e-12,-4.1654070384248e-13
99,0,0,99,7.5915440519611e-11,1.1476762407537e-06,-1.7197509207089e-12,-4.1067260076409e-13
100,0,0,100,7.6322469464715e-11,1.1571559363083e-06,-1.7134747410551e-12,-4.0484821249032e-13
101,0,0,101,7.6723701311234e-11,1.166601107611e-06,-1.7072422177868e-12,-3.990674800224e-13
102,0,0,102,7.7119179675326e-11,1.1760119956382e-06,-1.7010532868457e-12,-3.9333033930239e-13
103,0,0,103,7.7508948105995e-11,1.1853888409954e-06,-1.69490787923e-12,-3.8763672132826e-13
104,0,0,104,7.7893050080215e-11,1.1947318838899e-06,-1.6888059211061e-12,-3.8198655226693e-13
105,0,0,105,7.8271528998168e-11,1.2040413641051e-06,-1.6827473339216e-12,-3.7637975356646e-13
106,0,0,106,7.8644428178594e-11,1.2133175209741e-06,-1.6767320345158e-12,-3.7081624206595e-13
107,0,0,107,7.9011790854254e-11,1.2225605933552e-06,-1.6707599352281e-12,-3.6529593010483e-13
108,0,0,108,7.9373660167492e-11,1.2317708196071e-06,-1.664830944005e-12,-3.5981872563015e-13
109,0,0,109,7.9730079165913e-11,1.2409484375651e-06,-1.6589449645065e-12,-3.5438453230225e-13
110,0,0,110,8.0081090798162e-11,1.2500936845177e-06,-1.6531018962112e-12,-3.4899324959962e-13
111,0,0,111,8.0426737909801e-11,1.2592067971838e-06,-1.6473016345182e-12,-3.4364477292168e-13
112,0,0,112,8.0767063239303e-11,1.2682880116909e-06,-1.6415440708497e-12,-3.3833899369071e-13
113,0,0,113,8.1102109414129e-11,1.2773375635529e-06,-1.6358290927501e-12,-3.3307579945164e-13
114,0,0,114,8.1431918946915e-11,1.2863556876495e-06,-1.630156583986e-12,-3.2785507397093e-13
115,0,0,115,8.1756534231758e-11,1.2953426182055e-06,-1.6245264246425e-12,-3.2267669733401e-13
116,0,0,116,8.207599754059e-11,1.3042985887704e-06,-1.6189384912195e-12,-3.1754054604101e-13
117,0,0,117,8.2390351019655e-11,1.3132238321999e-06,-1.6133926567263e-12,-3.1244649310149e-13
118,0,0,118,8.2699636686075e-11,1.3221185806357e-06,-1.6078887907749e-12,-3.073944081272e-13
119,0,0,119,8.3003896424513e-11,1.3309830654882e-06,-1.6024267596707e-12,-3.0238415742438e-13
120,0,0,120,8.3303171983919e-11,1.3398175174175e-06,-1.5970064265041e-12,-2.9741560408349e-13
121,0,0,121,8.3597504974373e-11,1.348622166317e-06,-1.5916276512394e-12,-2.9248860806868e-13
122,0,0,122,8.3886936864013e-11,1.3573972412954e-06,-1.5862902908014e-12,-2.8760302630527e-13
123,0,0,123,8.4171508976052e-11,1.366142970661e-06,-1.5809941991627e-12,-2.827587127659e-13
124,0,0,124,8.4451262485874e-11,1.3748595819053e-06,-1.5757392274283e-12,-2.7795551855587e-13
125,0,0,125,8.4726238418225e-11,1.3835473016876e-06,-1.5705252239191e-12,-2.7319329199638e-13
126,0,0,126,8.4996477644475e-11,1.3922063558196e-06,-1.5653520342549e-12,-2.6847187870708e-13
127,0,0,127,8.5262020879969e-11,1.4008369692512e-06,-1.5602195014344e-12,-2.6379112168724e-13
128,0,0,128,8.552290868146e-11,1.409439366056e-06,-1.5551274659158e-12,-2.5915086139512e-13
129,0,0,129,8.5779181444613e-11,1.4180137694178e-06,-1.5500757656949e-12,-2.5455093582673e-13
130,0,0,130,8.603087940159e-11,1.4265604016167e-06,-1.5450642363824e-12,-2.4999118059289e-13
131,0,0,131,8.6278042618717e-11,1.4350794840168e-06,-1.5400927112797e-12,-2.4547142899536e-13
132,0,0,132,8.652071099422e-11,1.4435712370536e-06,-1.5351610214538e-12,-2.4099151210111e-13
133,0,0,133,8.6758924256034e-11,1.4520358802216e-06,-1.5302689958105e-12,-2.365512588162e-13
134,0,0,134,8.699272195969e-11,1.4604736320627e-06,-1.5254164611665e-12,-2.3215049595787e-13
135,0,0,135,8.7222143486268e-11,1.4688847101551e-06,-1.5206032423213e-12,-2.2778904832559e-13
136,0,0,136,8.7447228040426e-11,1.4772693311024e-06,-1.515829162126e-12,-2.2346673877072e-13
137,0,0,137,8.7668014648493e-11,1.4856277105228e-06,-1.5110940415529e-12,-2.1918338826532e-13
138,0,0,138,8.7884542156634e-11,1.4939600630391e-06,-1.5063976997615e-12,-2.1493881596961e-13
139,0,0,139,8.8096849229075e-11,1.502266602269e-06,-1.5017399541664e-12,-2.1073283929827e-13
140,0,0,140,8.8304974346403e-11,1.5105475408155e-06,-1.4971206205016e-12,-2.0656527398553e-13
141,0,0,141,8.8508955803926e-11,1.5188030902583e-06,-1.4925395128847e-12,-2.0243593414918e-13
142,0,0,142,8.870883171009e-11,1.5270334611442e-06,-1.4879964438799e-12,-1.9834463235356e-13
143,0,0,143,8.890463998497e-11,1.5352388629796e-06,-1.4834912245594e-12,-1.9429117967113e-13
144,0,0,144,8.9096418358817e-11,1.5434195042221e-06,-1.4790236645648e-12,-1.9027538574339e-13
145,0,0,145,8.9284204370657e-11,1.5515755922729e-06,-1.4745935721655e-12,-1.8629705884046e-13
146,0,0,146,8.9468035366963e-11,1.559707333469e-06,-1.4702007543184e-12,-1.8235600591918e-13
147,0,0,147,8.9647948500378e-11,1.567814933077e-06,-1.4658450167251e-12,-1.7845203268108e-13
148,0,0,148,8.982398072849e-11,1.5758985952856e-06,-1.4615261638871e-12,-1.7458494362838e-13
149,0,0,149,8.9996168812669e-11,1.5839585231993e-06,-1.4572439991632e-12,-1.7075454211977e-13
150,0,0,150,9.0164549316962e-11,1.5919949188327e-06,-1.4529983248219e-12,-1.6696063042403e-13
151,0,0,151,9.0329158607031e-11,1.6000079831041e-06,-1.448788942096e-12,-1.6320300977412e-13
152,0,0,152,9.0490032849152e-11,1.6079979158303e-06,-1.444615651234e-12,-1.5948148041893e-13
153,0,0,153,9.0647208009263e-11,1.6159649157215e-06,-1.4404782515525e-12,-1.557958416749e-13
154,0,0,154,9.0800719852065e-11,1.6239091803756e-06,-1.436376541485e-12,-1.5214589197609e-13
155,0,0,155,9.0950603940164e-11,1.6318309062745e-06,-1.4323103186327e-12,-1.4853142892366e-13
156,0,0,156,9.109689563328e-11,1.6397302887787e-06,-1.4282793798123e-12,-1.4495224933455e-13
157,0,0,157,9.1239630087479e-11,1.6476075221238e-06,-1.4242835211032e-12,-1.4140814928852e-13
158,0,0,158,9.1378842254476e-11,1.6554627994164e-06,-1.4203225378944e-12,-1.378989241747e-13
159,0,0,159,9.1514566880967e-11,1.6632963126303e-06,-1.4163962249305e-12,-1.3442436873778e-13
160,0,0,160,9.1646838508015e-11,1.6711082526032e-06,-1.4125043763553e-12,-1.3098427712197e-13
161,0,0,161,9.1775691470473e-11,1.6788988090336e-06,-1.4086467857568e-12,-1.2757844291522e-13
162,0,0,162,9.1901159896462e-11,1.6866681704778e-06,-1.4048232462094e-12,-1.2420665919223e-13
163,0,0,163,9.2023277706878e-11,1.6944165243471e-06,-1.4010335503161e-12,-1.2086871855629e-13
164,0,0,164,9.2142078614948e-11,1.7021440569057e-06,-1.3972774902499e-12,-1.1756441318055e-13
165,0,0,165,9.2257596125826e-11,1.709850953268e-06,-1.393554857794e-12,-1.1429353484834e-13
166,0,0,166,9.2369863536226e-11,1.7175373973969e-06,-1.3898654443814e-12,-1.110558749929e-13
167,0,0,167,9.24789139341e-11,1.7252035721018e-06,-1.3862090411334e-12,-1.0785122473576e-13
168,0,0,168,9.2584780198345e-11,1.7328496590374e-06,-1.3825854388978e-12,-1.0467937492499e-13
169,0,0,169,9.2687494998557e-11,1.7404758387016e-06,-1.3789944282857e-12,-1.0154011617185e-13
170,0,0,170,9.2787090794815e-11,1.7480822904352e-06,-1.3754357997082e-12,-9.8433238887433e-14
171,0,0,171,9.2883599837504e-11,1.75566919242e-06,-1.3719093434111e-12,-9.535853331798e-14
172,0,0,172,9.2977054167168e-11,1.7632367216789e-06,-1.3684148495105e-12,-9.2315789579691e-14
173,0,0,173,9.306748561441e-11,1.7707850540747e-06,-1.3649521080263e-12,-8.9304797692873e-14
174,0,0,174,9.3154925799806e-11,1.7783143643097e-06,-1.361520908916e-12,-8.6325347614808e-14
175,0,0,175,9.3239406133871e-11,1.7858248259259e-06,-1.3581210421061e-12,-8.337722927259e-14
176,0,0,176,9.3320957817045e-11,1.7933166113045e-06,-1.354752297525e-12,-8.0460232594808e-14
177,0,0,177,9.3399611839715e-11,1.8007898916662e-06,-1.351414465134e-12,-7.7574147542522e-14
178,0,0,178,9.3475398982264e-11,1.8082448370715e-06,-1.3481073349563e-12,-7.4718764139759e-14
179,0,0,179,9.3548349815158e-11,1.8156816164211e-06,-1.3448306971088e-12,-7.1893872503086e-14
180,0,0,180,9.3618494699049e-11,1.8231003974566e-06,-1.3415843418293e-12,-6.9099262870874e-14
181,0,0,181,9.3685863784923e-11,1.8305013467611e-06,-1.3383680595058e-12,-6.6334725631057e-14
182,0,0,182,9.3750487014261e-11,1.8378846297603e-06,-1.3351816407037e-12,-6.3600051349312e-14
183,0,0,183,9.3812394119235e-11,1.8452504107233e-06,-1.3320248761929e-12,-6.0895030796041e-14
184,0,0,184,9.3871614622929e-11,1.8525988527643e-06,-1.3288975569748e-12,-5.8219454972379e-14
185,0,0,185,9.392817783959e-11,1.8599301178436e-06,-1.325799474307e-12,-5.5573115136195e-14
186,0,0,186,9.3982112874893e-11,1.8672443667691e-06,-1.3227304197287e-12,-5.2955802827274e-14
187,0,0,187,9.4033448626245e-11,1.874541759198e-06,-1.3196901850862e-12,-5.0367309891611e-14
188,0,0,188,9.4082213783102e-11,1.8818224536389e-06,-1.3166785625549e-12,-4.7807428505507e-14
189,0,0,189,9.4128436827318e-11,1.889086607453e-06,-1.3136953446652e-12,-4.5275951198725e-14
190,0,0,190,9.4172146033506e-11,1.8963343768569e-06,-1.3107403243224e-12,-4.2772670877344e-14
191,0,0,191,9.4213369469436e-11,1.9035659169241e-06,-1.3078132948312e-12,-4.0297380845888e-14
192,0,0,192,9.4252134996442e-11,1.9107813815878e-06,-1.3049140499155e-12,-3.784987482893e-14
193,0,0,193,9.4288470269857e-11,1.9179809236431e-06,-1.302042383741e-12,-3.5429946992088e-14
194,0,0,194,9.4322402739466e-11,1.9251646947492e-06,-1.299198090935e-12,-3.3037391962545e-14
195,0,0,195,9.435395964998e-11,1.9323328454325e-06,-1.2963809666056e-12,-3.0672004849061e-14
196,0,0,196,9.4383168041533e-11,1.9394855250891e-06,-1.2935908063622e-12,-2.8333581261354e-14
197,0,0,197,9.4410054750189e-11,1.9466228819878e-06,-1.2908274063345e-12,-2.6021917329027e-14
198,0,0,198,9.4434646408479e-11,1.9537450632726e-06,-1.2880905631904e-12,-2.3736809719969e-14
199,0,0,199,9.4456969445946e-11,1.9608522149661e-06,-1.2853800741534e-12,-2.1478055658402e-14
200,0,0,200,9.4477050089717e-11,1.9679444819728e-06,-1.2826957370212e-12,-1.9245452941887e-14
201,0,0,201,9.4494914365082e-11,1.9750220080819e-06,-1.2800373501819e-12,-1.7038799958848e-14
202,0,0,202,9.4510588096099e-11,1.9820849359707e-06,-1.2774047126306e-12,-1.4857895704501e-14
203,0,0,203,9.4524096906209e-11,1.9891334072085e-06,-1.2747976239857e-12,-1.2702539797289e-14
204,0,0,204,9.4535466218868e-11,1.9961675622593e-06,-1.2722158845031e-12,-1.0572532493774e-14
205,0,0,205,9.4544721258198e-11,2.003187540486e-06,-1.2696592950939e-12,-8.4676747046094e-15
206,0,0,206,9.4551887049648e-11,2.0101934801538e-06,-1.2671276573355e-12,-6.3877680083478e-15
207,0,0,207,9.4556988420669e-11,2.0171855184342e-06,-1.2646207734896e-12,-4.3326146660675e-15
208,0,0,208,9.4560050001408e-11,2.0241637914082e-06,-1.262138446513e-12,-2.302017635023e-15
209,0,0,209,9.4561096225413e-11,2.031128434071e-06,-1.2596804800722e-12,-2.9578058208649e-16
210,0,0,210,9.4560151330349e-11,2.0380795803355e-06,-1.2572466785567e-12,1.686292103431e-15
211,0,0,211,9.4557239358726e-11,2.0450173630362e-06,-1.2548368470904e-12,3.6443952972685e-15
212,0,0,212,9.4552384158649e-11,2.0519419139337e-06,-1.2524507915444e-12,5.5787231277556e-15
213,0,0,213,9.4545609384565e-11,2.0588533637186e-06,-1.2500883185494e-12,7.4894689646456e-15
214,0,0,214,9.4536938498032e-11,2.0657518420159e-06,-1.2477492355054e-12,9.3768254071731e-15
215,0,0,215,9.4526394768496e-11,2.0726374773891e-06,-1.2454333505942e-12,1.1240984273611e-14
216,0,0,216,9.451400127408e-11,2.0795103973448e-06,-1.2431404727893e-12,1.3082136590051e-14
217,0,0,217,9.4499780902381e-11,2.0863707283368e-06,-1.2408704118666e-12,1.4900472580737e-14
218,0,0,218,9.4483756351278e-11,2.0932185957709e-06,-1.2386229784137e-12,1.6696181657725e-14
219,0,0,219,9.4465950129751e-11,2.1000541240091e-06,-1.2363979838397e-12,1.8469452411681e-14
220,0,0,220,9.4446384558709e-11,2.1068774363744e-06,-1.234195240384e-12,2.0220472602471e-14
221,0,0,221,9.4425081771823e-11,2.1136886551554e-06,-1.2320145611272e-12,2.1949429150321e-14
222,0,0,222,9.4402063716374e-11,2.1204879016109e-06,-1.2298557599964e-12,2.3656508127287e-14
223,0,0,223,9.4377352154107e-11,2.1272752959745e-06,-1.227718651776e-12,2.5341894749085e-14
224,0,0,224,9.4350968662088e-11,2.1340509574596e-06,-1.2256030521137e-12,2.7005773367184e-14
225,0,0,225,9.4322934633579e-11,2.1408150042642e-06,-1.2235087775303e-12,2.8648327461205e-14
226,0,0,226,9.429327127891e-11,2.1475675535753e-06,-1.2214356454252e-12,3.0269739631576e-14
227,0,0,227,9.4261999626363e-11,2.1543087215745e-06,-1.2193834740832e-12,3.1870191592665e-14
228,0,0,228,9.4229140523063e-11,2.1610386234423e-06,-1.217352082684e-12,3.34498641661e-14
229,0,0,229,9.4194714635877e-11,2.1677573733633e-06,-1.2153412913032e-12,3.5008937274263e-14
230,0,0,230,9.4158742452313e-11,2.1744650845312e-06,-1.2133509209246e-12,3.6547589934186e-14
231,0,0,231,9.4121244281432e-11,2.1811618691539e-06,-1.2113807934414e-12,3.8066000251762e-14
232,0,0,232,9.4082240254761e-11,2.1878478384583e-06,-1.2094307316653e-12,3.9564345416214e-14
233,0,0,233,9.4041750327214e-11,2.1945231026956e-06,-1.2075005593277e-12,4.104280169461e-14
234,0,0,234,9.3999794278018e-11,2.2011877711464e-06,-1.2055901010889e-12,4.2501544427115e-14
235,0,0,235,9.3956391711638e-11,2.2078419521257e-06,-1.2036991825407e-12,4.3940748021813e-14
236,0,0,236,9.3911562058721e-11,2.2144857529881e-06,-1.2018276302107e-12,4.5360585950628e-14
237,0,0,237,9.3865324577027e-11,2.2211192801332e-06,-1.1999752715678e-12,4.6761230744462e-14
238,0,0,238,9.3817698352375e-11,2.2277426390106e-06,-1.197459449307e-12,4.8655947368374e-14
239,0,0,239,9.3768702298451e-11,2.2343559341188e-06,-1.1965533798564e-12,4.9336160480891e-14
240,0,0,240,9.3718355158911e-11,2.240959269017e-06,-1.1947552469998e-12,5.0682581074924e-14
241,0,0,241,9.3666675509475e-11,2.2475527463364e-06,-1.1929756482603e-12,5.2010468103111e-14
242,0,0,242,9.361368175773e-11,2.2541364677796e-06,-1.1912144157464e-12,5.331998945693e-14
243,0,0,243,9.3559392144092e-11,2.2607105341253e-06,-1.1894713825277e-12,5.4611312066754e-14
244,0,0,244,9.350382474277e-11,2.2672750452341e-06,-1.1877463826376e-12,5.5884601898748e-14
245,0,0,245,9.3446997462732e-11,2.2738301000536e-06,-1.1860392510762e-12,5.7140023952618e-14
246,0,0,246,9.3388928048672e-11,2.2803757966239e-06,-1.1843498238129e-12,5.8377742259082e-14
247,0,0,247,9.3329634082242e-11,2.2869122320841e-06,-1.1818485230882e-12,6.0201480580049e-14
248,0,0,248,9.3269132983024e-11,2.2934395026782e-06,-1.1810234319526e-12,6.0800717856048e-14
249,0,0,249,9.3207442007945e-11,2.2999577037512e-06,-1.1793861431176e-12,6.1986299384187e-14
250,0,0,250,9.3144578254331e-11,2.3064669297666e-06,-1.1777659121862e-12,6.3154823558411e-14
251,0,0,251,9.3080558660106e-11,2.3129672743071e-06,-1.1761625800004e-12,6.4306449536463e-14
252,0,0,252,9.3015400004772e-11,2.3194588300801e-06,-1.1745759883813e-12,6.5441335497094e-14
253,0,0,253,9.2949118910385e-11,2.3259416889234e-06,-1.1730059801301e-12,6.6559638638974e-14
254,0,0,254,9.2881731842541e-11,2.3324159418099e-06,-1.1714523990286e-12,6.766151517997e-14
255,0,0,255,9.281325511135e-11,2.338881678854e-06,-1.1699150898404e-12,6.8747120356214e-14
256,0,0,256,9.2743704872427e-11,2.3453389893161e-06,-1.1683938983114e-12,6.981660842182e-14
257,0,0,257,9.2673097127866e-11,2.3517879616087e-06,-1.1668886711697e-12,7.0870132648212e-14
258,0,0,258,9.2601447727228e-11,2.3582286833013e-06,-1.1653992561268e-12,7.1907845324097e-14
259,0,0,259,9.2528772368525e-11,2.3646612411264e-06,-1.1639255018763e-12,7.2929897755207e-14
260,0,0,260,9.2455086599196e-11,2.3710857209845e-06,-1.1624672580952e-12,7.3936440264558e-14
261,0,0,261,9.2380405817097e-11,2.3775022079496e-06,-1.1610243754431e-12,7.4927622192474e-14
262,0,0,262,9.2304745271479e-11,2.3839107862748e-06,-1.1595967055616e-12,7.5903591896979e-14
263,0,0,263,9.2228120063972e-11,2.3903115393974e-06,-1.1581841010743e-12,7.6864496754335e-14
264,0,0,264,9.2150545149567e-11,2.3967045499448e-06,-1.1567864155861e-12,7.781048315956e-14
265,0,0,265,9.2072035337591e-11,2.4030898997395e-06,-1.1554035036818e-12,7.8741696527259e-14
266,0,0,266,9.1992605292697e-11,2.4094676698046e-06,-1.1540352209268e-12,7.9658281292471e-14
267,0,0,267,9.1912269535833e-11,2.4158379403694e-06,-1.152681423864e-12,8.0560380911529e-14
268,0,0,268,9.1831042445224e-11,2.4222007908747e-06,-1.1513419700143e-12,8.1448137863398e-14
269,0,0,269,9.174893825735e-11,2.4285562999781e-06,-1.150016717875e-12,8.2321693650814e-14
270,0,0,270,9.1665971067919e-11,2.4349045455593e-06,-1.1487055269182e-12,8.3181188801476e-14
271,0,0,271,9.1582154832841e-11,2.441245604726e-06,-1.1474082575889e-12,8.4026762869775e-14
272,0,0,272,9.14975033692e-11,2.4475795538185e-06,-1.1461247713051e-12,8.4858554438163e-14
273,0,0,273,9.1412030356227e-11,2.4539064684158e-06,-1.1448549304539e-12,8.5676701118838e-14
274,0,0,274,9.1325749336267e-11,2.4602264233404e-06,-1.1435985983914e-12,8.6481339555729e-14
275,0,0,275,9.1238673715744e-11,2.4665394926641e-06,-1.1423556394401e-12,8.7272605426026e-14
276,0,0,276,9.1150816766131e-11,2.4728457497128e-06,-1.1411259188871e-12,8.8050633442423e-14
277,0,0,277,9.1062191624908e-11,2.4791452670723e-06,-1.1399093029819e-12,8.8815557355167e-14
278,0,0,278,9.0972811296528e-11,2.4854381165935e-06,-1.1387056589348e-12,8.9567509954093e-14
279,0,0,279,9.088268865337e-11,2.4917243693975e-06,-1.1375148549135e-12,9.0306623070906e-14
280,0,0,280,9.0791836436699e-11,2.498004095881e-06,-1.1363367600417e-12,9.1033027581709e-14
281,0,0,281,9.070026725762e-11,2.5042773657216e-06,-1.135171244397e-12,9.1746853409149e-14
282,0,0,282,9.0607993598029e-11,2.510544247883e-06,-1.1340181790068e-12,9.2448229525134e-14
283,0,0,283,9.051502781156e-11,2.5168048106205e-06,-1.1328774358476e-12,9.3137283953363e-14
284,0,0,284,9.0421382124532e-11,2.5230591214857e-06,-1.1317488878406e-12,9.3814143771914e-14
285,0,0,285,9.0327068636896e-11,2.5293072473321e-06,-1.1306324088508e-12,9.4478935116163e-14
286,0,0,286,9.023209932317e-11,2.5355492543204e-06,-1.1295278736822e-12,9.5131783181421e-14
287,0,0,287,9.0136486033381e-11,2.5417852079233e-06,-1.1284351580767e-12,9.5772812226008e-14
288,0,0,288,9.0040240493998e-11,2.5480151729309e-06,-1.1273541387099e-12,9.6402145574e-14
289,0,0,289,8.9943374308866e-11,2.5542392134558e-06,-1.1262846931882e-12,9.7019905618476e-14
290,0,0,290,8.9845898960131e-11,2.5604573929383e-06,-1.1252267000468e-12,9.7626213824474e-14
291,0,0,291,8.9747825809169e-11,2.5666697741514e-06,-1.124180038745e-12,9.8221190732164e-14
292,0,0,292,8.9649166097505e-11,2.5728764192061e-06,-1.1231445896641e-12,9.8804955960161e-14
293,0,0,293,8.9549930947739e-11,2.579077389556e-06,-1.1221202341039e-12,9.9377628208676e-14
294,0,0,294,8.9450131364453e-11,2.5852727460031e-06,-1.1211068542786e-12,9.9939325262928e-14
295,0,0,295,8.9349778235129e-11,2.591462548702e-06,-1.1201043333148e-12,1.0049016399659e-13
296,0,0,296,8.9248882331058e-11,2.5976468571658e-06,-1.1191125552464e-12,1.0103026037505e-13
297,0,0,297,8.9147454308242e-11,2.6038257302703e-06,-1.1181314050128e-12,1.0155972945913e-13
298,0,0,298,8.90455047083e-11,2.6099992262594e-06,-1.1171607684537e-12,1.0207868540853e-13
299,0,0,299,8.8943043959364e-11,2.6161674027502e-06,-1.1162005323071e-12,1.0258724148538e-13
300,0,0,300,8.8840082376974e-11,2.6223303167377e-06,-1.1152505842043e-12,1.0308551005804e-13
301,0,0,301,8.8736630164971e-11,2.6284880245994e-06,-1.114310812667e-12,1.0357360260461e-13
302,0,0,302,8.8632697416381e-11,2.6346405821011e-06,-1.1133811071032e-12,1.0405162971683e-13
303,0,0,303,8.8528294114302e-11,2.640788044401e-06,-1.112461357804e-12,1.0451970110369e-13
304,0,0,304,8.8423430132783e-11,2.6469304660547e-06,-1.1115514559387e-12,1.0497792559546e-13
305,0,0,305,8.8318115237696e-11,2.6530679010204e-06,-1.1106512935518e-12,1.0542641114733e-13
306,0,0,306,8.8212359087615e-11,2.6592004026633e-06,-1.1097607635592e-12,1.0586526484346e-13
307,0,0,307,8.8106171234679e-11,2.6653280237606e-06,-1.1088797597434e-12,1.0629459290089e-13
308,0,0,308,8.7999561125456e-11,2.6714508165063e-06,-1.1080081767507e-12,1.0671450067339e-13
309,0,0,309,8.7892538101808e-11,2.6775688325159e-06,-1.1071459100858e-12,1.0712509265566e-13
310,0,0,310,8.7785111401741e-11,2.683682122831e-06,-1.1062928561096e-12,1.0752647248719e-13
311,0,0,311,8.7677290160263e-11,2.6897907379242e-06,-1.1054489120331e-12,1.0791874295637e-13
312,0,0,312,8.7569083410225e-11,2.6958947277039e-06,-1.1046139759144e-12,1.0830200600469e-13
313,0,0,313,8.7460500083174e-11,2.7019941415184e-06,-1.1037879466554e-12,1.0867636273069e-13
314,0,0,314,8.7351549010183e-11,2.7080890281613e-06,-1.1029707239954e-12,1.0904191339428e-13
315,0,0,315,8.7242238922695e-11,2.7141794358755e-06,-1.1021622085093e-12,1.0939875742076e-13
316,0,0,316,8.7132578453348e-11,2.7202654123582e-06,-1.1013623016017e-12,1.0974699340512e-13
317,0,0,317,8.7022576136807e-11,2.726347004765e-06,-1.1005709055036e-12,1.1008671911624e-13
318,0,0,318,8.6912240410583e-11,2.7324242597152e-06,-1.0997879232677e-12,1.1041803150106e-13
319,0,0,319,8.6801579615854e-11,2.7384972232954e-06,-1.0990132587645e-12,1.1074102668905e-13
320,0,0,320,8.669060199828e-11,2.7445659410648e-06,-1.0982468166777e-12,1.1105579999626e-13
321,0,0,321,8.657931570881e-11,2.7506304580592e-06,-1.0974885025003e-12,1.1136244592974e-13
322,0,0,322,8.6467728804492e-11,2.7566908187956e-06,-1.0967382225292e-12,1.1166105819183e-13
323,0,0,323,8.635584924927e-11,2.7627470672768e-06,-1.0959958838626e-12,1.1195172968456e-13
324,0,0,324,8.6243684914785e-11,2.7687992469953e-06,-1.0952613943943e-12,1.1223455251397e-13
325,0,0,325,8.6131243581165e-11,2.7748474009382e-06,-1.0945346628094e-12,1.1250961799437e-13
326,0,0,326,8.6018532937814e-11,2.7808915715915e-06,-1.0938155985812e-12,1.1277701665288e-13
327,0,0,327,8.5905560584197e-11,2.786931800944e-06,-1.0931041119647e-12,1.1303683823385e-13
328,0,0,328,8.5792334030619e-11,2.7929681304922e-06,-1.0924001139941e-12,1.1328917170304e-13
329,0,0,329,8.5678860699e-11,2.7990006012439e-06,-1.0917035164773e-12,1.1353410525232e-13
330,0,0,330,8.5565147923645e-11,2.8050292537233e-06,-1.0910142319918e-12,1.1377172630387e-13
331,0,0,331,8.5451202952011e-11,2.8110541279744e-06,-1.0903321738804e-12,1.140021215147e-13
332,0,0,332,8.533703294547e-11,2.8170752635658e-06,-1.0896572562464e-12,1.142253767812e-13
333,0,0,333,8.5222644980062e-11,2.8230926995946e-06,-1.08898939395e-12,1.1444157724343e-13
334,0,0,334,8.5108046047256e-11,2.8291064746906e-06,-1.0880006448673e-12,1.1475283457363e-13
335,0,0,335,8.4993243054689e-11,2.8351166270205e-06,-1.0871886751614e-12,1.1500022875056e-13
336,0,0,336,8.4878242825938e-11,2.8411231942866e-06,-1.0871886751614e-12,1.1500022875056e-13
337,0,0,337,8.4763052102262e-11,2.8471262137363e-06,-1.0865465203982e-12,1.1519072367631e-13
338,0,0,338,8.4647677545239e-11,2.8531257221769e-06,-1.0857529811283e-12,1.1541968888087e-13
339,0,0,339,8.4532125735548e-11,2.8591217559687e-06,-1.0851257046964e-12,1.1559530667222e-13
340,0,0,340,8.4416403172758e-11,2.8651143510237e-06,-1.0845049084196e-12,1.1576444484032e-13
341,0,0,341,8.430051627701e-11,2.8711035428154e-06,-1.0838905130466e-12,1.1592718263611e-13
342,0,0,342,8.4184471389731e-11,2.8770893663822e-06,-1.0832824400418e-12,1.1608359859462e-13
343,0,0,343,8.4068274774345e-11,2.8830718563315e-06,-1.0826806115818e-12,1.1623377053938e-13
344,0,0,344,8.3951932616985e-11,2.8890510468439e-06,-1.0820849505501e-12,1.1637777558687e-13
345,0,0,345,8.3835451027194e-11,2.8950269716766e-06,-1.081202855965e-12,1.1658238719042e-13
346,0,0,346,8.3718836038625e-11,2.9009996641677e-06,-1.0804782453219e-12,1.1674242960995e-13
347,0,0,347,8.3602093609015e-11,2.9069691572358e-06,-1.0804782453219e-12,1.1674242960995e-13
348,0,0,348,8.3485229621618e-11,2.9129354833879e-06,-1.0799050335396e-12,1.1686398739642e-13
349,0,0,349,8.3368249886612e-11,2.9188986747275e-06,-1.0793376324636e-12,1.1697973500676e-13
350,0,0,350,8.3251160141032e-11,2.9248587629538e-06,-1.0787759689542e-12,1.1708974557994e-13
351,0,0,351,8.3133966049454e-11,2.9308157793657e-06,-1.0782199705493e-12,1.1719409157818e-13
352,0,0,352,8.3016673204662e-11,2.9367697548654e-06,-1.0776695654587e-12,1.1729284479135e-13
353,0,0,353,8.2899287128321e-11,2.9427207199624e-06,-1.0771246825603e-12,1.1738607634149e-13
354,0,0,354,8.2781813271634e-11,2.9486687047768e-06,-1.0765852513951e-12,1.1747385668721e-13
355,0,0,355,8.2664257016005e-11,2.9546137390429e-06,-1.0760512021635e-12,1.1755625562814e-13
356,0,0,356,8.2546623673696e-11,2.9605558521132e-06,-1.0755224657198e-12,1.1763334230943e-13
357,0,0,357,8.242891848847e-11,2.9664950729616e-06,-1.0749989735693e-12,1.1770518522604e-13
358,0,0,358,8.2311146636243e-11,2.9724314301874e-06,-1.0744806578619e-12,1.1777185222738e-13
359,0,0,359,8.2193313225721e-11,2.9783649520182e-06,-1.0739674513899e-12,1.1783341052146e-13
360,0,0,360,8.2075423299042e-11,2.9842956663143e-06,-1.0734592875814e-12,1.1788992667952e-13
361,0,0,361,8.1957481832401e-11,2.9902236005712e-06,-1.0729561004977e-12,1.1794146664032e-13
362,0,0,362,8.1839493736687e-11,2.9961487819238e-06,-1.0724578248279e-12,1.1798809571453e-13
363,0,0,363,8.1721463858098e-11,3.0020712371497e-06,-1.0719643958847e-12,1.180298785891e-13
364,0,0,364,8.1603396978766e-11,3.0079909926723e-06,-1.0714757496005e-12,1.180668793317e-13
365,0,0,365,8.1485297817371e-11,3.0139080745647e-06,-1.0709918225222e-12,1.1809916139497e-13
366,0,0,366,8.136717102975e-11,3.0198225085526e-06,-1.0705125518076e-12,1.1812678762097e-13
367,0,0,367,8.1249021209505e-11,3.0257343200179e-06,-1.070037875221e-12,1.1814982024539e-13
368,0,0,368,8.1130852888603e-11,3.0316435340021e-06,-1.0695677311282e-12,1.1816832090198e-13
369,0,0,369,8.1012670537976e-11,3.0375501752092e-06,-1.0691020584931e-12,1.1818235062682e-13
370,0,0,370,8.0894478568113e-11,3.0434542680096e-06,-1.0686407968727e-12,1.1819196986259e-13
371,0,0,371,8.077628132965e-11,3.0493558364428e-06,-1.0681838864132e-12,1.181972384629e-13
372,0,0,372,8.0658083113954e-11,3.055254904221e-06,-1.0677312678456e-12,1.1819821569658e-13
373,0,0,373,8.0539888153702e-11,3.0611514947319e-06,-1.0672828824817e-12,1.1819496025176e-13
374,0,0,374,8.0421700623462e-11,3.0670456310425e-06,-1.0668386722092e-12,1.1818753024042e-13
375,0,0,375,8.0303524640259e-11,3.0729373359015e-06,-1.066398579488e-12,1.1817598320232e-13
376,0,0,376,8.018536426415e-11,3.0788266317432e-06,-1.065962547346e-12,1.1816037610941e-13
377,0,0,377,8.006722349878e-11,3.08471354069e-06,-1.065530519375e-12,1.1814076536999e-13
378,0,0,378,7.9949106291947e-11,3.0905980845559e-06,-1.0651024397258e-12,1.1811720683278e-13
379,0,0,379,7.9831016536156e-11,3.0964802848493e-06,-1.0646782531047e-12,1.1808975579129e-13
380,0,0,380,7.9712958069168e-11,3.1023601627762e-06,-1.0642579047695e-12,1.1805846698779e-13
381,0,0,381,7.959493467455e-11,3.1082377392432e-06,-1.0638413405242e-12,1.1802339461757e-13
382,0,0,382,7.9476950082217e-11,3.1141130348604e-06,-1.0634285067166e-12,1.1798459233306e-13
383,0,0,383,7.9359007968969e-11,3.1199860699446e-06,-1.0630193502328e-12,1.1794211324785e-13
384,0,0,384,7.9241111959029e-11,3.1258568645219e-06,-1.0626138184937e-12,1.1789600994085e-13
385,0,0,385,7.9123265624568e-11,3.131725438331e-06,-1.0622118594505e-12,1.1784633446038e-13
386,0,0,386,7.900547248624e-11,3.137591810826e-06,-1.0618134215817e-12,1.1779313832823e-13
387,0,0,387,7.8887736013696e-11,3.1434560011789e-06,-1.0614184538876e-12,1.177364725436e-13
388,0,0,388,7.8770059626109e-11,3.1493180282833e-06,-1.0610269058872e-12,1.1767638758734e-13
389,0,0,389,7.8652446692683e-11,3.1551779107563e-06,-1.0606387276141e-12,1.1761293342571e-13
390,0,0,390,7.8534900533169e-11,3.161035666942e-06,-1.0602538696122e-12,1.1754615951452e-13
391,0,0,391,7.8417424418366e-11,3.166891314914e-06,-1.0598722829318e-12,1.1747611480317e-13
392,0,0,392,7.8300021570627e-11,3.1727448724782e-06,-1.0594939191263e-12,1.1740284773839e-13
393,0,0,393,7.8182695164359e-11,3.1785963571757e-06,-1.0591187302469e-12,1.1732640626839e-13
394,0,0,394,7.8065448326512e-11,3.1844457862853e-06,-1.0587466688403e-12,1.172468378467e-13
395,0,0,395,7.7948284137076e-11,3.1902931768264e-06,-1.0583776879432e-12,1.1716418943604e-13
396,0,0,396,7.7831205629564e-11,3.1961385455617e-06,-1.0580117410797e-12,1.1707850751229e-13
397,0,0,397,7.7714215791496e-11,3.2019819089996e-06,-1.0576487822568e-12,1.1698983806827e-13
398,0,0,398,7.7597317564878e-11,3.2078232833971e-06,-1.0572887659604e-12,1.1689822661766e-13
399,0,0,399,7.7480513846679e-11,3.2136626847626e-06,-1.0569316471523e-12,1.168037181988e-13
400,0,0,400,7.7363807489301e-11,3.219500128858e-06,-1.0565773812652e-12,1.1670635737852e-13
401,0,0,401,7.7247201301045e-11,3.2253356312017e-06,-1.0562259242e-12,1.166061882559e-13
402,0,0,402,7.7130698046579e-11,3.2311692070708e-06,-1.0558772323212e-12,1.1650325446614e-13
403,0,0,403,7.7014300447394e-11,3.2370008715043e-06,-1.0555312624536e-12,1.1639759918416e-13
404,0,0,404,7.6898011182266e-11,3.2428306393047e-06,-1.0551879718786e-12,1.1628926512848e-13
405,0,0,405,7.6781832887701e-11,3.2486585250414e-06,-1.0548473183303e-12,1.161782945649e-13
406,0,0,406,7.6665768158391e-11,3.2544845430524e-06,-1.0545092599916e-12,1.1606472931013e-13
407,0,0,407,7.6549819547655e-11,3.2603087074473e-06,-1.0541737554909e-12,1.1594861073562e-13
408,0,0,408,7.6433989567884e-11,3.2661310321098e-06,-1.0538407638983e-12,1.1582997977104e-13
409,0,0,409,7.6318280690976e-11,3.2719515306994e-06,-1.053510244722e-12,1.1570887690813e-13
410,0,0,410,7.6202695348772e-11,3.2777702166547e-06,-1.0531821579044e-12,1.1558534220409e-13
411,0,0,411,7.6087235933487e-11,3.2835871031951e-06,-1.0528564638191e-12,1.1545941528537e-13
412,0,0,412,7.5971904798135e-11,3.2894022033236e-06,-1.0525331232664e-12,1.1533113535121e-13
413,0,0,413,7.5856704256958e-11,3.295215529829e-06,-1.0522120974707e-12,1.1520054117712e-13
414,0,0,414,7.574163658584e-11,3.301027095288e-06,-1.0518933480764e-12,1.1506767111856e-13
415,0,0,415,7.5626704022725e-11,3.3068369120678e-06,-1.0515768371444e-12,1.1493256311437e-13
416,0,0,416,7.5511908768035e-11,3.3126449923283e-06,-1.0512625271488e-12,1.1479525469029e-13
417,0,0,417,7.5397252985073e-11,3.3184513480243e-06,-1.0509503809732e-12,1.1465578296249e-13
418,0,0,418,7.5282738800432e-11,3.3242559909077e-06,-1.0506403619074e-12,1.1451418464099e-13
419,0,0,419,7.5168368304398e-11,3.3300589325301e-06,-1.0503324336437e-12,1.1437049603315e-13
420,0,0,420,7.5054143551351e-11,3.3358601842443e-06,-1.050026560274e-12,1.1422475304704e-13
421,0,0,421,7.4940066560156e-11,3.3416597572072e-06,-1.0497227062858e-12,1.1407699119493e-13
422,0,0,422,7.482613931456e-11,3.3474576623816e-06,-1.0494208365591e-12,1.1392724559659e-13
423,0,0,423,7.4712363763577e-11,3.3532539105383e-06,-1.049120916363e-12,1.1377555098271e-13
424,0,0,424,7.4598741821879e-11,3.3590485122584e-06,-1.0488229113524e-12,1.1362194169829e-13
425,0,0,425,7.4485275370173e-11,3.3648414779356e-06,-1.0485267875644e-12,1.1346645170582e-13
426,0,0,426,7.4371966255584e-11,3.3706328177777e-06,-1.0482325114156e-12,1.1330911458878e-13
427,0,0,427,7.425881629203e-11,3.3764225418091e-06,-1.0479400496979e-12,1.1314996355478e-13
428,0,0,428,7.4145827260591e-11,3.3822106598731e-06,-1.0476493695763e-12,1.1298903143891e-13
429,0,0,429,7.4033000909884e-11,3.3879971816332e-06,-1.0473604385845e-12,1.1282635070695e-13
430,0,0,430,7.3920338956425e-11,3.3937821165759e-06,-1.0470732246227e-12,1.1266195345864e-13
431,0,0,431,7.3807843084994e-11,3.3995654740121e-06,-1.046787695954e-12,1.1249587143085e-13
432,0,0,432,7.3695514948993e-11,3.4053472630795e-06,-1.0465038212009e-12,1.1232813600075e-13
433,0,0,433,7.3583356170804e-11,3.4111274927444e-06,-1.0462215693424e-12,1.1215877818904e-13
434,0,0,434,7.3471368342141e-11,3.4169061718036e-06,-1.045940909711e-12,1.1198782866312e-13
435,0,0,435,7.3359553024401e-11,3.4226833088864e-06,-1.0456618119895e-12,1.118153177401e-13
436,0,0,436,7.3247911749011e-11,3.4284589124566e-06,-1.0453842462074e-12,1.1164127539001e-13
437,0,0,437,7.3136446017772e-11,3.4342329908143e-06,-1.0451081827387e-12,1.1146573123891e-13
438,0,0,438,7.30251573032e-11,3.4400055520977e-06,-1.044833592298e-12,1.1128871457181e-13
439,0,0,439,7.2914047048864e-11,3.4457766042852e-06,-1.0445604459379e-12,1.1111025433596e-13
440,0,0,440,7.2803116669721e-11,3.451546155197e-06,-1.0442887150461e-12,1.1093037914366e-13
441,0,0,441,7.2692367552445e-11,3.4573142124973e-06,-1.0440183713416e-12,1.1074911727537e-13
442,0,0,442,7.2581801055763e-11,3.4630807836955e-06,-1.0437493868728e-12,1.1056649668272e-13
443,0,0,443,7.2471418510771e-11,3.4688458761486e-06,-1.0434817340137e-12,1.1038254499145e-13
444,0,0,444,7.2361221221267e-11,3.4746094970627e-06,-1.0432153854613e-12,1.1019728950436e-13
445,0,0,445,7.2251210464063e-11,3.480371653495e-06,-1.0429503142326e-12,1.1001075720428e-13
446,0,0,446,7.2141387489306e-11,3.486132352355e-06,-1.0426864936616e-12,1.0982297475687e-13
447,0,0,447,7.2031753520792e-11,3.4918916004069e-06,-1.0424238973967e-12,1.0963396851374e-13
448,0,0,448,7.1922309756277e-11,3.4976494042709e-06,-1.0421624993975e-12,1.0944376451505e-13
449,0,0,449,7.1813057367784e-11,3.5034057704253e-06,-1.0419022739318e-12,1.0925238849261e-13
450,0,0,450,7.1703997501912e-11,3.5091607052074e-06,-1.0416431955735e-12,1.0905986587252e-13
451,0,0,451,7.1595131280134e-11,3.5149142148163e-06,-1.0413852391989e-12,1.0886622177815e-13
452,0,0,452,7.1486459799101e-11,3.5206663053134e-06,-1.0411283799847e-12,1.0867148103281e-13
453,0,0,453,7.1377984130938e-11,3.5264169826251e-06,-1.0408725934042e-12,1.0847566816263e-13
454,0,0,454,7.1269705323539e-11,3.5321662525434e-06,-1.040617855226e-12,1.082788073992e-13
455,0,0,455,7.1161624400857e-11,3.5379141207286e-06,-1.0403641415097e-12,1.0808092268246e-13
456,0,0,456,7.1053742363193e-11,3.5436605927098e-06,-1.0401114286044e-12,1.0788203766331e-13
457,0,0,457,7.0946060187487e-11,3.5494056738874e-06,-1.0398596931452e-12,1.0768217570633e-13
458,0,0,458,7.0838578827595e-11,3.5551493695341e-06,-1.0396089120508e-12,1.0748135989249e-13
459,0,0,459,7.0731299214573e-11,3.5608916847966e-06,-1.0393590625212e-12,1.0727961302185e-13
460,0,0,460,7.0624222256957e-11,3.5666326246974e-06,-1.0391101220344e-12,1.0707695761607e-13
461,0,0,461,7.0517348841035e-11,3.5723721941357e-06,-1.0388620683441e-12,1.0687341592118e-13
462,0,0,462,7.0410679831125e-11,3.5781103978898e-06,-1.0386148794774e-12,1.0666900991016e-13
463,0,0,463,7.030421606984e-11,3.5838472406176e-06,-1.0383685337314e-12,1.0646376128545e-13
464,0,0,464,7.0197958378358e-11,3.5895827268588e-06,-1.0381230096713e-12,1.062576914816e-13
465,0,0,465,7.009190755669e-11,3.5953168610363e-06,-1.037878286128e-12,1.060508216678e-13
466,0,0,466,6.998606438394e-11,3.6010496474573e-06,-1.0376343421948e-12,1.058431727504e-13
467,0,0,467,6.9880429618565e-11,3.6067810903149e-06,-1.0373911572252e-12,1.0563476537545e-13
468,0,0,468,6.9775003998633e-11,3.6125111936897e-06,-1.0371487108312e-12,1.0542561993118e-13
469,0,0,469,6.9669788242083e-11,3.6182399615509e-06,-1.0369069828795e-12,1.0521575655047e-13
470,0,0,470,6.956478304697e-11,3.623967397758e-06,-1.0366659534898e-12,1.0500519511336e-13
471,0,0,471,6.945998909172e-11,3.6296935060621e-06,-1.0364256030325e-12,1.0479395524941e-13
472,0,0,472,6.935540703538e-11,3.6354182901069e-06,-1.0361859121258e-12,1.0458205634022e-13
473,0,0,473,6.9251037517858e-11,3.6411417534309e-06,-1.0359468616333e-12,1.0436951752172e-13
474,0,0,474,6.9146881160171e-11,3.6468638994677e-06,-1.0357084326623e-12,1.0415635768673e-13
475,0,0,475,6.9042938564684e-11,3.6525847315481e-06,-1.0354706065606e-12,1.0394259548711e-13
476,0,0,476,6.8939210315348e-11,3.6583042529013e-06,-1.0352333649145e-12,1.0372824933633e-13
477,0,0,477,6.8835696977936e-11,3.6640224666557e-06,-1.0349966895467e-12,1.0351333741163e-13
478,0,0,478,6.873239910028e-11,3.6697393758408e-06,-1.0347605625134e-12,1.0329787765651e-13
479,0,0,479,6.8629317212497e-11,3.6754549833883e-06,-1.0345249661025e-12,1.030818877828e-13
480,0,0,480,6.8526451827224e-11,3.6811692921333e-06,-1.0342898828311e-12,1.028653852732e-13
481,0,0,481,6.8423803439841e-11,3.6868823048153e-06,-1.0340552954436e-12,1.0264838738336e-13
482,0,0,482,6.8321372528696e-11,3.69259402408e-06,-1.0338211869085e-12,1.0243091114421e-13
483,0,0,483,6.8219159555332e-11,3.6983044524801e-06,-1.0335875404176e-12,1.0221297336415e-13
484,0,0,484,6.8117164964701e-11,3.7040135924767e-06,-1.0333543393823e-12,1.0199459063133e-13
485,0,0,485,6.8015389185385e-11,3.7097214464404e-06,-1.0331215674324e-12,1.0177577931573e-13
486,0,0,486,6.7913832629814e-11,3.7154280166526e-06,-1.0328892084136e-12,1.015565555715e-13
487,0,0,487,6.7812495694475e-11,3.7211333053067e-06,-1.0326572463855e-12,1.0133693533894e-13
488,0,0,488,6.7711378760128e-11,3.726837314509e-06,-1.0324256656189e-12,1.0111693434684e-13
489,0,0,489,6.7610482192013e-11,3.7325400462802e-06,-1.0321944505947e-12,1.008965681144e-13
490,0,0,490,6.750980634006e-11,3.7382415025565e-06,-1.0319635860005e-12,1.0067585195353e-13
491,0,0,491,6.7409351539089e-11,3.7439416851903e-06,-1.0317330567297e-12,1.0045480097085e-13
492,0,0,492,6.7309118109019e-11,3.7496405959521e-06,-1.0315028478784e-12,1.0023343006974e-13
493,0,0,493,6.7209106355067e-11,3.7553382365308e-06,-1.0312729447445e-12,1.0001175395253e-13
494,0,0,494,6.7109316567944e-11,3.7610346085353e-06,-1.0310433328243e-12,9.9789787122381e-14
495,0,0,495,6.7009749024059e-11,3.7667297134956e-06,-1.0308139978116e-12,9.9567543885438e-14
496,0,0,496,6.6910403985706e-11,3.7724235528636e-06,-1.0305849255952e-12,9.9345038352806e-14
497,0,0,497,6.6811281701264e-11,3.7781161280141e-06,-1.0303561022566e-12,9.9122284442535e-14
498,0,0,498,6.6712382405382e-11,3.7838074402466e-06,-1.0301275140688e-12,9.8899295881609e-14
499,0,0,499,6.6613706319174e-11,3.7894974907852e-06,-1.0298991474936e-12,9.8676086207926e-14
500,0,0,500,6.6515253650402e-11,3.7951862807807e-06,-1.0296709891802e-12,9.8452668772207e-14
501,0,0,501,6.6417024593662e-11,3.8008738113109e-06,-1.0294430259627e-12,9.8229056740012e-14
502,0,0,502,6.6319019330568e-11,3.8065600833819e-06,-1.0292152448587e-12,9.8005263093554e-14
503,0,0,503,6.6221238029935e-11,3.8122450979292e-06,-1.0289876330674e-12,9.7781300633659e-14
504,0,0,504,6.6123680847953e-11,3.8179288558186e-06,-1.0287601779668e-12,9.7557181981683e-14
505,0,0,505,6.6026347928372e-11,3.8236113578468e-06,-1.0285328671136e-12,9.7332919581291e-14
506,0,0,506,6.5929239402671e-11,3.8292926047432e-06,-1.0283056882393e-12,9.7108525700437e-14
507,0,0,507,6.5832355390238e-11,3.8349725971699e-06,-1.0280786292495e-12,9.6884012433057e-14
508,0,0,508,6.5735695998537e-11,3.8406513357237e-06,-1.0278516782227e-12,9.6659391701035e-14
509,0,0,509,6.5639261323281e-11,3.8463288209359e-06,-1.0276248234069e-12,9.6434675255931e-14
510,0,0,510,6.55430514486e-11,3.8520050532741e-06,-1.0273980532188e-12,9.6209874680807e-14
511,0,0,511,6.5447066447208e-11,3.8576800331428e-06,-1.0271713562417e-12,9.5985001391984e-14
512,0,0,512,6.5351306380568e-11,3.8633537608844e-06,-1.0269447212244e-12,9.5760066640837e-14
513,0,0,513,6.5255771299052e-11,3.8690262367799e-06,-1.0267181370783e-12,9.5535081515502e-14
514,0,0,514,6.5160461242109e-11,3.8746974610499e-06,-1.0264915928767e-12,9.5310056942673e-14
515,0,0,515,6.506537623842e-11,3.8803674338557e-06,-1.0262650778521e-12,9.5085003689295e-14
516,0,0,516,6.4970516306056e-11,3.8860361552999e-06,-1.026038581396e-12,9.4859932364243e-14
517,0,0,517,6.4875881452636e-11,3.8917036254273e-06,-1.025812093055e-12,9.4634853420032e-14
518,0,0,518,6.4781471675481e-11,3.8973698442258e-06,-1.0255856025316e-12,9.4409777154554e-14
519,0,0,519,6.4687286961769e-11,3.9030348116273e-06,-1.0253590996805e-12,9.4184713712624e-14
520,0,0,520,6.4593327288681e-11,3.9086985275086e-06,-1.0251325745078e-12,9.3959673087748e-14
521,0,0,521,6.4499592623557e-11,3.9143609916918e-06,-1.0249060171702e-12,9.3734665123672e-14
522,0,0,522,6.4406082924041e-11,3.9200222039458e-06,-1.0246794179712e-12,9.3509699516038e-14
523,0,0,523,6.4312798138227e-11,3.9256821639865e-06,-1.0244527673617e-12,9.3284785814026e-14
524,0,0,524,6.4219738204805e-11,3.9313408714779e-06,-1.0242260559372e-12,9.3059933421879e-14
525,0,0,525,6.4126903053205e-11,3.9369983260328e-06,-1.0239992744367e-12,9.283515160053e-14
526,0,0,526,6.4034292603736e-11,3.9426545272136e-06,-1.0237724137405e-12,9.261044946914e-14
527,0,0,527,6.3941906767729e-11,3.9483094745334e-06,-1.02354546487e-12,9.2385836006691e-14
528,0,0,528,6.3849745447675e-11,3.9539631674559e-06,-1.023318418984e-12,9.2161320053495e-14
529,0,0,529,6.3757808537363e-11,3.9596156053973e-06,-1.0230912673798e-12,9.193691031268e-14
530,0,0,530,6.3666095922011e-11,3.9652667877259e-06,-1.0228640014891e-12,9.1712615351809e-14
531,0,0,531,6.3574607478407e-11,3.9709167137639e-06,-1.0226366128786e-12,9.1488443604299e-14
532,0,0,532,6.3483343075036e-11,3.9765653827874e-06,-1.0224090932475e-12,9.1264403370893e-14
533,0,0,533,6.3392302572215e-11,3.9822127940273e-06,-1.0221814344255e-12,9.1040502821189e-14
534,0,0,534,6.330148582222e-11,3.9878589466703e-06,-1.0219536283728e-12,9.0816749995074e-14
535,0,0,535,6.3210892669415e-11,3.9935038398591e-06,-1.0217256671778e-12,9.0593152804179e-14
536,0,0,536,6.3120522950382e-11,3.9991474726937e-06,-1.0214975430553e-12,9.0369719033297e-14
537,0,0,537,6.303037649404e-11,4.0047898442315e-06,-1.0212692483455e-12,9.0146456341795e-14
538,0,0,538,6.2940453121775e-11,4.0104309534885e-06,-1.0210407755132e-12,8.9923372265071e-14
539,0,0,539,6.2850752647559e-11,4.0160707994395e-06,-1.020812117145e-12,8.9700474215916e-14
540,0,0,540,6.2761274878073e-11,4.0217093810194e-06,-1.0205832659496e-12,8.9477769485888e-14
541,0,0,541,6.2672019612827e-11,4.027346697123e-06,-1.0203542147547e-12,8.9255265246682e-14
542,0,0,542,6.2582986644275e-11,4.0329827466064e-06,-1.0201249565071e-12,8.9032968551537e-14
543,0,0,543,6.2494175757939e-11,4.0386175282875e-06,-1.0198954842706e-12,8.8810886336532e-14
544,0,0,544,6.2405586732517e-11,4.0442510409462e-06,-1.0196657912244e-12,8.8589025421938e-14
545,0,0,545,6.2317219340003e-11,4.0498832833255e-06,-1.0194358706626e-12,8.8367392513503e-14
546,0,0,546,6.2229073345799e-11,4.0555142541321e-06,-1.0192057159929e-12,8.8145994203893e-14
547,0,0,547,6.2141148508826e-11,4.0611439520367e-06,-1.0189753207337e-12,8.7924836973759e-14
548,0,0,548,6.2053444581632e-11,4.0667723756749e-06,-1.018744678515e-12,8.7703927193284e-14
549,0,0,549,6.1965961310509e-11,4.0723995236477e-06,-1.0185137830756e-12,8.7483271123242e-14
550,0,0,550,6.1878698435593e-11,4.0780253945221e-06,-1.0182826282631e-12,8.7262874916423e-14
551,0,0,551,6.1791655690974e-11,4.0836499868317e-06,-1.0180512080305e-12,8.7042744618754e-14
552,0,0,552,6.1704832804803e-11,4.0892732990772e-06,-1.017819516438e-12,8.6822886170608e-14
553,0,0,553,6.1618229499395e-11,4.0948953297272e-06,-1.0175875476489e-12,8.6603305408039e-14
554,0,0,554,6.1531845491331e-11,4.1005160772185e-06,-1.01735529593e-12,8.6384008063993e-14
555,0,0,555,6.1445680491562e-11,4.1061355399569e-06,-1.0171227556506e-12,8.6164999769449e-14
556,0,0,556,6.1359734205507e-11,4.1117537163176e-06,-1.0168899212796e-12,8.5946286054703e-14
557,0,0,557,6.1274006333157e-11,4.1173706046457e-06,-1.0166567873865e-12,8.5727872350521e-14
558,0,0,558,6.1188496569167e-11,4.1229862032569e-06,-1.0164233486385e-12,8.5509763989283e-14
559,0,0,559,6.1103204602961e-11,4.1286005104382e-06,-1.0161895998004e-12,8.5291966206149e-14
560,0,0,560,6.1018130118821e-11,4.1342135244477e-06,-1.0159555357327e-12,8.5074484140266e-14
561,0,0,561,6.0933272795985e-11,4.1398252435162e-06,-1.015721151391e-12,8.485732283583e-14
562,0,0,562,6.0848632308742e-11,4.1454356658467e-06,-1.0154864418248e-12,8.4640487243274e-14
563,0,0,563,6.0764208326521e-11,4.1510447896156e-06,-1.0152514021759e-12,8.4423982220343e-14
564,0,0,564,6.0680000513988e-11,4.156652612973e-06,-1.0150160276782e-12,8.4207812533241e-14
565,0,0,565,6.059600853113e-11,4.1622591340429e-06,-1.0147803136556e-12,8.3991982857695e-14
566,0,0,566,6.051223203335e-11,4.1678643509242e-06,-1.0145442555217e-12,8.3776497780035e-14
567,0,0,567,6.0428670671552e-11,4.173468261691e-06,-1.014307848778e-12,8.3561361798339e-14
568,0,0,568,6.0345324092229e-11,4.1790708643927e-06,-1.0140710890137e-12,8.3346579323381e-14
569,0,0,569,6.0262191937549e-11,4.1846721570552e-06,-1.013833971904e-12,8.3132154679828e-14
570,0,0,570,6.0179273845442e-11,4.1902721376806e-06,-1.013596493209e-12,8.2918092107135e-14
571,0,0,571,6.0096569449681e-11,4.1958708042484e-06,-1.0133586487733e-12,8.2704395760724e-14
572,0,0,572,6.0014078379968e-11,4.2014681547154e-06,-1.0131204345243e-12,8.2491069712893e-14
573,0,0,573,5.9931800262014e-11,4.2070641870164e-06,-1.0128818464716e-12,8.2278117953911e-14
574,0,0,574,5.9849734717621e-11,4.2126588990645e-06,-1.0126428807057e-12,8.2065544392969e-14
575,0,0,575,5.9767881364762e-11,4.2182522887517e-06,-1.0124035333972e-12,8.1853352859227e-14
576,0,0,576,5.9686239817659e-11,4.2238443539495e-06,-1.0121638007963e-12,8.1641547102736e-14
577,0,0,577,5.9604809686864e-11,4.2294350925088e-06,-1.01192367923e-12,8.1430130795491e-14
578,0,0,578,5.9523590579331e-11,4.2350245022607e-06,-1.011683165104e-12,8.1219107532317e-14
579,0,0,579,5.94425820985e-11,4.2406125810171e-06,-1.0114422548989e-12,8.100848083191e-14
580,0,0,580,5.9361783844362e-11,4.2461993265705e-06,-1.0112009451716e-12,8.0798254137695e-14
581,0,0,581,5.9281195413543e-11,4.2517847366951e-06,-1.0109592325523e-12,8.0588430818842e-14
582,0,0,582,5.9200816399372e-11,4.2573688091468e-06,-1.0107171137451e-12,8.0379014171188e-14
583,0,0,583,5.9120646391954e-11,4.2629515416635e-06,-1.0104745855266e-12,8.0170007418074e-14
584,0,0,584,5.9040684978242e-11,4.2685329319659e-06,-1.0102316447444e-12,7.9961413711357e-14
585,0,0,585,5.896093174211e-11,4.2741129777577e-06,-1.0099882883174e-12,7.9753236132271e-14
586,0,0,586,5.8881386264418e-11,4.2796916767259e-06,-1.0097445132337e-12,7.9545477692322e-14
587,0,0,587,5.8802048123084e-11,4.2852690265411e-06,-1.0095003165506e-12,7.9338141334141e-14
588,0,0,588,5.8722916893151e-11,4.2908450248582e-06,-1.009255695393e-12,7.9131229932426e-14
589,0,0,589,5.8643992146856e-11,4.2964196693165e-06,-1.0090106469533e-12,7.892474629477e-14
590,0,0,590,5.8565273453694e-11,4.3019929575402e-06,-1.0087651684901e-12,7.8718693162488e-14
591,0,0,591,5.8486760380482e-11,4.3075648871387e-06,-1.0085192573267e-12,7.8513073211522e-14
592,0,0,592,5.8408452491429e-11,4.3131354557069e-06,-1.0082729108522e-12,7.8307889053283e-14
593,0,0,593,5.8330349348194e-11,4.3187046608258e-06,-1.0080261265185e-12,7.8103143235407e-14
594,0,0,594,5.8252450509951e-11,4.3242725000625e-06,-1.0077789018403e-12,7.789883824267e-14
595,0,0,595,5.8174755533453e-11,4.3298389709707e-06,-1.0075312343952e-12,7.7694976497759e-14
596,0,0,596,5.8097263973091e-11,4.3354040710913e-06,-1.0072831218211e-12,7.7491560362081e-14
597,0,0,597,5.8019975380955e-11,4.3409677979522e-06,-1.0070345618175e-12,7.7288592136543e-14
598,0,0,598,5.7942889306892e-11,4.346530149069e-06,-1.0067855521423e-12,7.7086074062423e-14
599,0,0,599,5.786600529857e-11,4.3520911219453e-06,-1.0065360906134e-12,7.6884008322024e-14
600,0,0,600,5.7789322901531e-11,4.357650714073e-06,-1.0062861751063e-12,7.6682397039584e-14
601,0,0,601,5.7712841659249e-11,4.3632089229324e-06,-1.0060358035539e-12,7.6481242281937e-14
602,0,0,602,5.7636561113189e-11,4.3687657459928e-06,-1.0057849739457e-12,7.6280546059326e-14
603,0,0,603,5.7560480802863e-11,4.3743211807129e-06,-1.0055336843271e-12,7.6080310326152e-14
604,0,0,604,5.7484600265882e-11,4.3798752245405e-06,-1.0052819327988e-12,7.5880536981692e-14
605,0,0,605,5.7408919038011e-11,4.3854278749135e-06,-1.0050297175156e-12,7.5681227870852e-14
606,0,0,606,5.7333436653226e-11,4.3909791292598e-06,-1.0047770366858e-12,7.5482384784909e-14
607,0,0,607,5.7258152643764e-11,4.3965289849978e-06,-1.0045238885715e-12,7.5284009462183e-14
608,0,0,608,5.7183066540175e-11,4.4020774395364e-06,-1.0042702714856e-12,7.5086103588805e-14
609,0,0,609,5.7108177871375e-11,4.4076244902756e-06,-1.0040161837937e-12,7.4888668799414e-14
610,0,0,610,5.7033486164698e-11,4.4131701346066e-06,-1.0037616239118e-12,7.4691706677787e-14
611,0,0,611,5.695899094594e-11,4.4187143699122e-06,-1.0035065903059e-12,7.4495218757635e-14
612,0,0,612,5.6884691739417e-11,4.4242571935668e-06,-1.0032510814916e-12,7.4299206523211e-14
613,0,0,613,5.6810588068007e-11,4.4297986029372e-06,-1.0029950960332e-12,7.4103671409995e-14
614,0,0,614,5.6736679453201e-11,4.4353385953821e-06,-1.002738632543e-12,7.3908614805409e-14
615,0,0,615,5.6662965415152e-11,4.4408771682533e-06,-1.0024816896808e-12,7.3714038049434e-14
616,0,0,616,5.6589445472717e-11,4.446414318895e-06,-1.0022242661537e-12,7.351994243525e-14
617,0,0,617,5.6516119143507e-11,4.4519500446448e-06,-1.0019663607137e-12,7.3326329209961e-14
618,0,0,618,5.6442985943932e-11,4.4574843428336e-06,-1.0017079721595e-12,7.3133199575145e-14
619,0,0,619,5.6370045389244e-11,4.4630172107857e-06,-1.0014490993338e-12,7.2940554687554e-14
620,0,0,620,5.6297296993584e-11,4.4685486458195e-06,-1.0011897411241e-12,7.2748395659702e-14
621,0,0,621,5.6224740270024e-11,4.4740786452475e-06,-1.0009298964614e-12,7.2556723560513e-14
622,0,0,622,5.6152374730608e-11,4.4796072063763e-06,-1.0006695643192e-12,7.2365539415911e-14
623,0,0,623,5.6080199886398e-11,4.4851343265073e-06,-1.0004087437142e-12,7.2174844209464e-14
624,0,0,624,5.6008215247516e-11,4.4906600029366e-06,-1.000147433704e-12,7.1984638882912e-14
625,0,0,625,5.5936420323179e-11,4.4961842329554e-06,-9.998856333881e-13,7.1794924336861e-14
626,0,0,626,5.5864814621747e-11,4.5017070138499e-06,-9.996233419062e-13,7.1605701431286e-14
627,0,0,627,5.5793397650761e-11,4.507228342902e-06,-9.9936055843825e-13,7.1416970986171e-14
628,0,0,628,5.5722168916979e-11,4.5127482173893e-06,-9.9909728220326e-13,7.1228733782025e-14
629,0,0,629,5.5651127926419e-11,4.5182666345852e-06,-9.9883351245968e-13,7.1040990560518e-14
630,0,0,630,5.5580274184394e-11,4.5237835917593e-06,-9.9856924850378e-13,7.0853742024993e-14
631,0,0,631,5.5509607195553e-11,4.5292990861774e-06,-9.9830448966989e-13,7.0666988841046e-14
632,0,0,632,5.5439126463916e-11,4.5348131151018e-06,-9.9803923532911e-13,7.0480731637056e-14
633,0,0,633,5.5368831492911e-11,4.5403256757918e-06,-9.9777348488997e-13,7.0294971004769e-14
634,0,0,634,5.5298721785411e-11,4.5458367655034e-06,-9.975072377964e-13,7.010970749979e-14
635,0,0,635,5.5228796843769e-11,4.5513463814898e-06,-9.972404935282e-13,6.9924941642138e-14
636,0,0,636,5.5159056169852e-11,4.5568545210014e-06,-9.9697325160014e-13,6.9740673916793e-14
637,0,0,637,5.5089499265078e-11,4.5623611812862e-06,-9.9670551156164e-13,6.9556904774149e-14
638,0,0,638,5.5020125630447e-11,4.5678663595901e-06,-9.964372729963e-13,6.9373634630633e-14
639,0,0,639,5.4950934766578e-11,4.5733700531565e-06,-9.9616853552083e-13,6.9190863869094e-14
640,0,0,640,5.4881926173739e-11,4.5788722592271e-06,-9.9589929878506e-13,6.9008592839423e-14
641,0,0,641,5.481309935188e-11,4.5843729750419e-06,-9.9562956247165e-13,6.8826821858946e-14
642,0,0,642,5.4744453800667e-11,4.5898721978391e-06,-9.9535932629527e-13,6.864555121301e-14
643,0,0,643,5.4675989019511e-11,4.5953699248557e-06,-9.9508859000143e-13,6.8464781155383e-14
644,0,0,644,5.4607704507603e-11,4.6008661533273e-06,-9.9481735336735e-13,6.8284511908824e-14
645,0,0,645,5.4539599763937e-11,4.6063608804887e-06,-9.945456162011e-13,6.810474366545e-14
646,0,0,646,5.447167428735e-11,4.6118541035734e-06,-9.9427337833986e-13,6.7925476587332e-14
647,0,0,647,5.4403927576543e-11,4.6173458198146e-06,-9.9400063965146e-13,6.7746710806857e-14
648,0,0,648,5.4336359130116e-11,4.6228360264446e-06,-9.9372740003227e-13,6.7568446427242e-14
649,0,0,649,5.4268968446593e-11,4.6283247206955e-06,-9.9345365940748e-13,6.7390683522959e-14
650,0,0,650,5.4201755024453e-11,4.6338118997989e-06,-9.9317941773108e-13,6.7213422140206e-14
651,0,0,651,5.4134718362155e-11,4.6392975609867e-06,-9.9290467498407e-13,6.7036662297364e-14
652,0,0,652,5.406785795817e-11,4.6447817014904e-06,-9.926294311758e-13,6.6860403985372e-14
653,0,0,653,5.4001173311002e-11,4.650264318542e-06,-9.9235368634154e-13,6.6684647168241e-14
654,0,0,654,5.3934663919218e-11,4.6557454093738e-06,-9.9207744054413e-13,6.6509391783441e-14
655,0,0,655,5.3868329281476e-11,4.6612249712184e-06,-9.9180069387143e-13,6.6334637742297e-14
656,0,0,656,5.3802168896545e-11,4.6667030013092e-06,-9.9152344643812e-13,6.6160384930501e-14
657,0,0,657,5.3736182263337e-11,4.6721794968804e-06,-9.9124569838341e-13,6.5986633208403e-14
658,0,0,658,5.3670368880925e-11,4.677654455167e-06,-9.9096744987149e-13,6.5813382411529e-14
659,0,0,659,5.3604728248574e-11,4.683127873405e-06,-9.9068870109139e-13,6.5640632350921e-14
660,0,0,660,5.3539259865761e-11,4.6885997488319e-06,-9.9040945225562e-13,6.5468382813559e-14
661,0,0,661,5.3473963232198e-11,4.694070078686e-06,-9.9012970360072e-13,6.5296633562755e-14
662,0,0,662,5.340883784786e-11,4.6995388602075e-06,-9.8984945538673e-13,6.5125384338547e-14
663,0,0,663,5.3343883213002e-11,4.7050060906378e-06,-9.8956870789604e-13,6.4954634858071e-14
664,0,0,664,5.3279098828186e-11,4.7104717672203e-06,-9.892874614339e-13,6.478438481595e-14
665,0,0,665,5.3214484194301e-11,4.7159358872001e-06,-9.8900571632763e-13,6.4614633884684e-14
666,0,0,666,5.3150038812586e-11,4.721398447824e-06,-9.8872347292617e-13,6.4445381715003e-14
667,0,0,667,5.308576218465e-11,4.7268594463411e-06,-9.8844073160039e-13,6.4276627936239e-14
668,0,0,668,5.3021653812493e-11,4.7323188800026e-06,-9.8815749274124e-13,6.4108372156704e-14
669,0,0,669,5.2957713198529e-11,4.7377767460621e-06,-9.8787375676127e-13,6.3940613964034e-14
670,0,0,670,5.2893939845603e-11,4.7432330417753e-06,-9.8758952409269e-13,6.3773352925537e-14
671,0,0,671,5.2830333257015e-11,4.7486877644007e-06,-9.8730479518821e-13,6.3606588588577e-14
672,0,0,672,5.2766892936534e-11,4.7541409111991e-06,-9.870195705199e-13,6.3440320480892e-14
673,0,0,673,5.2703618388423e-11,4.7595924794344e-06,-9.8673385057882e-13,6.3274548110916e-14
674,0,0,674,5.2640509117455e-11,4.7650424663729e-06,-9.8644763587533e-13,6.3109270968189e-14
675,0,0,675,5.2577564628931e-11,4.7704908692842e-06,-9.8616092693853e-13,6.2944488523613e-14
676,0,0,676,5.2514784428701e-11,4.7759376854406e-06,-9.8587372431544e-13,6.278020022984e-14
677,0,0,677,5.245216802318e-11,4.7813829121178e-06,-9.8558602857117e-13,6.2616405521543e-14
678,0,0,678,5.2389714919364e-11,4.7868265465945e-06,-9.8529784028846e-13,6.2453103815799e-14
679,0,0,679,5.2327424624852e-11,4.7922685861529e-06,-9.8500916006738e-13,6.2290294512359e-14
680,0,0,680,5.2265296647858e-11,4.7977090280785e-06,-9.8471998852501e-13,6.2127976993992e-14
681,0,0,681,5.2203330497231e-11,4.8031478696602e-06,-9.8443032629484e-13,6.1966150626767e-14
682,0,0,682,5.2141525682471e-11,4.8085851081907e-06,-9.8414017402722e-13,6.1804814760397e-14
683,0,0,683,5.2079881713742e-11,4.8140207409664e-06,-9.8384953238831e-13,6.1643968728498e-14
684,0,0,684,5.2018398101893e-11,4.8194547652871e-06,-9.8355840205988e-13,6.148361184893e-14
685,0,0,685,5.1957074358469e-11,4.824887178457e-06,-9.832667837395e-13,6.1323743424064e-14
686,0,0,686,5.1895909995728e-11,4.8303179777837e-06,-9.8297467813979e-13,6.1164362741082e-14
687,0,0,687,5.1834904526656e-11,4.8357471605792e-06,-9.8268208598819e-13,6.1005469072279e-14
688,0,0,688,5.177405746498e-11,4.8411747241595e-06,-9.8238900802691e-13,6.0847061675299e-14
689,0,0,689,5.1713368325187e-11,4.8466006658446e-06,-9.8209544501224e-13,6.0689139793505e-14
690,0,0,690,5.1652836622531e-11,4.8520249829591e-06,-9.8180139771503e-13,6.0531702656152e-14
691,0,0,691,5.1592461873052e-11,4.8574476728316e-06,-9.8150686691933e-13,6.0374749478743e-14
692,0,0,692,5.1532243593589e-11,4.8628687327952e-06,-9.8121185342298e-13,6.0218279463255e-14
693,0,0,693,5.147218130179e-11,4.8682881601877e-06,-9.8091635803699e-13,6.0062291798418e-14
694,0,0,694,5.141227451613e-11,4.8737059523511e-06,-9.8062038158575e-13,5.9906785659986e-14
695,0,0,695,5.1352522755919e-11,4.8791221066324e-06,-9.8032392490572e-13,5.9751760210987e-14
696,0,0,696,5.1292925541317e-11,4.8845366203829e-06,-9.8002698884625e-13,5.9597214601985e-14
697,0,0,697,5.1233482393346e-11,4.889949490959e-06,-9.7972957426851e-13,5.9443147971321e-14
698,0,0,698,5.1174192833901e-11,4.8953607157217e-06,-9.7943168204653e-13,5.9289559445391e-14
699,0,0,699,5.1115056385762e-11,4.900770292037e-06,-9.7913331306462e-13,5.9136448138878e-14
700,0,0,700,5.1056072572607e-11,4.9061782172757e-06,-9.7883446822027e-13,5.8983813154976e-14
701,0,0,701,5.0997240919021e-11,4.911584488814e-06,-9.7853514842049e-13,5.883165358566e-14
702,0,0,702,5.0938560950509e-11,4.9169891040327e-06,-9.782353545847e-13,5.8679968511921e-14
703,0,0,703,5.0880032193505e-11,4.922392060318e-06,-9.7793508764211e-13,5.8528757003974e-14
704,0,0,704,5.0821654175384e-11,4.9277933550613e-06,-9.7763434853301e-13,5.8378018121542e-14
705,0,0,705,5.076342642447e-11,4.9331929856591e-06,-9.7733313820747e-13,5.8227750914006e-14
706,0,0,706,5.0705348470049e-11,4.9385909495134e-06,-9.7703145762661e-13,5.8077954420713e-14
707,0,0,707,5.0647419842378e-11,4.9439872440314e-06,-9.7672930776013e-13,5.7928627671147e-14
708,0,0,708,5.0589640072693e-11,4.9493818666258e-06,-9.7642668958817e-13,5.7779769685164e-14
709,0,0,709,5.0532008693219e-11,4.9547748147148e-06,-9.761236041002e-13,5.7631379473197e-14
710,0,0,710,5.0474525237183e-11,4.9601660857219e-06,-9.7582005229446e-13,5.7483456036516e-14
711,0,0,711,5.0417189238816e-11,4.9655556770765e-06,-9.7551603517896e-13,5.7335998367357e-14
712,0,0,712,5.0360000233366e-11,4.9709435862133e-06,-9.7521155376971e-13,5.7189005449217e-14
713,0,0,713,5.0302957757109e-11,4.976329810573e-06,-9.7490660909162e-13,5.7042476256989e-14
714,0,0,714,5.0246061347352e-11,4.9817143476016e-06,-9.7460120217801e-13,5.6896409757218e-14
715,0,0,715,5.0189310542444e-11,4.9870971947511e-06,-9.7429533407034e-13,5.6750804908286e-14
716,0,0,716,5.0132704881783e-11,4.9924783494794e-06,-9.7398900581772e-13,5.660566066055e-14
717,0,0,717,5.0076243905827e-11,4.99785780925e-06,-9.7368221847802e-13,5.6460975956668e-14
718,0,0,718,5.0019927156095e-11,5.0032355715324e-06,-9.7337497311523e-13,5.6316749731644e-14
719,0,0,719,4.9963754175182e-11,5.008611633802e-06,-9.7306727080193e-13,5.6172980913123e-14
720,0,0,720,4.990772450676e-11,5.0139859935403e-06,-9.7275911261758e-13,5.6029668421511e-14
721,0,0,721,4.985183769559e-11,5.0193586482344e-06,-9.7245049964827e-13,5.5886811170242e-14
722,0,0,722,4.9796093287524e-11,5.024729595378e-06,-9.7214143298757e-13,5.5744408065828e-14
723,0,0,723,4.9740490829516e-11,5.0300988324705e-06,-9.7183191373505e-13,5.5602458008198e-14
724,0,0,724,4.9685029869625e-11,5.0354663570174e-06,-9.7152194299731e-13,5.5460959890737e-14
725,0,0,725,4.9629709957025e-11,5.0408321665306e-06,-9.712115218871e-13,5.531991260054e-14
726,0,0,726,4.9574530642006e-11,5.046196258528e-06,-9.7090065152315e-13,5.517931501856e-14
727,0,0,727,4.9519491475986e-11,5.0515586305337e-06,-9.7058933303047e-13,5.5039166019773e-14
728,0,0,728,4.9464592011513e-11,5.0569192800781e-06,-9.7027756753927e-13,5.4899464473352e-14
729,0,0,729,4.940983180227e-11,5.0622782046979e-06,-9.6996535618623e-13,5.4760209242849e-14
730,0,0,730,4.9355210403084e-11,5.0676354019361e-06,-9.6965270011307e-13,5.4621399186308e-14
731,0,0,731,4.9300727369928e-11,5.072990869342e-06,-9.6933960046641e-13,5.4483033156487e-14
732,0,0,732,4.9246382259927e-11,5.0783446044713e-06,-9.69026058399e-13,5.4345110000963e-14
733,0,0,733,4.9192174631364e-11,5.083696604886e-06,-9.6871207506792e-13,5.4207628562335e-14
734,0,0,734,4.9138104043686e-11,5.0890468681547e-06,-9.6839765163495e-13,5.4070587678337e-14
735,0,0,735,4.9084170057504e-11,5.0943953918523e-06,-9.6808278926697e-13,5.3933986181992e-14
736,0,0,736,4.9030372234602e-11,5.0997421735602e-06,-9.6776748913559e-13,5.3797822901824e-14
737,0,0,737,4.897671013794e-11,5.1050872108664e-06,-9.6745175241612e-13,5.3662096661906e-14
738,0,0,738,4.8923183331658e-11,5.1104305013652e-06,-9.6713558028859e-13,5.3526806282084e-14
739,0,0,739,4.886979138108e-11,5.1157720426577e-06,-9.6681897393751e-13,5.3391950578087e-14
740,0,0,740,4.8816533852718e-11,5.1211118323514e-06,-9.6650193455013e-13,5.3257528361657e-14
741,0,0,741,4.8763410314278e-11,5.1264498680603e-06,-9.6618446331908e-13,5.3123538440743e-14
742,0,0,742,4.8710420334658e-11,5.1317861474053e-06,-9.6586656143957e-13,5.2989979619546e-14
743,0,0,743,4.8657563483959e-11,5.1371206680136e-06,-9.6554823011084e-13,5.2856850698743e-14
744,0,0,744,4.8604839333484e-11,5.1424534275193e-06,-9.652294705353e-13,5.2724150475583e-14
745,0,0,745,4.855224745574e-11,5.1477844235631e-06,-9.6491028391892e-13,5.2591877744004e-14
746,0,0,746,4.8499787424445e-11,5.1531136537922e-06,-9.6459067147072e-13,5.2460031294777e-14
747,0,0,747,4.8447458814529e-11,5.1584411158607e-06,-9.6427063440265e-13,5.2328609915636e-14
748,0,0,748,4.8395261202138e-11,5.1637668074294e-06,-9.6395017393001e-13,5.2197612391403e-14
749,0,0,749,4.8343194164634e-11,5.1690907261657e-06,-9.6362929127027e-13,5.2067037504104e-14
750,0,0,750,4.8291257280601e-11,5.1744128697439e-06,-9.6330798764394e-13,5.1936884033106e-14
751,0,0,751,4.8239450129845e-11,5.1797332358448e-06,-9.6298626427401e-13,5.1807150755203e-14
752,0,0,752,4.8187772293401e-11,5.1850518221563e-06,-9.6266412238607e-13,5.1677836444772e-14
753,0,0,753,4.8136223353527e-11,5.190368626373e-06,-9.6234156320752e-13,5.1548939873862e-14
754,0,0,754,4.8084802893714e-11,5.195683646196e-06,-9.6201858796871e-13,5.1420459812346e-14
755,0,0,755,4.8033510498687e-11,5.2009968793336e-06,-9.6169519790152e-13,5.1292395027965e-14
756,0,0,756,4.79823457544e-11,5.2063083235006e-06,-9.6137139423964e-13,5.1164744286526e-14
757,0,0,757,4.7931308248048e-11,5.211617976419e-06,-9.6104717821955e-13,5.1037506351923e-14
758,0,0,758,4.7880397568062e-11,5.2169258358172e-06,-9.6072255107833e-13,5.0910679986321e-14
759,0,0,759,4.7829613304112e-11,5.2222318994308e-06,-9.6039751405567e-13,5.0784263950228e-14
760,0,0,760,4.7778955047109e-11,5.227536165002e-06,-9.6007206839232e-13,5.0658257002555e-14
761,0,0,761,4.7728422389208e-11,5.2328386302801e-06,-9.597462153306e-13,5.0532657900833e-14
762,0,0,762,4.7678014923807e-11,5.238139293021e-06,-9.5941995611401e-13,5.0407465401195e-14
763,0,0,763,4.7627732245548e-11,5.2434381509878e-06,-9.5909329198761e-13,5.0282678258521e-14
764,0,0,764,4.7577573950322e-11,5.2487352019502e-06,-9.5876622419738e-13,5.015829522658e-14
765,0,0,765,4.7527539635264e-11,5.254030443685e-06,-9.5843875399052e-13,5.003431505806e-14
766,0,0,766,4.7477628898759e-11,5.2593238739757e-06,-9.5811088261514e-13,4.9910736504688e-14
767,0,0,767,4.7427841340442e-11,5.2646154906128e-06,-9.5778261131984e-13,4.9787558317312e-14
768,0,0,768,4.7378176561196e-11,5.2699052913938e-06,-9.5745394135471e-13,4.9664779246054e-14
769,0,0,769,4.7328634163155e-11,5.2751932741229e-06,-9.5712487397004e-13,4.954239804029e-14
770,0,0,770,4.7279213749707e-11,5.2804794366114e-06,-9.5679541041684e-13,4.942041344883e-14
771,0,0,771,4.7229914925487e-11,5.2857637766774e-06,-9.5646555194632e-13,4.9298824219995e-14
772,0,0,772,4.7180737296385e-11,5.2910462921459e-06,-9.5613529981089e-13,4.9177629101642e-14
773,0,0,773,4.7131680469544e-11,5.296326980849e-06,-9.5580465526233e-13,4.9056826841307e-14
774,0,0,774,4.7082744053357e-11,5.3016058406256e-06,-9.5547361955369e-13,4.8936416186286e-14
775,0,0,775,4.7033927657474e-11,5.3068828693214e-06,-9.5514219393707e-13,4.8816395883688e-14
776,0,0,776,4.6985230892793e-11,5.3121580647891e-06,-9.5481037966565e-13,4.8696764680525e-14
777,0,0,777,4.6936653371469e-11,5.3174314248885e-06,-9.5447817799229e-13,4.8577521323804e-14
778,0,0,778,4.6888194706909e-11,5.3227029474862e-06,-9.5414559016927e-13,4.8458664560598e-14
779,0,0,779,4.6839854513771e-11,5.3279726304555e-06,-9.5381261744961e-13,4.8340193138111e-14
780,0,0,780,4.6791632407967e-11,5.333240471677e-06,-9.5347926108542e-13,4.8222105803777e-14
781,0,0,781,4.6743528006662e-11,5.3385064690379e-06,-9.531455223291e-13,4.8104401305304e-14
782,0,0,782,4.6695540928271e-11,5.3437706204325e-06,-9.5281140243201e-13,4.7987078390779e-14
783,0,0,783,4.6647670792462e-11,5.3490329237621e-06,-9.5247690264563e-13,4.7870135808711e-14
784,0,0,784,4.6599917220154e-11,5.3542933769346e-06,-9.5214202422069e-13,4.7753572308117e-14
785,0,0,785,4.6552279833515e-11,5.359551977865e-06,-9.5180676840746e-13,4.7637386638599e-14
786,0,0,786,4.6504758255965e-11,5.3648087244752e-06,-9.5147113645543e-13,4.7521577550376e-14
787,0,0,787,4.6457352112171e-11,5.3700636146941e-06,-9.5113512961351e-13,4.74061437944e-14
788,0,0,788,4.6410061028048e-11,5.3753166464573e-06,-9.5079874912964e-13,4.7291084122377e-14
789,0,0,789,4.6362884630761e-11,5.3805678177073e-06,-9.5046199625151e-13,4.7176397286868e-14
790,0,0,790,4.631582254872e-11,5.3858171263936e-06,-9.5012487222476e-13,4.7062082041317e-14
791,0,0,791,4.626887441158e-11,5.3910645704726e-06,-9.4978737829538e-13,4.6948137140146e-14
792,0,0,792,4.6222039850241e-11,5.3963101479074e-06,-9.4944951570751e-13,4.6834561338797e-14
793,0,0,793,4.6175318496847e-11,5.4015538566682e-06,-9.4911128570435e-13,4.6721353393791e-14
794,0,0,794,4.6128709984785e-11,5.4067956947319e-06,-9.487726895282e-13,4.6608512062787e-14
795,0,0,795,4.608221394868e-11,5.4120356600823e-06,-9.4843372841998e-13,4.6496036104672e-14
796,0,0,796,4.60358300244e-11,5.41727375071e-06,-9.4809440361906e-13,4.6383924279547e-14
797,0,0,797,4.5989557849051e-11,5.4225099646126e-06,-9.4775471636423e-13,4.6272175348863e-14
798,0,0,798,4.5943397060976e-11,5.4277442997943e-06,-9.4741466789209e-13,4.6160788075425e-14
799,0,0,799,4.5897347299753e-11,5.4329767542663e-06,-9.4707425943866e-13,4.6049761223443e-14
800,0,0,800,4.5851408206194e-11,5.4382073260467e-06,-9.4673349223765e-13,4.5939093558629e-14
801,0,0,801,4.5805579422346e-11,5.44343601316e-06,-9.4639236752185e-13,4.5828783848198e-14
802,0,0,802,4.5759860591485e-11,5.4486628136381e-06,-9.4605088652221e-13,4.5718830860952e-14
803,0,0,803,4.5714251358117e-11,5.4538877255191e-06,-9.4570905046814e-13,4.5609233367317e-14
804,0,0,804,4.5668751367978e-11,5.4591107468483e-06,-9.4536686058706e-13,4.549999013937e-14
805,0,0,805,4.5623360268027e-11,5.4643318756776e-06,-9.4502431810549e-13,4.5391099950965e-14
806,0,0,806,4.5578077706449e-11,5.4695511100657e-06,-9.4468142424717e-13,4.5282561577648e-14
807,0,0,807,4.5532903332653e-11,5.4747684480781e-06,-9.4433818023491e-13,4.5174373796852e-14
808,0,0,808,4.5487836797265e-11,5.4799838877869e-06,-9.4399458728864e-13,4.5066535387822e-14
809,0,0,809,4.5442877752133e-11,5.485197427271e-06,-9.4365064662764e-13,4.4959045131724e-14
810,0,0,810,4.5398025850321e-11,5.4904090646161e-06,-9.4330635946831e-13,4.4851901811674e-14
811,0,0,811,4.5353280746109e-11,5.4956187979146e-06,-9.4296172702519e-13,4.4745104212763e-14
812,0,0,812,4.5308642094987e-11,5.5008266252655e-06,-9.4261675051144e-13,4.4638651122124e-14
813,0,0,813,4.5264109553658e-11,5.5060325447745e-06,-9.4227143113717e-13,4.4532541328964e-14
814,0,0,814,4.5219682780033e-11,5.5112365545542e-06,-9.4192577011094e-13,4.4426773624581e-14
815,0,0,815,4.5175361433231e-11,5.5164386527234e-06,-9.4157976863947e-13,4.4321346802452e-14
816,0,0,816,4.5131145173572e-11,5.5216388374081e-06,-9.4123342792643e-13,4.4216259658222e-14
817,0,0,817,4.5087033662583e-11,5.5268371067406e-06,-9.408867491741e-13,4.4111510989766e-14
818,0,0,818,4.5043026562985e-11,5.5320334588598e-06,-9.4053973358184e-13,4.4007099597218e-14
819,0,0,819,4.4999123538702e-11,5.5372278919114e-06,-9.4019238234718e-13,4.3903024283029e-14
820,0,0,820,4.495532425485e-11,5.5424204040477e-06,-9.398446966652e-13,4.3799283851954e-14
821,0,0,821,4.4911628377739e-11,5.5476109934274e-06,-9.3949667772867e-13,4.3695877111135e-14
822,0,0,822,4.4868035574869e-11,5.552799658216e-06,-9.391483267273e-13,4.359280287011e-14
823,0,0,823,4.4824545514928e-11,5.5579863965853e-06,-9.3879964484973e-13,4.349005994086e-14
824,0,0,824,4.478115786779e-11,5.5631712067139e-06,-9.3845063328044e-13,4.3387647137809e-14
825,0,0,825,4.4737872304513e-11,5.5683540867869e-06,-9.3810129320318e-13,4.3285563277896e-14
826,0,0,826,4.4694688497332e-11,5.5735350349957e-06,-9.3775162579753e-13,4.3183807180597e-14
827,0,0,827,4.4651606119664e-11,5.5787140495385e-06,-9.3740163224185e-13,4.3082377667916e-14
828,0,0,828,4.46086248461e-11,5.5838911286198e-06,-9.3705131371083e-13,4.2981273564477e-14
829,0,0,829,4.4565744352402e-11,5.5890662704506e-06,-9.3670067137746e-13,4.2880493697497e-14
830,0,0,830,4.4522964315505e-11,5.5942394732484e-06,-9.3634970641137e-13,4.2780036896846e-14
831,0,0,831,4.448028441351e-11,5.5994107352373e-06,-9.359984199802e-13,4.2679901995063e-14
832,0,0,832,4.4437704325683e-11,5.6045800546475e-06,-9.3564681324789e-13,4.2580087827385e-14
833,0,0,833,4.4395223732451e-11,5.6097474297159e-06,-9.3529488737686e-13,4.2480593231774e-14
834,0,0,834,4.4352842315402e-11,5.6149128586856e-06,-9.3494264352616e-13,4.2381417048954e-14
835,0,0,835,4.431055975728e-11,5.6200763398063e-06,-9.3459008285161e-13,4.2282558122385e-14
836,0,0,836,4.4268375741981e-11,5.625237871334e-06,-9.3423720650721e-13,4.2184015298364e-14
837,0,0,837,4.4226289954555e-11,5.6303974515309e-06,-9.338840156434e-13,4.2085787425998e-14
838,0,0,838,4.4184302081198e-11,5.6355550786658e-06,-9.3353051140836e-13,4.1987873357224e-14
839,0,0,839,4.4142411809251e-11,5.6407107510136e-06,-9.3317669494672e-13,4.189027194687e-14
840,0,0,840,4.4100618827199e-11,5.6458644668555e-06,-9.3282256740065e-13,4.1792982052619e-14
841,0,0,841,4.4058922824663e-11,5.6510162244794e-06,-9.3246812990944e-13,4.1696002535112e-14
842,0,0,842,4.4017323492406e-11,5.6561660221789e-06,-9.3211338360927e-13,4.1599332257863e-14
843,0,0,843,4.3975820522318e-11,5.6613138582542e-06,-9.3175832963344e-13,4.1502970087387e-14
844,0,0,844,4.3934413607425e-11,5.6664597310117e-06,-9.3140296911248e-13,4.1406914893137e-14
845,0,0,845,4.3893102441878e-11,5.671603638764e-06,-9.310473031734e-13,4.1311165547567e-14
846,0,0,846,4.3851886720951e-11,5.67674557983e-06,-9.3069133294089e-13,4.1215720926139e-14
847,0,0,847,4.3810766141044e-11,5.6818855525346e-06,-9.3033505953613e-13,4.1120579907325e-14
848,0,0,848,4.3769740399671e-11,5.6870235552091e-06,-9.2997848407709e-13,4.1025741372661e-14
849,0,0,849,4.3728809195465e-11,5.6921595861908e-06,-9.2962160767942e-13,4.0931204206732e-14
850,0,0,850,4.3687972228167e-11,5.6972936438231e-06,-9.2926443145525e-13,4.08369672972e-14
851,0,0,851,4.3647229198633e-11,5.7024257264558e-06,-9.2890695651318e-13,4.0743029534816e-14
852,0,0,852,4.3606579808819e-11,5.7075558324445e-06,-9.2854918395954e-13,4.0649389813433e-14
853,0,0,853,4.3566023761789e-11,5.7126839601511e-06,-9.2819111489724e-13,4.0556047030037e-14
854,0,0,854,4.3525560761704e-11,5.7178101079435e-06,-9.278327504257e-13,4.046300008475e-14
855,0,0,855,4.3485190513824e-11,5.7229342741957e-06,-9.2747409164141e-13,4.0370247880827e-14
856,0,0,856,4.3444912724499e-11,5.7280564572876e-06,-9.271151396378e-13,4.0277789324717e-14
857,0,0,857,4.3404727101173e-11,5.7331766556053e-06,-9.2675589550539e-13,4.0185623326013e-14
858,0,0,858,4.3364633352375e-11,5.7382948675408e-06,-9.2639636033084e-13,4.0093748797517e-14
859,0,0,859,4.332463118772e-11,5.7434110914922e-06,-9.2603653519779e-13,4.0002164655227e-14
860,0,0,860,4.3284720317902e-11,5.7485253258634e-06,-9.256764211874e-13,3.9910869818355e-14
861,0,0,861,4.3244900454692e-11,5.7536375690644e-06,-9.2531601937653e-13,3.9819863209343e-14
862,0,0,862,4.3205171310939e-11,5.758747819511e-06,-9.249553308393e-13,3.972914375385e-14
863,0,0,863,4.3165532600558e-11,5.7638560756251e-06,-9.245943566472e-13,3.9638710380802e-14
864,0,0,864,4.3125984038535e-11,5.7689623358343e-06,-9.24233097867e-13,3.9548562022372e-14
865,0,0,865,4.3086525340921e-11,5.7740665985722e-06,-9.2387155556376e-13,3.9458697614006e-14
866,0,0,866,4.3047156224827e-11,5.7791688622783e-06,-9.2350973079824e-13,3.936911609441e-14
867,0,0,867,4.3007876408421e-11,5.7842691253978e-06,-9.2314762462816e-13,3.9279816405581e-14
868,0,0,868,4.2968685610929e-11,5.7893673863818e-06,-9.2278523810831e-13,3.9190797492814e-14
869,0,0,869,4.2929583552624e-11,5.7944636436873e-06,-9.224225722898e-13,3.9102058304691e-14
870,0,0,870,4.2890569954831e-11,5.7995578957769e-06,-9.2205962822037e-13,3.9013597793134e-14
871,0,0,871,4.2851644539917e-11,5.8046501411191e-06,-9.216964069447e-13,3.8925414913324e-14
872,0,0,872,4.2812807031294e-11,5.8097403781882e-06,-9.2133290950409e-13,3.8837508623835e-14
873,0,0,873,4.2774057153407e-11,5.8148286054641e-06,-9.2096913693647e-13,3.8749877886502e-14
874,0,0,874,4.2735394631741e-11,5.8199148214325e-06,-9.2060509027639e-13,3.8662521666549e-14
875,0,0,875,4.2696819192808e-11,5.8249990245847e-06,-9.2024077055535e-13,3.8575438932508e-14
876,0,0,876,4.2658330564152e-11,5.8300812134179e-06,-9.1987617880084e-13,3.8488628656283e-14
877,0,0,877,4.2619928474339e-11,5.8351613864347e-06,-9.1951131603762e-13,3.8402089813095e-14
878,0,0,878,4.2581612652957e-11,5.8402395421434e-06,-9.1914618328689e-13,3.8315821381576e-14
879,0,0,879,4.2543382830613e-11,5.8453156790582e-06,-9.1878078156666e-13,3.8229822343673e-14
880,0,0,880,4.2505238738929e-11,5.8503897956984e-06,-9.1841511189109e-13,3.814409168472e-14
881,0,0,881,4.2467180110535e-11,5.8554618905894e-06,-9.1804917527128e-13,3.8058628393412e-14
882,0,0,882,4.2429206679073e-11,5.8605319622619e-06,-9.1768297271542e-13,3.7973431461841e-14
883,0,0,883,4.2391318179188e-11,5.8656000092521e-06,-9.1731650522724e-13,3.7888499885455e-14
884,0,0,884,4.2353514346525e-11,5.8706660301019e-06,-9.1694977380819e-13,3.7803832663074e-14
885,0,0,885,4.2315794917728e-11,5.8757300233585e-06,-9.1658277945557e-13,3.7719428796951e-14
886,0,0,886,4.2278159630435e-11,5.8807919875749e-06,-9.1621552316346e-13,3.763528729266e-14
887,0,0,887,4.2240608223276e-11,5.8858519213093e-06,-9.1584800592318e-13,3.7551407159212e-14
888,0,0,888,4.2203140435867e-11,5.8909098231254e-06,-9.1548022872161e-13,3.7467787408999e-14
889,0,0,889,4.2165756008809e-11,5.8959656915925e-06,-9.1511219254316e-13,3.7384427057785e-14
890,0,0,890,4.2128454683685e-11,5.9010195252852e-06,-9.1474389836798e-13,3.7301325124755e-14
891,0,0,891,4.2091236203052e-11,5.9060713227834e-06,-9.1437534717388e-13,3.7218480632478e-14
892,0,0,892,4.2054100310445e-11,5.9111210826725e-06,-9.1400653993441e-13,3.7135892606917e-14
893,0,0,893,4.2017046750368e-11,5.9161688035433e-06,-9.1363747761973e-13,3.7053560077426e-14
894,0,0,894,4.1980075268291e-11,5.9212144839919e-06,-9.1326816119739e-13,3.6971482076787e-14
895,0,0,895,4.194318561065e-11,5.9262581226197e-06,-9.1289859163083e-13,3.6889657641133e-14
896,0,0,896,4.190637752484e-11,5.9312997180334e-06,-9.1252876988023e-13,3.6808085810036e-14
897,0,0,897,4.1869650759213e-11,5.936339268845e-06,-9.1215869690227e-13,3.6726765626456e-14
898,0,0,898,4.1833005063077e-11,5.9413767736718e-06,-9.1178837365086e-13,3.664569613673e-14
899,0,0,899,4.1796440186686e-11,5.9464122311364e-06,-9.1141780107578e-13,3.6564876390609e-14
900,0,0,900,4.1759955881245e-11,5.9514456398663e-06,-9.1104698012343e-13,3.6484305441243e-14
901,0,0,901,4.17235518989e-11,5.9564769984947e-06,-9.1067591173775e-13,3.640398234516e-14
902,0,0,902,4.1687227992737e-11,5.9615063056597e-06,-9.1030459685779e-13,3.6323906162303e-14
903,0,0,903,4.1650983916781e-11,5.9665335600045e-06,-9.0993303642075e-13,3.6244075955986e-14
904,0,0,904,4.1614819425988e-11,5.9715587601778e-06,-9.0956123135923e-13,3.6164490792924e-14
905,0,0,905,4.1578734276245e-11,5.976581904833e-06,-9.0918918260307e-13,3.6085149743216e-14
906,0,0,906,4.1542728224365e-11,5.9816029926291e-06,-9.088168910789e-13,3.600605188035e-14
907,0,0,907,4.1506801028084e-11,5.9866220222297e-06,-9.0844435770906e-13,3.5927196281192e-14
908,0,0,908,4.1470952446058e-11,5.9916389923038e-06,-9.0807158341356e-13,3.5848582025987e-14
909,0,0,909,4.1435182237859e-11,5.9966539015254e-06,-9.0769856910846e-13,3.5770208198376e-14
910,0,0,910,4.1399490163974e-11,6.0016667485735e-06,-9.0732531570643e-13,3.5692073885344e-14
911,0,0,911,4.1363875985797e-11,6.0066775321321e-06,-9.0695182411691e-13,3.5614178177284e-14
912,0,0,912,4.1328339465629e-11,6.0116862508904e-06,-9.0657809524631e-13,3.5536520167916e-14
913,0,0,913,4.1292880366674e-11,6.0166929035423e-06,-9.0620412999685e-13,3.5459098954372e-14
914,0,0,914,4.1257498453037e-11,6.0216974887869e-06,-9.0582992926819e-13,3.5381913637107e-14
915,0,0,915,4.1222193489717e-11,6.0267000053281e-06,-9.0545549395598e-13,3.5304963319947e-14
916,0,0,916,4.1186965242607e-11,6.0317004518748e-06,-9.0508082495311e-13,3.5228247110067e-14
917,0,0,917,4.1151813478489e-11,6.0366988271408e-06,-9.0470592314895e-13,3.515176411801e-14
918,0,0,918,4.1116737965031e-11,6.0416951298448e-06,-9.0433078942904e-13,3.5075513457652e-14
919,0,0,919,4.1081738470785e-11,6.0466893587104e-06,-9.039554246763e-13,3.4999494246183e-14
920,0,0,920,4.1046814765181e-11,6.0516815124661e-06,-9.0357982976984e-13,3.4923705604188e-14
921,0,0,921,4.1011966618526e-11,6.056671589845e-06,-9.0320400558552e-13,3.4848146655522e-14
922,0,0,922,4.0977193801998e-11,6.0616595895853e-06,-9.0282795299602e-13,3.4772816527406e-14
923,0,0,923,4.0942496087648e-11,6.0666455104299e-06,-9.024516728706e-13,3.4697714350375e-14
924,0,0,924,4.090787324839e-11,6.0716293511265e-06,-9.0207516607534e-13,3.4622839258262e-14
925,0,0,925,4.0873325058001e-11,6.0766111104274e-06,-9.0169843347262e-13,3.4548190388233e-14
926,0,0,926,4.0838851291121e-11,6.08159078709e-06,-9.0132147592192e-13,3.4473766880745e-14
927,0,0,927,4.0804451723241e-11,6.086568379876e-06,-9.0094429427933e-13,3.4399567879568e-14
928,0,0,928,4.0770126130709e-11,6.0915438875523e-06,-9.0056688939743e-13,3.4325592531743e-14
929,0,0,929,4.0735874290722e-11,6.09651730889e-06,-9.0018926212588e-13,3.4251839987634e-14
930,0,0,930,4.0701695981321e-11,6.1014886426652e-06,-8.9981141331065e-13,3.4178309400847e-14
931,0,0,931,4.0667590981392e-11,6.1064578876585e-06,-8.9943334379498e-13,3.4104999928297e-14
932,0,0,932,4.0633559070662e-11,6.1114250426553e-06,-8.9905505441793e-13,3.4031910730145e-14
933,0,0,933,4.0599600029692e-11,6.1163901064454e-06,-8.9867654601646e-13,3.3959040969839e-14
934,0,0,934,4.0565713639878e-11,6.1213530778235e-06,-8.9829781942319e-13,3.3886389814066e-14
935,0,0,935,4.0531899683446e-11,6.1263139555885e-06,-8.9791887546848e-13,3.3813956432762e-14
936,0,0,936,4.0498157943447e-11,6.1312727385442e-06,-8.9753971497837e-13,3.3741739999123e-14
937,0,0,937,4.0464488203757e-11,6.1362294254987e-06,-8.9716033877676e-13,3.3669739689561e-14
938,0,0,938,4.0430890249073e-11,6.141184015265e-06,-8.9678074768343e-13,3.3597954683739e-14
939,0,0,939,4.0397363864909e-11,6.1461365066601e-06,-8.9640094251553e-13,3.3526384164531e-14
940,0,0,940,4.0363908837591e-11,6.1510868985058e-06,-8.9602092408669e-13,3.345502731803e-14
941,0,0,941,4.0330524954257e-11,6.1560351896285e-06,-8.9564069320732e-13,3.3383883333536e-14
942,0,0,942,4.0297212002854e-11,6.1609813788588e-06,-8.9526025068478e-13,3.3312951403551e-14
943,0,0,943,4.026396977213e-11,6.1659254650319e-06,-8.9487959732333e-13,3.3242230723772e-14
944,0,0,944,4.0230798051637e-11,6.1708674469873e-06,-8.9449873392358e-13,3.3171720493087e-14
945,0,0,945,4.0197696631723e-11,6.175807323569e-06,-8.9411766128353e-13,3.3101419913552e-14
946,0,0,946,4.0164665303533e-11,6.1807450936253e-06,-8.9373638019764e-13,3.3031328190406e-14
947,0,0,947,4.0131703859001e-11,6.185680756009e-06,-8.9335489145731e-13,3.2961444532053e-14
948,0,0,948,4.0098812090851e-11,6.1906143095773e-06,-8.9297319585088e-13,3.2891768150032e-14
949,0,0,949,4.0065989792592e-11,6.1955457531914e-06,-8.9259129416316e-13,3.2822298259059e-14
950,0,0,950,4.0033236758515e-11,6.2004750857173e-06,-8.9220918717666e-13,3.2753034076977e-14
951,0,0,951,4.000055278369e-11,6.2054023060248e-06,-8.9182687566943e-13,3.2683974824749e-14
952,0,0,952,3.9967937663963e-11,6.2103274129885e-06,-8.9144436041787e-13,3.2615119726493e-14
953,0,0,953,3.9935391195954e-11,6.2152504054868e-06,-8.9106164219419e-13,3.2546468009402e-14
954,0,0,954,3.990291317705e-11,6.2201712824026e-06,-8.9067872176805e-13,3.2478018903825e-14
955,0,0,955,3.9870503405407e-11,6.2250900426231e-06,-8.9029559990568e-13,3.2409771643157e-14
956,0,0,956,3.9838161679943e-11,6.2300066850395e-06,-8.8991227737045e-13,3.2341725463931e-14
957,0,0,957,3.9805887800337e-11,6.2349212085474e-06,-8.8952875492247e-13,3.2273879605736e-14
958,0,0,958,3.9773681567026e-11,6.2398336120464e-06,-8.8914503331911e-13,3.2206233311241e-14
959,0,0,959,3.97415427812e-11,6.2447438944404e-06,-8.8876111331421e-13,3.2138785826182e-14
960,0,0,960,3.9709471244801e-11,6.2496520546374e-06,-8.8837699565885e-13,3.2071536399355e-14
961,0,0,961,3.9677466760518e-11,6.2545580915495e-06,-8.879926811009e-13,3.2004484282595e-14
962,0,0,962,3.9645529131787e-11,6.2594620040931e-06,-8.8760817038544e-13,3.1937628730787e-14
963,0,0,963,3.9613658162785e-11,6.2643637911884e-06,-8.8722346425437e-13,3.1870969001839e-14
964,0,0,964,3.9581853658429e-11,6.26926345176e-06,-8.8683856344619e-13,3.1804504356686e-14
965,0,0,965,3.9550115424369e-11,6.2741609847362e-06,-8.8645346869727e-13,3.1738234059272e-14
966,0,0,966,3.9518443266993e-11,6.2790563890497e-06,-8.8606818074013e-13,3.1672157376541e-14
967,0,0,967,3.9486836993414e-11,6.283949663637e-06,-8.856827003047e-13,3.1606273578448e-14
968,0,0,968,3.9455296411476e-11,6.2888408074388e-06,-8.8529702811783e-13,3.1540581937926e-14
969,0,0,969,3.9423821329746e-11,6.2937298193995e-06,-8.8491116490362e-13,3.1475081730864e-14
970,0,0,970,3.9392411557509e-11,6.298616698468e-06,-8.845251113828e-13,3.1409772236153e-14
971,0,0,971,3.9361066904774e-11,6.3035014435965e-06,-8.8413886827317e-13,3.1344652735626e-14
972,0,0,972,3.932978718226e-11,6.3083840537418e-06,-8.837524362901e-13,3.1279722514064e-14
973,0,0,973,3.9298572201401e-11,6.3132645278641e-06,-8.8336581614542e-13,3.1214980859185e-14
974,0,0,974,3.9267421774339e-11,6.3181428649279e-06,-8.829790085485e-13,3.1150427061663e-14
975,0,0,975,3.9236335713924e-11,6.3230190639015e-06,-8.825920142052e-13,3.1086060415041e-14
976,0,0,976,3.9205313833708e-11,6.3278931237568e-06,-8.8220483381922e-13,3.1021880215847e-14
977,0,0,977,3.9174355947945e-11,6.33276504347e-06,-8.8181746809075e-13,3.0957885763439e-14
978,0,0,978,3.9143461871584e-11,6.3376348220209e-06,-8.8142991771736e-13,3.0894076360129e-14
979,0,0,979,3.9112631420273e-11,6.3425024583933e-06,-8.8104218339371e-13,3.083045131106e-14
980,0,0,980,3.9081864410349e-11,6.3473679515746e-06,-8.8065426581155e-13,3.0767009924302e-14
981,0,0,981,3.9051160658838e-11,6.3522313005561e-06,-8.8026616565956e-13,3.0703751510742e-14
982,0,0,982,3.9020519983454e-11,6.357092504333e-06,-8.7987788362427e-13,3.0640675384155e-14
983,0,0,983,3.8989942202593e-11,6.3619515619042e-06,-8.7948942038824e-13,3.0577780861157e-14
984,0,0,984,3.8959427135332e-11,6.3668084722724e-06,-8.7910077663233e-13,3.0515067261176e-14
985,0,0,985,3.8928974601425e-11,6.3716632344438e-06,-8.7871195303387e-13,3.0452533906506e-14
986,0,0,986,3.8898584421303e-11,6.3765158474287e-06,-8.783229502676e-13,3.0390180122221e-14
987,0,0,987,3.8868256416067e-11,6.3813663102409e-06,-8.7793376900518e-13,3.0328005236241e-14
988,0,0,988,3.8837990407488e-11,6.3862146218979e-06,-8.7754440991627e-13,3.0266008579237e-14
989,0,0,989,3.8807786218003e-11,6.3910607814209e-06,-8.7715487366673e-13,3.0204189484719e-14
990,0,0,990,3.8777643670714e-11,6.3959047878349e-06,-8.7676516092008e-13,3.0142547288921e-14
991,0,0,991,3.8747562589383e-11,6.4007466401682e-06,-8.7637527233741e-13,3.0081081330906e-14
992,0,0,992,3.8717542798431e-11,6.4055863374532e-06,-8.7598520857644e-13,3.0019790952444e-14
993,0,0,993,3.8687584122933e-11,6.4104238787255e-06,-8.7559497029258e-13,2.9958675498081e-14
994,0,0,994,3.8657686388618e-11,6.4152592630246e-06,-8.7520455813817e-13,2.9897734315104e-14
995,0,0,995,3.8627849421864e-11,6.4200924893935e-06,-8.7481397276342e-13,2.9836966753519e-14
996,0,0,996,3.8598073049698e-11,6.4249235568786e-06,-8.7442321481484e-13,2.977637216605e-14
997,0,0,997,3.856835709979e-11,6.4297524645302e-06,-8.7403228493728e-13,2.9715949908142e-14
998,0,0,998,3.8538701400452e-11,6.4345792114019e-06,-8.7364118377203e-13,2.9655699337936e-14
999,0,0,999,3.8509105780636e-11,6.4394037965508e-06,-8.7324991195826e-13,2.9595619816273e-14
1000,0,0,1000,3.8479570069929e-11,6.4442262190378e-06,-8.7285847013222e-13,2.953571070665e-14
1001,0,0,1001,3.8450094098554e-11,6.4490464779269e-06,-8.7246685892739e-13,2.9475971375266e-14
1002,0,0,1002,3.8420677697363e-11,6.4538645722858e-06,-8.7207507897513e-13,2.9416401190944e-14
1003,0,0,1003,3.8391320697838e-11,6.4586805011858e-06,-8.7168313090325e-13,2.9356999525201e-14
1004,0,0,1004,3.8362022932085e-11,6.4634942637015e-06,-8.7129101533756e-13,2.9297765752164e-14
1005,0,0,1005,3.8332784232837e-11,6.4683058589109e-06,-8.7089873290145e-13,2.9238699248618e-14
1006,0,0,1006,3.8303604433443e-11,6.4731152858955e-06,-8.7050628421475e-13,2.9179799393926e-14
1007,0,0,1007,3.8274483367873e-11,6.4779225437403e-06,-8.7011366989578e-13,2.9121065570118e-14
1008,0,0,1008,3.8245420870711e-11,6.4827276315334e-06,-8.6972089055932e-13,2.9062497161786e-14
1009,0,0,1009,3.8216416777155e-11,6.4875305483667e-06,-8.6932794681817e-13,2.9004093556136e-14
1010,0,0,1010,3.8187470923012e-11,6.4923312933351e-06,-8.689348392825e-13,2.8945854142937e-14
1011,0,0,1011,3.8158583144697e-11,6.4971298655371e-06,-8.6854156855929e-13,2.8887778314546e-14
1012,0,0,1012,3.8129753279231e-11,6.5019262640744e-06,-8.6814813525396e-13,2.8829865465893e-14
1013,0,0,1013,3.8100981164237e-11,6.5067204880521e-06,-8.6775453996859e-13,2.877211499443e-14
1014,0,0,1014,3.8072266637937e-11,6.5115125365786e-06,-8.6736078330292e-13,2.8714526300172e-14
1015,0,0,1015,3.8043609539151e-11,6.5163024087657e-06,-8.6696686585412e-13,2.8657098785669e-14
1016,0,0,1016,3.8015009707295e-11,6.5210901037282e-06,-8.6657278821734e-13,2.859983185599e-14
1017,0,0,1017,3.7986466982376e-11,6.5258756205845e-06,-8.6617855098452e-13,2.8542724918707e-14
1018,0,0,1018,3.7957981204993e-11,6.530658958456e-06,-8.6578415474516e-13,2.8485777383923e-14
1019,0,0,1019,3.7929552216328e-11,6.5354401164675e-06,-8.6538960008674e-13,2.8428988664204e-14
1020,0,0,1020,3.7901179858154e-11,6.540219093747e-06,-8.6499488759416e-13,2.8372358174623e-14
1021,0,0,1021,3.7872863972821e-11,6.5449958894258e-06,-8.6460001784924e-13,2.8315885332711e-14
1022,0,0,1022,3.7844604403262e-11,6.5497705026381e-06,-8.6420499143212e-13,2.8259569558483e-14
1023,0,0,1023,3.7816400992988e-11,6.5545429325216e-06,-8.6380980892002e-13,2.8203410274387e-14
1024,0,0,1024,3.7788253586083e-11,6.5593131782172e-06,-8.6341447088786e-13,2.8147406905325e-14
1025,0,0,1025,3.7760162027204e-11,6.5640812388686e-06,-8.6301897790812e-13,2.809155887865e-14
1026,0,0,1026,3.773212616158e-11,6.568847113623e-06,-8.626233305508e-13,2.8035865624111e-14
1027,0,0,1027,3.7704145835006e-11,6.5736108016306e-06,-8.6222752938348e-13,2.7980326573894e-14
1028,0,0,1028,3.7676220893844e-11,6.5783723020449e-06,-8.6183157497158e-13,2.7924941162594e-14
1029,0,0,1029,3.7648351185016e-11,6.5831316140221e-06,-8.6143546787744e-13,2.7869708827181e-14
1030,0,0,1030,3.7620536556009e-11,6.5878887367219e-06,-8.6103920866204e-13,2.7814629007031e-14
1031,0,0,1031,3.7592776854865e-11,6.5926436693069e-06,-8.6064279788329e-13,2.7759701143882e-14
1032,0,0,1032,3.7565071930184e-11,6.5973964109427e-06,-8.6024623609663e-13,2.7704924681869e-14
1033,0,0,1033,3.7537421631116e-11,6.6021469607983e-06,-8.5984952385553e-13,2.7650299067441e-14
1034,0,0,1034,3.7509825807367e-11,6.6068953180453e-06,-8.5945266171099e-13,2.7595823749429e-14
1035,0,0,1035,3.7482284309188e-11,6.6116414818587e-06,-8.5905565021187e-13,2.7541498178992e-14
1036,0,0,1036,3.7454796987378e-11,6.6163854514161e-06,-8.5865848990398e-13,2.7487321809611e-14
1037,0,0,1037,3.7427363693281e-11,6.6211272258986e-06,-8.5826118133171e-13,2.7433294097104e-14
1038,0,0,1038,3.7399984278781e-11,6.62586680449e-06,-8.5786372503658e-13,2.737941449957e-14
1039,0,0,1039,3.7372658596304e-11,6.6306041863771e-06,-8.5746612155825e-13,2.7325682477448e-14
1040,0,0,1040,3.7345386498811e-11,6.6353393707496e-06,-8.570683714333e-13,2.7272097493421e-14
1041,0,0,1041,3.7318167839798e-11,6.6400723568004e-06,-8.5667047519697e-13,2.7218659012489e-14
1042,0,0,1042,3.7291002473296e-11,6.6448031437252e-06,-8.5627243338154e-13,2.7165366501923e-14
1043,0,0,1043,3.7263890253865e-11,6.6495317307225e-06,-8.5587424651763e-13,2.7112219431215e-14
1044,0,0,1044,3.7236831036593e-11,6.654258116994e-06,-8.5547591513281e-13,2.7059217272172e-14
1045,0,0,1045,3.7209824677094e-11,6.658982301744e-06,-8.5507743975322e-13,2.7006359498791e-14
1046,0,0,1046,3.7182871031507e-11,6.6637042841799e-06,-8.546788209023e-13,2.6953645587324e-14
1047,0,0,1047,3.715596995649e-11,6.668424063512e-06,-8.5428005910144e-13,2.690107501626e-14
1048,0,0,1048,3.7129121309224e-11,6.6731416389532e-06,-8.5388115486947e-13,2.6848647266272e-14
1049,0,0,1049,3.7102324947404e-11,6.6778570097197e-06,-8.5348210872351e-13,2.6796361820275e-14
1050,0,0,1050,3.707558072924e-11,6.68257017503e-06,-8.5308292117838e-13,2.6744218163348e-14
1051,0,0,1051,3.7048888513458e-11,6.687281134106e-06,-8.5268359274646e-13,2.6692215782763e-14
1052,0,0,1052,3.702224815929e-11,6.6919898861719e-06,-8.5228412393797e-13,2.6640354168008e-14
1053,0,0,1053,3.6995659526479e-11,6.6966964304552e-06,-8.5188451526145e-13,2.6588632810669e-14
1054,0,0,1054,3.6969122475274e-11,6.7014007661857e-06,-8.5148476722252e-13,2.6537051204557e-14
1055,0,0,1055,3.6942636866429e-11,6.7061028925963e-06,-8.5108488032513e-13,2.6485608845604e-14
1056,0,0,1056,3.6916202561197e-11,6.7108028089227e-06,-8.5068485507123e-13,2.6434305231871e-14
1057,0,0,1057,3.6889819421333e-11,6.7155005144031e-06,-8.502846919603e-13,2.638313986358e-14
1058,0,0,1058,3.686348730909e-11,6.7201960082787e-06,-8.4988439148984e-13,2.633211224304e-14
1059,0,0,1059,3.6837206087216e-11,6.7248892897934e-06,-8.4948395415491e-13,2.6281221874718e-14
1060,0,0,1060,3.6810975618951e-11,6.7295803581937e-06,-8.4908338044918e-13,2.6230468265136e-14
1061,0,0,1061,3.6784795768028e-11,6.7342692127288e-06,-8.4868267086354e-13,2.6179850922955e-14
1062,0,0,1062,3.6758666398669e-11,6.7389558526509e-06,-8.4828182588723e-13,2.6129369358885e-14
1063,0,0,1063,3.6732587375583e-11,6.7436402772144e-06,-8.4788084600716e-13,2.6079023085736e-14
1064,0,0,1064,3.6706558563965e-11,6.7483224856769e-06,-8.4747973170826e-13,2.6028811618386e-14
1065,0,0,1065,3.6680579829491e-11,6.7530024772983e-06,-8.4707848347347e-13,2.5978734473748e-14
1066,0,0,1066,3.665465103832e-11,6.7576802513413e-06,-8.4667710178358e-13,2.5928791170824e-14
1067,0,0,1067,3.6628772057089e-11,6.7623558070713e-06,-8.4627558711723e-13,2.5878981230611e-14
1068,0,0,1068,3.6602942752913e-11,6.7670291437561e-06,-8.4587393995123e-13,2.5829304176175e-14
1069,0,0,1069,3.6577162993381e-11,6.7717002606663e-06,-8.4547216076053e-13,2.5779759532598e-14
1070,0,0,1070,3.6551432646554e-11,6.7763691570753e-06,-8.4507025001765e-13,2.5730346826959e-14
1071,0,0,1071,3.6525751580965e-11,6.7810358322587e-06,-8.4466820819326e-13,2.5681065588359e-14
1072,0,0,1072,3.6500119665617e-11,6.7857002854949e-06,-8.4426603575604e-13,2.5631915347878e-14
1073,0,0,1073,3.6474536769979e-11,6.7903625160649e-06,-8.4386373317298e-13,2.5582895638618e-14
1074,0,0,1074,3.6449002763983e-11,6.7950225232522e-06,-8.4346130090846e-13,2.5534005995618e-14
1075,0,0,1075,3.6423517518027e-11,6.799680306343e-06,-8.4305873942564e-13,2.5485245955916e-14
1076,0,0,1076,3.6398080902969e-11,6.8043358646258e-06,-8.4265604918477e-13,2.5436615058501e-14
1077,0,0,1077,3.6372692790124e-11,6.8089891973918e-06,-8.4225323064533e-13,2.5388112844321e-14
1078,0,0,1078,3.6347353051268e-11,6.8136403039347e-06,-8.4185028426388e-13,2.5339738856267e-14
1079,0,0,1079,3.6322061558629e-11,6.8182891835507e-06,-8.4144721049545e-13,2.5291492639138e-14
1080,0,0,1080,3.6296818184889e-11,6.8229358355385e-06,-8.4104400979294e-13,2.5243373739716e-14
1081,0,0,1081,3.6271622803183e-11,6.8275802591993e-06,-8.4064068260799e-13,2.5195381706659e-14
1082,0,0,1082,3.6246475287092e-11,6.8322224538368e-06,-8.4023722938922e-13,2.5147516090543e-14
1083,0,0,1083,3.6221375510648e-11,6.8368624187572e-06,-8.3983365058443e-13,2.5099776443848e-14
1084,0,0,1084,3.6196323348327e-11,6.841500153269e-06,-8.3942994663855e-13,2.5052162320946e-14
1085,0,0,1085,3.6171318675049e-11,6.8461356566833e-06,-8.3902611799558e-13,2.5004673278112e-14
1086,0,0,1086,3.6146361366176e-11,6.8507689283137e-06,-8.3862216509689e-13,2.4957308873463e-14
1087,0,0,1087,3.6121451297509e-11,6.855399967476e-06,-8.382180883825e-13,2.491006866701e-14
1088,0,0,1088,3.6096588345288e-11,6.8600287734887e-06,-8.3781388829012e-13,2.4862952220606e-14
1089,0,0,1089,3.607177238619e-11,6.8646553456724e-06,-8.3740956525607e-13,2.4815959097972e-14
1090,0,0,1090,3.6047003297325e-11,6.8692796833504e-06,-8.3700511971438e-13,2.4769088864663e-14
1091,0,0,1091,3.6022280956237e-11,6.8739017858482e-06,-8.3660055209771e-13,2.4722341088064e-14
1092,0,0,1092,3.59976052409e-11,6.8785216524937e-06,-8.3619586283624e-13,2.4675715337394e-14
1093,0,0,1093,3.5972976029716e-11,6.8831392826172e-06,-8.3579105235926e-13,2.4629211183689e-14
1094,0,0,1094,3.5948393201517e-11,6.8877546755514e-06,-8.3538612109329e-13,2.4582828199789e-14
1095,0,0,1095,3.5923856635556e-11,6.8923678306313e-06,-8.3498106946376e-13,2.453656596034e-14
1096,0,0,1096,3.5899366211514e-11,6.8969787471943e-06,-8.3457589789381e-13,2.4490424041783e-14
1097,0,0,1097,3.5874921809492e-11,6.9015874245799e-06,-8.3417060680522e-13,2.4444402022344e-14
1098,0,0,1098,3.585052331001e-11,6.9061938621303e-06,-8.337651966176e-13,2.4398499482023e-14
1099,0,0,1099,3.5826170594007e-11,6.9107980591897e-06,-8.3335966774919e-13,2.435271600259e-14
1100,0,0,1100,3.580186354284e-11,6.9154000151047e-06,-8.3295402061608e-13,2.4307051167572e-14
1101,0,0,1101,3.5777602038278e-11,6.9199997292242e-06,-8.3254825563283e-13,2.4261504562261e-14
1102,0,0,1102,3.5753385962504e-11,6.9245972008994e-06,-8.3214237321231e-13,2.42160757737e-14
1103,0,0,1103,3.5729215198113e-11,6.9291924294838e-06,-8.317363737654e-13,2.4170764390625e-14
1104,0,0,1104,3.570508962811e-11,6.933785414333e-06,-8.3133025770144e-13,2.4125570003575e-14
1105,0,0,1105,3.5681009135905e-11,6.9383761548049e-06,-8.3092402542809e-13,2.4080492204731e-14
1106,0,0,1106,3.5656973605317e-11,6.9429646502599e-06,-8.3051767735118e-13,2.403553058805e-14
1107,0,0,1107,3.5632982920568e-11,6.9475509000603e-06,-8.3011121387483e-13,2.3990684749171e-14
1108,0,0,1108,3.5609036966282e-11,6.9521349035708e-06,-8.297046354015e-13,2.3945954285418e-14
1109,0,0,1109,3.5585135627487e-11,6.9567166601583e-06,-8.2929794233209e-13,2.3901338795828e-14
1110,0,0,1110,3.5561278789605e-11,6.9612961691918e-06,-8.2889113506553e-13,2.3856837881111e-14
1111,0,0,1111,3.5537466338462e-11,6.9658734300426e-06,-8.284842139992e-13,2.381245114366e-14
1112,0,0,1112,3.5513698160274e-11,6.9704484420842e-06,-8.2807717952926e-13,2.3768178187513e-14
1113,0,0,1113,3.5489974141656e-11,6.9750212046922e-06,-8.2767003204912e-13,2.3724018618396e-14
1114,0,0,1114,3.5466294169612e-11,6.9795917172445e-06,-8.2726277195187e-13,2.3679972043669e-14
1115,0,0,1115,3.544265813154e-11,6.9841599791209e-06,-8.2685539962769e-13,2.3636038072347e-14
1116,0,0,1116,3.5419065915225e-11,6.9887259897035e-06,-8.264479154663e-13,2.3592216315068e-14
1117,0,0,1117,3.5395517408841e-11,6.9932897483768e-06,-8.2604031985482e-13,2.3548506384128e-14
1118,0,0,1118,3.5372012500947e-11,6.9978512545269e-06,-8.2563261317945e-13,2.3504907893404e-14
1119,0,0,1119,3.5348551080489e-11,7.0024105075425e-06,-8.2522479582437e-13,2.346142045843e-14
1120,0,0,1120,3.5325133036793e-11,7.0069675068142e-06,-8.2481686817182e-13,2.3418043696306e-14
1121,0,0,1121,3.5301758259567e-11,7.0115222517347e-06,-8.2440883060383e-13,2.3374777225773e-14
1122,0,0,1122,3.52784266389e-11,7.0160747416988e-06,-8.2400068349879e-13,2.3331620667134e-14
1123,0,0,1123,3.5255138065257e-11,7.0206249761034e-06,-8.2359242723554e-13,2.3288573642292e-14
1124,0,0,1124,3.5231892429483e-11,7.0251729543475e-06,-8.2318406218984e-13,2.3245635774718e-14
1125,0,0,1125,3.5208689622793e-11,7.0297186758322e-06,-8.2277558873669e-13,2.3202806689478e-14
1126,0,0,1126,3.518552953678e-11,7.0342621399607e-06,-8.2236700724911e-13,2.316008601316e-14
1127,0,0,1127,3.5162412063406e-11,7.038803346138e-06,-8.2195831809888e-13,2.3117473373945e-14
1128,0,0,1128,3.5139337095004e-11,7.0433422937715e-06,-8.2154952165595e-13,2.3074968401553e-14
1129,0,0,1129,3.5116304524277e-11,7.0478789822703e-06,-8.2114061828888e-13,2.3032570727225e-14
1130,0,0,1130,3.5093314244293e-11,7.0524134110458e-06,-8.2073160836501e-13,2.2990279983775e-14
1131,0,0,1131,3.5070366148488e-11,7.0569455795113e-06,-8.2032249224922e-13,2.2948095805512e-14
1132,0,0,1132,3.504746013066e-11,7.061475487082e-06,-8.1991327030609e-13,2.2906017828289e-14
1133,0,0,1133,3.502459608497e-11,7.0660031331754e-06,-8.1950394289743e-13,2.2864045689446e-14
1134,0,0,1134,3.5001773905942e-11,7.0705285172107e-06,-8.1909451038477e-13,2.2822179027854e-14
1135,0,0,1135,3.4978993488458e-11,7.0750516386092e-06,-8.1868497312701e-13,2.2780417483883e-14
1136,0,0,1136,3.4956254727759e-11,7.0795724967942e-06,-8.1827533148274e-13,2.2738760699377e-14
1137,0,0,1137,3.4933557519441e-11,7.0840910911909e-06,-8.1786558580781e-13,2.2697208317679e-14
1138,0,0,1138,3.4910901759458e-11,7.0886074212266e-06,-8.1745573645759e-13,2.2655759983611e-14
1139,0,0,1139,3.4888287344114e-11,7.0931214863303e-06,-8.1704578378517e-13,2.2614415343464e-14
1140,0,0,1140,3.4865714170069e-11,7.0976332859333e-06,-8.1663572814316e-13,2.2573174045001e-14
1141,0,0,1141,3.4843182134332e-11,7.1021428194686e-06,-8.1622556988173e-13,2.2532035737425e-14
1142,0,0,1142,3.482069113426e-11,7.1066500863711e-06,-8.1581530934998e-13,2.2491000071422e-14
1143,0,0,1143,3.4798241067561e-11,7.1111550860777e-06,-8.1540494689608e-13,2.2450066699091e-14
1144,0,0,1144,3.4775831832287e-11,7.1156578180272e-06,-8.1499448286559e-13,2.2409235273991e-14
1145,0,0,1145,3.4753463326836e-11,7.1201582816604e-06,-8.1458391760393e-13,2.2368505451098e-14
1146,0,0,1146,3.4731135449949e-11,7.1246564764198e-06,-8.1417325145422e-13,2.2327876886829e-14
1147,0,0,1147,3.470884810071e-11,7.12915240175e-06,-8.1376248475834e-13,2.2287349239001e-14
1148,0,0,1148,3.4686601178544e-11,7.1336460570972e-06,-8.1335161785695e-13,2.2246922166869e-14
1149,0,0,1149,3.4664394583213e-11,7.1381374419099e-06,-8.1294065108934e-13,2.2206595331061e-14
1150,0,0,1150,3.4642228214819e-11,7.142626555638e-06,-8.125295847931e-13,2.216636839363e-14
1151,0,0,1151,3.4620101973801e-11,7.1471133977336e-06,-8.1211841930459e-13,2.2126241018003e-14
1152,0,0,1152,3.4598015760932e-11,7.1515979676505e-06,-8.1170715495897e-13,2.208621286901e-14
1153,0,0,1153,3.4575969477319e-11,7.1560802648444e-06,-8.1129579208969e-13,2.2046283612847e-14
1154,0,0,1154,3.4553963024402e-11,7.1605602887727e-06,-8.1088433102882e-13,2.2006452917082e-14
1155,0,0,1155,3.4531996303951e-11,7.1650380388949e-06,-8.1047277210767e-13,2.1966720450675e-14
1156,0,0,1156,3.4510069218067e-11,7.169513514672e-06,-8.1006111565525e-13,2.1927085883906e-14
1157,0,0,1157,3.4488181669179e-11,7.173986715567e-06,-8.0964936199996e-13,2.1887548888446e-14
1158,0,0,1158,3.4466333560042e-11,7.1784576410447e-06,-8.0923751146867e-13,2.1848109137283e-14
1159,0,0,1159,3.4444524793737e-11,7.1829262905717e-06,-8.0882556438669e-13,2.1808766304773e-14
1160,0,0,1160,3.442275527367e-11,7.1873926636164e-06,-8.0841352107814e-13,2.1769520066588e-14
1161,0,0,1161,3.4401024903571e-11,7.1918567596488e-06,-8.0800138186574e-13,2.1730370099735e-14
1162,0,0,1162,3.4379333587488e-11,7.1963185781409e-06,-8.0758914707129e-13,2.1691316082563e-14
1163,0,0,1163,3.4357681229793e-11,7.2007781185664e-06,-8.071768170146e-13,2.1652357694695e-14
1164,0,0,1164,3.4336067735176e-11,7.2052353804007e-06,-8.0676439201457e-13,2.1613494617097e-14
1165,0,0,1165,3.4314493008644e-11,7.2096903631211e-06,-8.0635187238901e-13,2.1574726532055e-14
1166,0,0,1166,3.4292956955521e-11,7.2141430662065e-06,-8.0593925845375e-13,2.1536053123088e-14
1167,0,0,1167,3.4271459481446e-11,7.2185934891375e-06,-8.05526550524e-13,2.1497474075092e-14
1168,0,0,1168,3.4250000492372e-11,7.2230416313967e-06,-8.0511374891328e-13,2.1458989074184e-14
1169,0,0,1169,3.4228579894564e-11,7.2274874924682e-06,-8.047008539342e-13,2.142059780778e-14
1170,0,0,1170,3.4207197594599e-11,7.2319310718378e-06,-8.0428786589767e-13,2.1382299964596e-14
1171,0,0,1171,3.4185853499365e-11,7.2363723689931e-06,-8.038747851134e-13,2.1344095234574e-14
1172,0,0,1172,3.4164547516056e-11,7.2408113834235e-06,-8.034616118903e-13,2.1305983308951e-14
1173,0,0,1173,3.4143279552176e-11,7.2452481146198e-06,-8.0304834653546e-13,2.126796388022e-14
1174,0,0,1174,3.4122049515534e-11,7.2496825620748e-06,-8.0263498935505e-13,2.1230036642088e-14
1175,0,0,1175,3.4100857314244e-11,7.2541147252828e-06,-8.022215406537e-13,2.1192201289562e-14
1176,0,0,1176,3.4079702856725e-11,7.2585446037399e-06,-8.0180800073528e-13,2.1154457518842e-14
1177,0,0,1177,3.4058586051698e-11,7.2629721969438e-06,-8.0139436990211e-13,2.111680502738e-14
1178,0,0,1178,3.4037506808184e-11,7.2673975043938e-06,-8.0098064845485e-13,2.1079243513868e-14
1179,0,0,1179,3.4016465035506e-11,7.271820525591e-06,-8.00566836694e-13,2.1041772678196e-14
1180,0,0,1180,3.3995460643284e-11,7.2762412600381e-06,-8.0015293491804e-13,2.1004392221486e-14
1181,0,0,1181,3.3974493541438e-11,7.2806597072393e-06,-7.997389434241e-13,2.096710184607e-14
1182,0,0,1182,3.3953563640183e-11,7.2850758667007e-06,-7.9932486250899e-13,2.0929901255474e-14
1183,0,0,1183,3.3932670850028e-11,7.2894897379298e-06,-7.9891069246754e-13,2.0892790154439e-14
1184,0,0,1184,3.3911815081779e-11,7.2939013204358e-06,-7.9849643359334e-13,2.0855768248892e-14
1185,0,0,1185,3.3890996246533e-11,7.2983106137297e-06,-7.9808208617952e-13,2.0818835245938e-14
1186,0,0,1186,3.387021425568e-11,7.3027176173237e-06,-7.9766765051754e-13,2.0781990853886e-14
1187,0,0,1187,3.3849469020897e-11,7.3071223307319e-06,-7.972531268973e-13,2.0745234782202e-14
1188,0,0,1188,3.3828760454156e-11,7.3115247534701e-06,-7.9683851560842e-13,2.0708566741555e-14
1189,0,0,1189,3.3808088467712e-11,7.3159248850554e-06,-7.9642381693866e-13,2.0671986443728e-14
1190,0,0,1190,3.378745297411e-11,7.3203227250066e-06,-7.9600903117487e-13,2.0635493601724e-14
1191,0,0,1191,3.3766853886181e-11,7.3247182728442e-06,-7.9559415860267e-13,2.0599087929661e-14
1192,0,0,1192,3.3746291117038e-11,7.3291115280901e-06,-7.9517919950693e-13,2.0562769142821e-14
1193,0,0,1193,3.372576458008e-11,7.3335024902679e-06,-7.9476415417034e-13,2.0526536957622e-14
1194,0,0,1194,3.3705274188989e-11,7.3378911589025e-06,-7.9434902287593e-13,2.0490391091648e-14
1195,0,0,1195,3.3684819857725e-11,7.3422775335208e-06,-7.939338059041e-13,2.0454331263586e-14
1196,0,0,1196,3.3664401500532e-11,7.3466616136508e-06,-7.9351850353526e-13,2.0418357193267e-14
1197,0,0,1197,3.364401903193e-11,7.3510433988224e-06,-7.9310311604814e-13,2.0382468601641e-14
1198,0,0,1198,3.3623672366719e-11,7.3554228885667e-06,-7.9268764372038e-13,2.0346665210787e-14
1199,0,0,1199,3.3603361419975e-11,7.3598000824166e-06,-7.9227208682872e-13,2.0310946743885e-14
1200,0,0,1200,3.358308610705e-11,7.3641749799063e-06,-7.9185644564866e-13,2.0275312925225e-14
1201,0,0,1201,3.356284634357e-11,7.3685475805718e-06,-7.9144072045448e-13,2.0239763480208e-14
1202,0,0,1202,3.3542642045435e-11,7.3729178839504e-06,-7.9102491151968e-13,2.020429813533e-14
1203,0,0,1203,3.3522473128817e-11,7.3772858895809e-06,-7.9060901911609e-13,2.0168916618169e-14
1204,0,0,1204,3.3502339510159e-11,7.3816515970036e-06,-7.9019304351553e-13,2.0133618657404e-14
1205,0,0,1205,3.3482241106176e-11,7.3860150057604e-06,-7.8977698498723e-13,2.0098403982806e-14
1206,0,0,1206,3.3462177833851e-11,7.3903761153947e-06,-7.8936084380086e-13,2.0063272325178e-14
1207,0,0,1207,3.3442149610435e-11,7.3947349254512e-06,-7.8894462022379e-13,2.0028223416463e-14
1208,0,0,1208,3.3422156353445e-11,7.3990914354762e-06,-7.885283145231e-13,1.9993256989616e-14
1209,0,0,1209,3.3402197980666e-11,7.4034456450174e-06,-7.8811192696448e-13,1.995837277868e-14
1210,0,0,1210,3.3382274410148e-11,7.4077975536241e-06,-7.876954578127e-13,1.9923570518751e-14
1211,0,0,1211,3.3362385560202e-11,7.4121471608469e-06,-7.8727890733131e-13,1.988884994599e-14
1212,0,0,1212,3.3342531349404e-11,7.416494466238e-06,-7.8686227578308e-13,1.9854210797573e-14
1213,0,0,1213,3.3322711696592e-11,7.4208394693509e-06,-7.8644556342926e-13,1.9819652811756e-14
1214,0,0,1214,3.3302926520864e-11,7.4251821697405e-06,-7.8602877053079e-13,1.9785175727822e-14
1215,0,0,1215,3.3283175741578e-11,7.4295225669634e-06,-7.8561189734691e-13,1.9750779286075e-14
1216,0,0,1216,3.3263459278351e-11,7.4338606605775e-06,-7.8519494413582e-13,1.9716463227859e-14
1217,0,0,1217,3.3243777051055e-11,7.4381964501419e-06,-7.8477791115569e-13,1.9682227295546e-14
1218,0,0,1218,3.3224128979822e-11,7.4425299352173e-06,-7.8436079866209e-13,1.9648071232511e-14
1219,0,0,1219,3.3204514985039e-11,7.446861115366e-06,-7.8394360691105e-13,1.961399478316e-14
1220,0,0,1220,3.3184934987346e-11,7.4511899901514e-06,-7.8352633615661e-13,1.9579997692909e-14
1221,0,0,1221,3.3165388907638e-11,7.4555165591384e-06,-7.8310898665221e-13,1.9546079708164e-14
1222,0,0,1222,3.3145876667062e-11,7.4598408218934e-06,-7.8269155865049e-13,1.951224057635e-14
1223,0,0,1223,3.3126398187016e-11,7.464162777984e-06,-7.8227405240244e-13,1.947848004588e-14
1224,0,0,1224,3.310695338915e-11,7.4684824269794e-06,-7.8185646815887e-13,1.9444797866145e-14
1225,0,0,1225,3.3087542195362e-11,7.4727997684499e-06,-7.8143880616877e-13,1.9411193787557e-14
1226,0,0,1226,3.3068164527801e-11,7.4771148019675e-06,-7.810210666808e-13,1.9377667561469e-14
1227,0,0,1227,3.3048820308861e-11,7.4814275271053e-06,-7.8060324994241e-13,1.9344218940239e-14
1228,0,0,1228,3.3029509461183e-11,7.4857379434379e-06,-7.8018535619998e-13,1.9310847677204e-14
1229,0,0,1229,3.3010231907657e-11,7.4900460505412e-06,-7.7976738569927e-13,1.9277553526641e-14
1230,0,0,1230,3.2990987571413e-11,7.4943518479925e-06,-7.7934933868451e-13,1.9244336243807e-14
1231,0,0,1231,3.2971776375828e-11,7.4986553353704e-06,-7.789312153993e-13,1.9211195584943e-14
1232,0,0,1232,3.2952598244521e-11,7.5029565122549e-06,-7.7851301608651e-13,1.9178131307201e-14
1233,0,0,1233,3.2933453101352e-11,7.5072553782272e-06,-7.7809474098774e-13,1.9145143168706e-14
1234,0,0,1234,3.2914340870424e-11,7.51155193287e-06,-7.776763903434e-13,1.9112230928537e-14
1235,0,0,1235,3.2895261476077e-11,7.5158461757672e-06,-7.7725796439388e-13,1.9079394346707e-14
1236,0,0,1236,3.2876214842893e-11,7.520138106504e-06,-7.7683946337727e-13,1.9046633184169e-14
1237,0,0,1237,3.285720089569e-11,7.5244277246672e-06,-7.7642088753228e-13,1.9013947202803e-14
1238,0,0,1238,3.2838219559524e-11,7.5287150298445e-06,-7.7600223709532e-13,1.8981336165429e-14
1239,0,0,1239,3.2819270759689e-11,7.5330000216252e-06,-7.7558351230265e-13,1.8948799835789e-14
1240,0,0,1240,3.280035442171e-11,7.5372826995997e-06,-7.751647133893e-13,1.8916337978532e-14
1241,0,0,1241,3.2781470471351e-11,7.5415630633599e-06,-7.7474584058982e-13,1.8883950359256e-14
1242,0,0,1242,3.2762618834606e-11,7.5458411124988e-06,-7.7432689413712e-13,1.8851636744442e-14
1243,0,0,1243,3.2743799437705e-11,7.5501168466107e-06,-7.739078742639e-13,1.8819396901479e-14
1244,0,0,1244,3.2725012207106e-11,7.5543902652914e-06,-7.7348878120138e-13,1.8787230598692e-14
1245,0,0,1245,3.2706257069501e-11,7.5586613681377e-06,-7.7306961518029e-13,1.8755137605265e-14
1246,0,0,1246,3.268753395181e-11,7.5629301547478e-06,-7.7265037643059e-13,1.8723117691312e-14
1247,0,0,1247,3.2668842781182e-11,7.5671966247212e-06,-7.7223106518057e-13,1.8691170627809e-14
1248,0,0,1248,3.2650183484995e-11,7.5714607776585e-06,-7.7181168165852e-13,1.8659296186654e-14
1249,0,0,1249,3.2631555990855e-11,7.5757226131618e-06,-7.7139222609148e-13,1.8627494140598e-14
1250,0,0,1250,3.2612960226591e-11,7.5799821308342e-06,-7.7097269870529e-13,1.8595764263278e-14
1251,0,0,1251,3.2594396120262e-11,7.5842393302802e-06,-7.7055309972563e-13,1.8564106329229e-14
1252,0,0,1252,3.2575863600148e-11,7.5884942111055e-06,-7.7013342937679e-13,1.853252011382e-14
1253,0,0,1253,3.2557362594755e-11,7.592746772917e-06,-7.69713687882e-13,1.8501005393338e-14
1254,0,0,1254,3.253889303281e-11,7.5969970153229e-06,-7.6929387546447e-13,1.8469561944876e-14
1255,0,0,1255,3.2520454843264e-11,7.6012449379325e-06,-7.688739923456e-13,1.8438189546421e-14
1256,0,0,1256,3.2502047955287e-11,7.6054905403565e-06,-7.6845403874646e-13,1.8406887976825e-14
1257,0,0,1257,3.2483672298271e-11,7.6097338222067e-06,-7.6803401488721e-13,1.8375657015766e-14
1258,0,0,1258,3.2465327801827e-11,7.6139747830962e-06,-7.6761392098709e-13,1.8344496443771e-14
1259,0,0,1259,3.2447014395785e-11,7.6182134226391e-06,-7.6719375726471e-13,1.831340604225e-14
1260,0,0,1260,3.2428732010192e-11,7.6224497404509e-06,-7.6677352393733e-13,1.828238559339e-14
1261,0,0,1261,3.2410480575311e-11,7.6266837361482e-06,-7.6635322122173e-13,1.8251434880276e-14
1262,0,0,1262,3.2392260021625e-11,7.630915409349e-06,-7.6593284933408e-13,1.8220553686782e-14
1263,0,0,1263,3.2374070279827e-11,7.6351447596721e-06,-7.6551240848902e-13,1.8189741797645e-14
1264,0,0,1264,3.2355911280829e-11,7.6393717867379e-06,-7.6509189890165e-13,1.8158998998395e-14
1265,0,0,1265,3.2337782955753e-11,7.6435964901676e-06,-7.646713207843e-13,1.8128325075411e-14
1266,0,0,1266,3.2319685235937e-11,7.6478188695839e-06,-7.6425067435008e-13,1.8097719815856e-14
1267,0,0,1267,3.230161805293e-11,7.6520389246105e-06,-7.6382995981148e-13,1.8067183007758e-14
1268,0,0,1268,3.228358133849e-11,7.6562566548723e-06,-7.6340917737824e-13,1.8036714439902e-14
1269,0,0,1269,3.2265575024588e-11,7.6604720599953e-06,-7.6298832726131e-13,1.800631390192e-14
1270,0,0,1270,3.2247599043404e-11,7.6646851396067e-06,-7.6256740966981e-13,1.7975981184211e-14
1271,0,0,1271,3.2229653327325e-11,7.6688958933349e-06,-7.6214642481255e-13,1.7945716078023e-14
1272,0,0,1272,3.221173780895e-11,7.6731043208095e-06,-7.6172537289743e-13,1.7915518375332e-14
1273,0,0,1273,3.2193852421081e-11,7.6773104216611e-06,-7.6130425413081e-13,1.7885387868981e-14
1274,0,0,1274,3.2175997096729e-11,7.6815141955214e-06,-7.6088306871935e-13,1.785532435253e-14
1275,0,0,1275,3.2158171769108e-11,7.6857156420234e-06,-7.604618168688e-13,1.7825327620386e-14
1276,0,0,1276,3.2140376371641e-11,7.6899147608012e-06,-7.6004049878275e-13,1.7795397467694e-14
1277,0,0,1277,3.212261083795e-11,7.69411155149e-06,-7.5961911466634e-13,1.7765533690404e-14
1278,0,0,1278,3.2104875101865e-11,7.698306013726e-06,-7.5919766472164e-13,1.7735736085216e-14
1279,0,0,1279,3.2087169097415e-11,7.7024981471468e-06,-7.5877614915163e-13,1.7706004449622e-14
1280,0,0,1280,3.2069492758833e-11,7.7066879513907e-06,-7.5835456815746e-13,1.7676338581872e-14
1281,0,0,1281,3.2051846020552e-11,7.7108754260976e-06,-7.5793292193997e-13,1.7646738280987e-14
1282,0,0,1282,3.2034228817206e-11,7.7150605709081e-06,-7.5751121069939e-13,1.7617203346732e-14
1283,0,0,1283,3.2016641083626e-11,7.7192433854641e-06,-7.5708943463471e-13,1.7587733579646e-14
1284,0,0,1284,3.1999082754845e-11,7.7234238694085e-06,-7.5666759394494e-13,1.7558328781025e-14
1285,0,0,1285,3.1981553766092e-11,7.7276020223854e-06,-7.5624568882723e-13,1.7528988752889e-14
1286,0,0,1286,3.1964054052794e-11,7.73177784404e-06,-7.5582371947876e-13,1.7499713298031e-14
1287,0,0,1287,3.1946583550574e-11,7.7359513340185e-06,-7.5540168609605e-13,1.7470502219985e-14
1288,0,0,1288,3.1929142195251e-11,7.740122491968e-06,-7.5497958887475e-13,1.7441355323012e-14
1289,0,0,1289,3.1911729922839e-11,7.7442913175371e-06,-7.5455742800864e-13,1.7412272412111e-14
1290,0,0,1290,3.1894346669546e-11,7.7484578103752e-06,-7.5413520369335e-13,1.7383253293035e-14
1291,0,0,1291,3.1876992371774e-11,7.7526219701328e-06,-7.5371291612112e-13,1.7354297772239e-14
1292,0,0,1292,3.1859666966117e-11,7.7567837964615e-06,-7.5329056548453e-13,1.7325405656937e-14
1293,0,0,1293,3.1842370389362e-11,7.7609432890138e-06,-7.5286815197613e-13,1.7296576755036e-14
1294,0,0,1294,3.1825102578487e-11,7.7651004474436e-06,-7.5244567578665e-13,1.7267810875166e-14
1295,0,0,1295,3.180786347066e-11,7.7692552714055e-06,-7.5202313710619e-13,1.7239107826715e-14
1296,0,0,1296,3.179065300324e-11,7.7734077605553e-06,-7.5160053612548e-13,1.7210467419727e-14
1297,0,0,1297,3.1773471113775e-11,7.77755791455e-06,-7.5117787303247e-13,1.7181889464997e-14
1298,0,0,1298,3.1756317740001e-11,7.7817057330473e-06,-7.5075514801635e-13,1.7153373774021e-14
1299,0,0,1299,3.1739192819842e-11,7.7858512157062e-06,-7.5033236126386e-13,1.7124920158988e-14
1300,0,0,1300,3.1722096291409e-11,7.7899943621867e-06,-7.4990951296266e-13,1.7096528432787e-14
1301,0,0,1301,3.1705028093e-11,7.7941351721497e-06,-7.4948660329856e-13,1.7068198409032e-14
1302,0,0,1302,3.1687988163098e-11,7.7982736452572e-06,-7.4906363245706e-13,1.7039929902002e-14
1303,0,0,1303,3.1670976440372e-11,7.8024097811722e-06,-7.4864060062338e-13,1.7011722726672e-14
1304,0,0,1304,3.1653992863673e-11,7.8065435795589e-06,-7.4821750798087e-13,1.698357669873e-14
1305,0,0,1305,3.1637037372038e-11,7.8106750400821e-06,-7.4779435471381e-13,1.6955491634529e-14
1306,0,0,1306,3.1620109904687e-11,7.8148041624081e-06,-7.4737114100435e-13,1.6927467351101e-14
1307,0,0,1307,3.1603210401021e-11,7.8189309462039e-06,-7.4694786703522e-13,1.6899503666181e-14
1308,0,0,1308,3.1586338800623e-11,7.8230553911375e-06,-7.4652453298704e-13,1.6871600398152e-14
1309,0,0,1309,3.1569495043257e-11,7.8271774968781e-06,-7.4610113904101e-13,1.6843757366101e-14
1310,0,0,1310,3.1552679068867e-11,7.8312972630956e-06,-7.4567768537713e-13,1.6815974389752e-14
1311,0,0,1311,3.1535890817578e-11,7.8354146894612e-06,-7.4525417217447e-13,1.6788251289532e-14
1312,0,0,1312,3.1519130229691e-11,7.8395297756469e-06,-7.4483059961241e-13,1.6760587886503e-14
1313,0,0,1313,3.1502397245689e-11,7.8436425213258e-06,-7.4440696786878e-13,1.6732984002416e-14
1314,0,0,1314,3.1485691806229e-11,7.8477529261718e-06,-7.439832771202e-13,1.6705439459658e-14
1315,0,0,1315,3.1469013852148e-11,7.8518609898598e-06,-7.4355952754482e-13,1.6677954081277e-14
1316,0,0,1316,3.1452363324457e-11,7.855966712066e-06,-7.4313571931743e-13,1.6650527690988e-14
1317,0,0,1317,3.1435740164344e-11,7.8600700924672e-06,-7.4271185261432e-13,1.662316011315e-14
1318,0,0,1318,3.1419144313171e-11,7.8641711307413e-06,-7.4228792760967e-13,1.6595851172756e-14
1319,0,0,1319,3.1402575712475e-11,7.8682698265671e-06,-7.4186394447825e-13,1.6568600695465e-14
1320,0,0,1320,3.1386034303968e-11,7.8723661796246e-06,-7.4143990339299e-13,1.654140850755e-14
1321,0,0,1321,3.1369520029532e-11,7.8764601895943e-06,-7.4101580452745e-13,1.6514274435968e-14
1322,0,0,1322,3.1353032831224e-11,7.8805518561581e-06,-7.4059164805303e-13,1.6487198308253e-14
1323,0,0,1323,3.1336572651271e-11,7.8846411789987e-06,-7.4016743414206e-13,1.6460179952627e-14
1324,0,0,1324,3.1320139432073e-11,7.8887281577996e-06,-7.3974316296532e-13,1.6433219197905e-14
1325,0,0,1325,3.13037331162e-11,7.8928127922454e-06,-7.3931883469238e-13,1.6406315873564e-14
1326,0,0,1326,3.128735364639e-11,7.8968950820217e-06,-7.3889444949433e-13,1.6379469809657e-14
1327,0,0,1327,3.1271000965553e-11,7.9009750268147e-06,-7.3847000753922e-13,1.6352680836909e-14
1328,0,0,1328,3.1254675016766e-11,7.9050526263119e-06,-7.3804550899598e-13,1.6325948786633e-14
1329,0,0,1329,3.1238375743276e-11,7.9091278802016e-06,-7.3762095403204e-13,1.629927349079e-14
1330,0,0,1330,3.1222103088494e-11,7.9132007881729e-06,-7.3719634281543e-13,1.6272654781901e-14
1331,0,0,1331,3.1205856996e-11,7.9172713499161e-06,-7.3677167551203e-13,1.6246092493166e-14
1332,0,0,1332,3.1189637409542e-11,7.9213395651221e-06,-7.3634695228803e-13,1.6219586458342e-14
1333,0,0,1333,3.117344427303e-11,7.9254054334829e-06,-7.3592217330932e-13,1.619313651181e-14
1334,0,0,1334,3.1157277530542e-11,7.9294689546914e-06,-7.3549733874025e-13,1.6166742488563e-14
1335,0,0,1335,3.1141137126318e-11,7.9335301284414e-06,-7.3507244874486e-13,1.6140404224177e-14
1336,0,0,1336,3.1125023004763e-11,7.9375889544275e-06,-7.3464750348751e-13,1.6114121554846e-14
1337,0,0,1337,3.1108935110445e-11,7.9416454323454e-06,-7.342225031301e-13,1.6087894317338e-14
1338,0,0,1338,3.1092873388096e-11,7.9456995618914e-06,-7.3379744783635e-13,1.6061722349039e-14
1339,0,0,1339,3.1076837782608e-11,7.9497513427631e-06,-7.3337233776726e-13,1.60356054879e-14
1340,0,0,1340,3.1060828239036e-11,7.9538007746586e-06,-7.3294717308441e-13,1.6009543572473e-14
1341,0,0,1341,3.1044844702594e-11,7.9578478572771e-06,-7.3252195394786e-13,1.5983536441896e-14
1342,0,0,1342,3.1028887118658e-11,7.9618925903186e-06,-7.320966805189e-13,1.595758393589e-14
1343,0,0,1343,3.1012955432763e-11,7.9659349734841e-06,-7.3167135295574e-13,1.5931685894752e-14
1344,0,0,1344,3.0997049590604e-11,7.9699750064754e-06,-7.3124597141784e-13,1.5905842159353e-14
1345,0,0,1345,3.0981169538033e-11,7.9740126889951e-06,-7.3082053606402e-13,1.5880052571151e-14
1346,0,0,1346,3.0965315221061e-11,7.9780480207467e-06,-7.3039504705127e-13,1.5854316972168e-14
1347,0,0,1347,3.0949486585856e-11,7.9820810014348e-06,-7.2996950453751e-13,1.5828635204994e-14
1348,0,0,1348,3.0933683578743e-11,7.9861116307645e-06,-7.2954390867851e-13,1.5803007112795e-14
1349,0,0,1349,3.0917906146204e-11,7.990139908442e-06,-7.2911825963095e-13,1.5777432539297e-14
1350,0,0,1350,3.0902154234875e-11,7.9941658341743e-06,-7.2869255755059e-13,1.5751911328792e-14
1351,0,0,1351,3.0886427791549e-11,7.9981894076693e-06,-7.2826680259168e-13,1.5726443326129e-14
1352,0,0,1352,3.0870726763172e-11,8.0022106286357e-06,-7.2784099490905e-13,1.5701028376712e-14
1353,0,0,1353,3.0855051096846e-11,8.0062294967829e-06,-7.2741513465663e-13,1.5675666326516e-14
1354,0,0,1354,3.0839400739823e-11,8.0102460118215e-06,-7.2698922198712e-13,1.5650357022035e-14
1355,0,0,1355,3.0823775639513e-11,8.0142601734627e-06,-7.2656325705414e-13,1.5625100310356e-14
1356,0,0,1356,3.0808175743474e-11,8.0182719814186e-06,-7.2613724000886e-13,1.5599896039097e-14
1357,0,0,1357,3.0792600999418e-11,8.022281435402e-06,-7.2571117100367e-13,1.5574744056407e-14
1358,0,0,1358,3.0777051355207e-11,8.0262885351268e-06,-7.2528505018973e-13,1.5549644210988e-14
1359,0,0,1359,3.0761526758855e-11,8.0302932803076e-06,-7.2485887771669e-13,1.5524596352106e-14
1360,0,0,1360,3.0746027158525e-11,8.0342956706597e-06,-7.244326537357e-13,1.5499600329532e-14
1361,0,0,1361,3.0730552502531e-11,8.0382957058995e-06,-7.2400637839548e-13,1.547465599359e-14
1362,0,0,1362,3.0715102739336e-11,8.0422933857439e-06,-7.2358005184537e-13,1.5449763195129e-14
1363,0,0,1363,3.0699677817551e-11,8.046288709911e-06,-7.2315367423344e-13,1.5424921785562e-14
1364,0,0,1364,3.0684277685934e-11,8.0502816781193e-06,-7.2272724570751e-13,1.5400131616776e-14
1365,0,0,1365,3.0668902293393e-11,8.0542722900884e-06,-7.2230076641568e-13,1.5375392541238e-14
1366,0,0,1366,3.0653551588981e-11,8.0582605455387e-06,-7.2187423650419e-13,1.5350704411908e-14
1367,0,0,1367,3.0638225521899e-11,8.0622464441913e-06,-7.2144765611932e-13,1.5326067082286e-14
1368,0,0,1368,3.0622924041492e-11,8.0662299857682e-06,-7.210210254067e-13,1.5301480406381e-14
1369,0,0,1369,3.0607647097253e-11,8.070211169992e-06,-7.205943445123e-13,1.5276944238732e-14
1370,0,0,1370,3.0592394638819e-11,8.0741899965863e-06,-7.2016761358023e-13,1.5252458434381e-14
1371,0,0,1371,3.057716661597e-11,8.0781664652756e-06,-7.1974083275491e-13,1.5228022848902e-14
1372,0,0,1372,3.0561962978632e-11,8.0821405757849e-06,-7.1931400218045e-13,1.5203637338352e-14
1373,0,0,1373,3.0546783676872e-11,8.0861123278401e-06,-7.1888712199913e-13,1.5179301759338e-14
1374,0,0,1374,3.0531628660904e-11,8.0900817211681e-06,-7.1846019235445e-13,1.5155015968927e-14
1375,0,0,1375,3.0516497881079e-11,8.0940487554962e-06,-7.1803321338837e-13,1.5130779824739e-14
1376,0,0,1376,3.0501391287894e-11,8.0980134305528e-06,-7.1760618524287e-13,1.5106593184862e-14
1377,0,0,1377,3.0486308831986e-11,8.1019757460669e-06,-7.1717910805868e-13,1.5082455907899e-14
1378,0,0,1378,3.0471250464133e-11,8.1059357017684e-06,-7.1675198197655e-13,1.5058367852958e-14
1379,0,0,1379,3.0456216135253e-11,8.109893297388e-06,-7.1632480713722e-13,1.5034328879625e-14
1380,0,0,1380,3.0441205796405e-11,8.1138485326569e-06,-7.1589758367959e-13,1.5010338847997e-14
1381,0,0,1381,3.0426219398787e-11,8.1178014073074e-06,-7.1547031174379e-13,1.4986397618668e-14
1382,0,0,1382,3.0411256893734e-11,8.1217519210724e-06,-7.1504299146779e-13,1.4962505052691e-14
1383,0,0,1383,3.0396318232722e-11,8.1257000736856e-06,-7.146156229902e-13,1.4938661011649e-14
1384,0,0,1384,3.0381403367365e-11,8.1296458648815e-06,-7.1418820644838e-13,1.4914865357584e-14
1385,0,0,1385,3.0366512249412e-11,8.1335892943952e-06,-7.1376074198032e-13,1.4891117953029e-14
1386,0,0,1386,3.0351644830751e-11,8.1375303619627e-06,-7.1333322972215e-13,1.4867418661001e-14
1387,0,0,1387,3.0336801063406e-11,8.1414690673208e-06,-7.1290566981033e-13,1.4843767345003e-14
1388,0,0,1388,3.0321980899537e-11,8.1454054102069e-06,-7.12478062381e-13,1.4820163868995e-14
1389,0,0,1389,3.0307184291439e-11,8.1493393903592e-06,-7.1205040756906e-13,1.4796608097444e-14
1390,0,0,1390,3.0292411191544e-11,8.1532710075167e-06,-7.1162270550975e-13,1.4773099895259e-14
1391,0,0,1391,3.0277661552416e-11,8.1572002614191e-06,-7.1119495633706e-13,1.474963912785e-14
1392,0,0,1392,3.0262935326755e-11,8.1611271518069e-06,-7.107671601853e-13,1.4726225661071e-14
1393,0,0,1393,3.0248232467394e-11,8.1650516784212e-06,-7.1033931718783e-13,1.4702859361262e-14
1394,0,0,1394,3.0233552927299e-11,8.1689738410039e-06,-7.0991142747744e-13,1.4679540095239e-14
1395,0,0,1395,3.0218896659568e-11,8.1728936392978e-06,-7.0948349118751e-13,1.4656267730241e-14
1396,0,0,1396,3.0204263617434e-11,8.1768110730461e-06,-7.0905550844865e-13,1.4633042134009e-14
1397,0,0,1397,3.018965375426e-11,8.180726141993e-06,-7.0862747939364e-13,1.4609863174737e-14
1398,0,0,1398,3.0175067023539e-11,8.1846388458834e-06,-7.0819940415341e-13,1.4586730721058e-14
1399,0,0,1399,3.0160503378897e-11,8.1885491844627e-06,-7.0777128285827e-13,1.4563644642084e-14
1400,0,0,1400,3.0145962774089e-11,8.1924571574773e-06,-7.0734311563853e-13,1.454060480736e-14
1401,0,0,1401,3.0131445163002e-11,8.1963627646741e-06,-7.0691490262483e-13,1.451761108692e-14
1402,0,0,1402,3.0116950499651e-11,8.2002660058009e-06,-7.0648664394533e-13,1.4494663351196e-14
1403,0,0,1403,3.010247873818e-11,8.204166880606e-06,-7.0605833972943e-13,1.4471761471114e-14
1404,0,0,1404,3.0088029832862e-11,8.2080653888387e-06,-7.056299901059e-13,1.4448905318023e-14
1405,0,0,1405,3.0073603738098e-11,8.2119615302486e-06,-7.0520159520232e-13,1.4426094763728e-14
1406,0,0,1406,3.0059200408418e-11,8.2158553045864e-06,-7.0477315514591e-13,1.4403329680475e-14
1407,0,0,1407,3.0044819798477e-11,8.2197467116034e-06,-7.0434467006487e-13,1.4380609940951e-14
1408,0,0,1408,3.0030461863059e-11,8.2236357510514e-06,-7.0391614008489e-13,1.4357935418265e-14
1409,0,0,1409,3.0016126557073e-11,8.227522422683e-06,-7.0348756533263e-13,1.4335305986003e-14
1410,0,0,1410,3.0001813835554e-11,8.2314067262517e-06,-7.0305894593348e-13,1.4312721518147e-14
1411,0,0,1411,2.9987523653665e-11,8.2352886615115e-06,-7.0263028201347e-13,1.4290181889142e-14
1412,0,0,1412,2.9973255966691e-11,8.239168228217e-06,-7.0220157369741e-13,1.4267686973844e-14
1413,0,0,1413,2.9959010730044e-11,8.2430454261236e-06,-7.0177282110916e-13,1.4245236647555e-14
1414,0,0,1414,2.9944787899258e-11,8.2469202549876e-06,-7.0134402437321e-13,1.4222830785992e-14
1415,0,0,1415,2.9930587429993e-11,8.2507927145656e-06,-7.0091518361376e-13,1.4200469265316e-14
1416,0,0,1416,2.991640927803e-11,8.254662804615e-06,-7.0048629895283e-13,1.417815196209e-14
1417,0,0,1417,2.9902253399277e-11,8.2585305248941e-06,-7.000573705143e-13,1.4155878753323e-14
1418,0,0,1418,2.9888119749761e-11,8.2623958751616e-06,-6.9962839841991e-13,1.4133649516437e-14
1419,0,0,1419,2.9874008285631e-11,8.2662588551771e-06,-6.9919938279199e-13,1.4111464129274e-14
1420,0,0,1420,2.9859918963161e-11,8.2701194647005e-06,-6.9877032375198e-13,1.4089322470084e-14
1421,0,0,1421,2.9845851738744e-11,8.2739777034929e-06,-6.9834122142098e-13,1.4067224417548e-14
1422,0,0,1422,2.9831806568893e-11,8.2778335713157e-06,-6.9791207591951e-13,1.4045169850757e-14
1423,0,0,1423,2.9817783410244e-11,8.281687067931e-06,-6.9748288736806e-13,1.4023158649207e-14
1424,0,0,1424,2.9803782219551e-11,8.2855381931016e-06,-6.9705365588653e-13,1.4001190692827e-14
1425,0,0,1425,2.9789802953689e-11,8.2893869465911e-06,-6.9662438159481e-13,1.3979265861928e-14
1426,0,0,1426,2.9775845569652e-11,8.2932333281635e-06,-6.9619506461064e-13,1.3957384037242e-14
1427,0,0,1427,2.9761910024552e-11,8.2970773375837e-06,-6.9576570505422e-13,1.3935545099912e-14
1428,0,0,1428,2.974799627562e-11,8.3009189746171e-06,-6.9533630304329e-13,1.3913748931484e-14
1429,0,0,1429,2.9734104280207e-11,8.3047582390298e-06,-6.9490685869499e-13,1.3891995413884e-14
1430,0,0,1430,2.9720233995777e-11,8.3085951305885e-06,-6.9447737212737e-13,1.3870284429485e-14
1431,0,0,1431,2.9706385379916e-11,8.3124296490606e-06,-6.9404784345817e-13,1.3848615861008e-14
1432,0,0,1432,2.9692558390324e-11,8.3162617942143e-06,-6.9361827280267e-13,1.3826989591613e-14
1433,0,0,1433,2.967875298482e-11,8.320091565818e-06,-6.9318866027802e-13,1.3805405504837e-14
1434,0,0,1434,2.9664969121335e-11,8.3239189636412e-06,-6.9275900600012e-13,1.3783863484602e-14
1435,0,0,1435,2.965120675792e-11,8.3277439874538e-06,-6.9232931008365e-13,1.3762363415251e-14
1436,0,0,1436,2.9637465852738e-11,8.3315666370264e-06,-6.9189957264481e-13,1.3740905181498e-14
1437,0,0,1437,2.962374636407e-11,8.3353869121303e-06,-6.9146979379706e-13,1.3719488668447e-14
1438,0,0,1438,2.9610048250308e-11,8.3392048125372e-06,-6.9103997365599e-13,1.3698113761598e-14
1439,0,0,1439,2.9596371469961e-11,8.3430203380197e-06,-6.9061011233476e-13,1.3676780346833e-14
1440,0,0,1440,2.9582715981651e-11,8.3468334883509e-06,-6.9018020994681e-13,1.3655488310421e-14
1441,0,0,1441,2.9569081744112e-11,8.3506442633046e-06,-6.897502666056e-13,1.3634237539019e-14
1442,0,0,1442,2.9555468716192e-11,8.354452662655e-06,-6.8932028242365e-13,1.3613027919646e-14
1443,0,0,1443,2.9541876856853e-11,8.3582586861772e-06,-6.8889025751411e-13,1.3591859339741e-14
1444,0,0,1444,2.9528306125165e-11,8.3620623336467e-06,-6.8846019198737e-13,1.3570731687065e-14
1445,0,0,1445,2.9514756480316e-11,8.3658636048398e-06,-6.8803008595718e-13,1.3549644849813e-14
1446,0,0,1446,2.9501227881599e-11,8.3696624995334e-06,-6.8759993953271e-13,1.3528598716516e-14
1447,0,0,1447,2.9487720288423e-11,8.3734590175048e-06,-6.8716975282648e-13,1.3507593176106e-14
1448,0,0,1448,2.9474233660305e-11,8.3772531585321e-06,-6.8673952594796e-13,1.3486628117864e-14
1449,0,0,1449,2.9460767956874e-11,8.3810449223941e-06,-6.8630925900785e-13,1.3465703431458e-14
1450,0,0,1450,2.9447323137867e-11,8.3848343088698e-06,-6.8587895211561e-13,1.3444819006917e-14
1451,0,0,1451,2.9433899163132e-11,8.3886213177393e-06,-6.85448605381e-13,1.3423974734661e-14
1452,0,0,1452,2.9420495992627e-11,8.3924059487831e-06,-6.8501821891227e-13,1.3403170505429e-14
1453,0,0,1453,2.9407113586416e-11,8.3961882017821e-06,-6.845877928192e-13,1.3382406210371e-14
1454,0,0,1454,2.9393751904675e-11,8.399968076518e-06,-6.841573272094e-13,1.336168174099e-14
1455,0,0,1455,2.9380410907686e-11,8.4037455727732e-06,-6.8372682219051e-13,1.3340996989119e-14
1456,0,0,1456,2.9367090555839e-11,8.4075206903305e-06,-6.8329627787106e-13,1.3320351847011e-14
1457,0,0,1457,2.9353790809632e-11,8.4112934289734e-06,-6.8286569435746e-13,1.3299746207224e-14
1458,0,0,1458,2.9340511629669e-11,8.4150637884858e-06,-6.8243507175672e-13,1.3279179962688e-14
1459,0,0,1459,2.9327252976663e-11,8.4188317686526e-06,-6.8200441017586e-13,1.3258653006718e-14
1460,0,0,1460,2.931401481143e-11,8.4225973692587e-06,-6.8157370972065e-13,1.3238165232943e-14
1461,0,0,1461,2.9300797094894e-11,8.4263605900902e-06,-6.8114297049658e-13,1.3217716535381e-14
1462,0,0,1462,2.9287599788086e-11,8.4301214309334e-06,-6.8071219260943e-13,1.3197306808371e-14
1463,0,0,1463,2.9274422852139e-11,8.4338798915752e-06,-6.8028137616438e-13,1.3176935946617e-14
1464,0,0,1464,2.9261266248294e-11,8.4376359718031e-06,-6.7985052126598e-13,1.3156603845189e-14
1465,0,0,1465,2.9248129937895e-11,8.4413896714055e-06,-6.7941962801911e-13,1.3136310399476e-14
1466,0,0,1466,2.9235013882389e-11,8.4451409901708e-06,-6.7898869652709e-13,1.3116055505219e-14
1467,0,0,1467,2.9221918043331e-11,8.4488899278885e-06,-6.7855772689388e-13,1.3095839058524e-14
1468,0,0,1468,2.9208842382375e-11,8.4526364843482e-06,-6.781267192231e-13,1.3075660955818e-14
1469,0,0,1469,2.9195786861281e-11,8.4563806593406e-06,-6.7769567361779e-13,1.3055521093886e-14
1470,0,0,1470,2.9182751441911e-11,8.4601224526565e-06,-6.7726459018005e-13,1.3035419369852e-14
1471,0,0,1471,2.916973608623e-11,8.4638618640875e-06,-6.7683346901261e-13,1.301535568116e-14
1472,0,0,1472,2.9156740756305e-11,8.4675988934258e-06,-6.7640231021818e-13,1.299532992562e-14
1473,0,0,1473,2.9143765414303e-11,8.4713335404639e-06,-6.7597111389672e-13,1.2975342001366e-14
1474,0,0,1474,2.9130810022496e-11,8.4750658049951e-06,-6.7553988015157e-13,1.2955391806855e-14
1475,0,0,1475,2.9117874543255e-11,8.4787956868132e-06,-6.7510860908207e-13,1.2935479240907e-14
1476,0,0,1476,2.9104958939053e-11,8.4825231857126e-06,-6.7467730078941e-13,1.2915604202644e-14
1477,0,0,1477,2.9092063172461e-11,8.4862483014882e-06,-6.7424595537477e-13,1.2895766591554e-14
1478,0,0,1478,2.9079187206154e-11,8.4899710339353e-06,-6.7381457293659e-13,1.2875966307416e-14
1479,0,0,1479,2.9066331002903e-11,8.4936913828501e-06,-6.7338315357604e-13,1.2856203250364e-14
1480,0,0,1480,2.9053494525583e-11,8.4974093480291e-06,-6.7295169739156e-13,1.2836477320857e-14
1481,0,0,1481,2.9040677737163e-11,8.5011249292693e-06,-6.725202044825e-13,1.2816788419668e-14
1482,0,0,1482,2.9027880600715e-11,8.5048381263685e-06,-6.7208867494727e-13,1.2797136447912e-14
1483,0,0,1483,2.9015103079408e-11,8.5085489391247e-06,-6.7165710888462e-13,1.2777521307009e-14
1484,0,0,1484,2.9002345136509e-11,8.5122573673368e-06,-6.7122550639235e-13,1.2757942898722e-14
1485,0,0,1485,2.8989606735384e-11,8.5159634108041e-06,-6.7079386756829e-13,1.2738401125117e-14
1486,0,0,1486,2.8976887839496e-11,8.5196670693262e-06,-6.7036219250962e-13,1.2718895888584e-14
1487,0,0,1487,2.8964188412404e-11,8.5233683427036e-06,-6.6993048131417e-13,1.2699427091845e-14
1488,0,0,1488,2.8951508417766e-11,8.5270672307372e-06,-6.694987340776e-13,1.2679994637916e-14
1489,0,0,1489,2.8938847819336e-11,8.5307637332284e-06,-6.6906695089712e-13,1.2660598430156e-14
1490,0,0,1490,2.8926206580963e-11,8.534457849979e-06,-6.68635131869e-13,1.2641238372212e-14
1491,0,0,1491,2.8913584666595e-11,8.5381495807917e-06,-6.6820327708798e-13,1.2621914368063e-14
1492,0,0,1492,2.8900982040273e-11,8.5418389254693e-06,-6.6777138665128e-13,1.2602626321997e-14
1493,0,0,1493,2.8888398666135e-11,8.5455258838154e-06,-6.6733946065241e-13,1.2583374138606e-14
1494,0,0,1494,2.8875834508412e-11,8.5492104556342e-06,-6.6690749918735e-13,1.2564157722795e-14
1495,0,0,1495,2.8863289531432e-11,8.55289264073e-06,-6.6647550235053e-13,1.2544976979787e-14
1496,0,0,1496,2.8850763699617e-11,8.5565724389081e-06,-6.6604347023548e-13,1.2525831815098e-14
1497,0,0,1497,2.8838256977483e-11,8.5602498499741e-06,-6.6561140293756e-13,1.250672213456e-14
1498,0,0,1498,2.8825769329638e-11,8.563924873734e-06,-6.6517930054875e-13,1.2487647844298e-14
1499,0,0,1499,2.8813300720787e-11,8.5675975099946e-06,-6.6474716316411e-13,1.2468608850767e-14
1500,0,0,1500,2.8800851115727e-11,8.5712677585629e-06,-6.6431499087502e-13,1.2449605060685e-14
1501,0,0,1501,2.8788420479346e-11,8.5749356192468e-06,-6.6388278377591e-13,1.2430636381115e-14
1502,0,0,1502,2.8776008776626e-11,8.5786010918543e-06,-6.6345054195785e-13,1.2411702719383e-14
1503,0,0,1503,2.8763615972643e-11,8.5822641761942e-06,-6.6301826551406e-13,1.239280398314e-14
1504,0,0,1504,2.8751242032563e-11,8.5859248720756e-06,-6.625859545353e-13,1.2373940080315e-14
1505,0,0,1505,2.8738886921644e-11,8.5895831793082e-06,-6.6215360911448e-13,1.235511091915e-14
1506,0,0,1506,2.8726550605235e-11,8.5932390977024e-06,-6.6172122934143e-13,1.2336316408181e-14
1507,0,0,1507,2.8714233048779e-11,8.5968926270687e-06,-6.6128881530815e-13,1.2317556456216e-14
1508,0,0,1508,2.8701934217807e-11,8.6005437672185e-06,-6.6085636710509e-13,1.2298830972396e-14
1509,0,0,1509,2.8689654077941e-11,8.6041925179634e-06,-6.604238848224e-13,1.2280139866111e-14
1510,0,0,1510,2.8677392594894e-11,8.6078388791156e-06,-6.5999136855053e-13,1.2261483047077e-14
1511,0,0,1511,2.8665149734468e-11,8.6114828504878e-06,-6.5955881837902e-13,1.224286042528e-14
1512,0,0,1512,2.8652925462557e-11,8.6151244318933e-06,-6.5912623439709e-13,1.2224271911001e-14
1513,0,0,1513,2.8640719745143e-11,8.6187636231458e-06,-6.586936166949e-13,1.2205717414803e-14
1514,0,0,1514,2.8628532548295e-11,8.6224004240594e-06,-6.5826096536044e-13,1.2187196847551e-14
1515,0,0,1515,2.8616363838175e-11,8.6260348344488e-06,-6.5782828048294e-13,1.2168710120374e-14
1516,0,0,1516,2.860421358103e-11,8.6296668541292e-06,-6.5739556215072e-13,1.2150257144705e-14
1517,0,0,1517,2.8592081743198e-11,8.6332964829162e-06,-6.5696281045146e-13,1.2131837832241e-14
1518,0,0,1518,2.8579968291103e-11,8.636923720626e-06,-6.5653002547348e-13,1.2113452094976e-14
1519,0,0,1519,2.8567873191258e-11,8.6405485670752e-06,-6.5609720730416e-13,1.2095099845184e-14
1520,0,0,1520,2.8555796410262e-11,8.6441710220809e-06,-6.5566435603059e-13,1.2076780995408e-14
1521,0,0,1521,2.8543737914804e-11,8.6477910854607e-06,-6.5523147173984e-13,1.2058495458482e-14
1522,0,0,1522,2.8531697671656e-11,8.6514087570326e-06,-6.5479855451839e-13,1.2040243147505e-14
1523,0,0,1523,2.851967564768e-11,8.6550240366152e-06,-6.5436560445331e-13,1.2022023975868e-14
1524,0,0,1524,2.8507671809823e-11,8.6586369240275e-06,-6.5393262163016e-13,1.2003837857225e-14
1525,0,0,1525,2.8495686125118e-11,8.6622474190891e-06,-6.534996061348e-13,1.1985684705506e-14
1526,0,0,1526,2.8483718560683e-11,8.6658555216197e-06,-6.5306655805276e-13,1.1967564434927e-14
1527,0,0,1527,2.8471769083723e-11,8.66946123144e-06,-6.5263347747021e-13,1.1949476959953e-14
1528,0,0,1528,2.8459837661527e-11,8.6730645483708e-06,-6.5220036447117e-13,1.1931422195348e-14
1529,0,0,1529,2.8447924261471e-11,8.6766654722335e-06,-6.5176721914088e-13,1.191340005612e-14
1530,0,0,1530,2.8436028851014e-11,8.6802640028498e-06,-6.5133404156397e-13,1.1895410457567e-14
1531,0,0,1531,2.8424151397698e-11,8.6838601400422e-06,-6.5090083182414e-13,1.1877453315241e-14
1532,0,0,1532,2.8412291869153e-11,8.6874538836334e-06,-6.5046759000603e-13,1.1859528544971e-14
1533,0,0,1533,2.8400450233091e-11,8.6910452334466e-06,-6.5003431619273e-13,1.1841636062844e-14
1534,0,0,1534,2.8388626457305e-11,8.6946341893056e-06,-6.4960101046857e-13,1.1823775785219e-14
1535,0,0,1535,2.8376820509677e-11,8.6982207510344e-06,-6.4916767291571e-13,1.1805947628715e-14
1536,0,0,1536,2.8365032358166e-11,8.7018049184577e-06,-6.4873430361756e-13,1.178815151021e-14
1537,0,0,1537,2.835326197082e-11,8.7053866914006e-06,-6.4830090265661e-13,1.177038734686e-14
1538,0,0,1538,2.8341509315764e-11,8.7089660696885e-06,-6.4786747011564e-13,1.1752655056061e-14
1539,0,0,1539,2.8329774361208e-11,8.7125430531475e-06,-6.4743400607652e-13,1.1734954555487e-14
1540,0,0,1540,2.8318057075445e-11,8.7161176416039e-06,-6.4700051062112e-13,1.1717285763056e-14
1541,0,0,1541,2.8306357426848e-11,8.7196898348848e-06,-6.4656698383101e-13,1.1699648596959e-14
1542,0,0,1542,2.8294675383872e-11,8.7232596328173e-06,-6.4613342578774e-13,1.1682042975626e-14
1543,0,0,1543,2.8283010915055e-11,8.7268270352293e-06,-6.4569983657196e-13,1.1664468817766e-14
1544,0,0,1544,2.8271363989012e-11,8.730392041949e-06,-6.4526621626492e-13,1.1646926042324e-14
1545,0,0,1545,2.8259734574444e-11,8.7339546528051e-06,-6.4483256494727e-13,1.1629414568504e-14
1546,0,0,1546,2.8248122640128e-11,8.7375148676266e-06,-6.4439888269934e-13,1.1611934315767e-14
1547,0,0,1547,2.8236528154924e-11,8.7410726862432e-06,-6.4396516960086e-13,1.1594485203828e-14
1548,0,0,1548,2.8224951087772e-11,8.7446281084848e-06,-6.4353142573186e-13,1.1577067152643e-14
1549,0,0,1549,2.8213391407689e-11,8.7481811341819e-06,-6.4309765117205e-13,1.1559680082429e-14
1550,0,0,1550,2.8201849083775e-11,8.7517317631653e-06,-6.4266384600085e-13,1.1542323913646e-14
1551,0,0,1551,2.8190324085208e-11,8.7552799952664e-06,-6.4223001029677e-13,1.152499856701e-14
1552,0,0,1552,2.8178816381245e-11,8.7588258303169e-06,-6.4179614413952e-13,1.1507703963468e-14
1553,0,0,1553,2.8167325941221e-11,8.762369268149e-06,-6.4136224760698e-13,1.1490440024235e-14
1554,0,0,1554,2.815585273455e-11,8.7659103085953e-06,-6.4092832077797e-13,1.1473206670755e-14
1555,0,0,1555,2.8144396730725e-11,8.7694489514888e-06,-6.4049436373035e-13,1.1456003824727e-14
1556,0,0,1556,2.8132957899317e-11,8.7729851966631e-06,-6.4006037654171e-13,1.1438831408085e-14
1557,0,0,1557,2.8121536209974e-11,8.776519043952e-06,-6.3962635929024e-13,1.1421689343014e-14
1558,0,0,1558,2.8110131632422e-11,8.7800504931898e-06,-6.3919231205321e-13,1.1404577551935e-14
1559,0,0,1559,2.8098744136465e-11,8.7835795442114e-06,-6.3875823490727e-13,1.1387495957512e-14
1560,0,0,1560,2.8087373691982e-11,8.7871061968519e-06,-6.383241279297e-13,1.137044448265e-14
1561,0,0,1561,2.8076020268932e-11,8.7906304509469e-06,-6.3788999119745e-13,1.1353423050491e-14
1562,0,0,1562,2.8064683837347e-11,8.7941523063325e-06,-6.3745582478596e-13,1.1336431584419e-14
1563,0,0,1563,2.8053364367339e-11,8.797671762845e-06,-6.370216287728e-13,1.1319470008047e-14
1564,0,0,1564,2.8042061829094e-11,8.8011888203215e-06,-6.3658740323248e-13,1.1302538245242e-14
1565,0,0,1565,2.8030776192874e-11,8.804703478599e-06,-6.3615314824197e-13,1.1285636220081e-14
1566,0,0,1566,2.8019507429017e-11,8.8082157375155e-06,-6.3571886387578e-13,1.12687638569e-14
1567,0,0,1567,2.8008255507937e-11,8.8117255969089e-06,-6.3528455020964e-13,1.1251921080249e-14
1568,0,0,1568,2.7997020400122e-11,8.8152330566178e-06,-6.3485020731837e-13,1.1235107814932e-14
1569,0,0,1569,2.7985802076136e-11,8.8187381164813e-06,-6.3441583527709e-13,1.1218323985964e-14
1570,0,0,1570,2.7974600506617e-11,8.8222407763385e-06,-6.3398143415971e-13,1.1201569518602e-14
1571,0,0,1571,2.7963415662279e-11,8.8257410360293e-06,-6.3354700404133e-13,1.1184844338336e-14
1572,0,0,1572,2.7952247513908e-11,8.8292388953939e-06,-6.3311254499525e-13,1.1168148370873e-14
1573,0,0,1573,2.7941096032366e-11,8.8327343542729e-06,-6.3267805709598e-13,1.1151481542167e-14
1574,0,0,1574,2.7929961188587e-11,8.8362274125073e-06,-6.322435404168e-13,1.113484377838e-14
1575,0,0,1575,2.7918842953581e-11,8.8397180699384e-06,-6.318089950313e-13,1.1118235005919e-14
1576,0,0,1576,2.790774129843e-11,8.8432063264081e-06,-6.3137442101216e-13,1.1101655151399e-14
1577,0,0,1577,2.7896656194288e-11,8.8466921817585e-06,-6.3093981843295e-13,1.1085104141678e-14
1578,0,0,1578,2.7885587612385e-11,8.8501756358324e-06,-6.3050518736605e-13,1.1068581903826e-14
1579,0,0,1579,2.7874535524019e-11,8.8536566884726e-06,-6.3007052788443e-13,1.1052088365141e-14
1580,0,0,1580,2.7863499900566e-11,8.8571353395227e-06,-6.2963584005953e-13,1.1035623453141e-14
1581,0,0,1581,2.7852480713471e-11,8.8606115888263e-06,-6.2920112396403e-13,1.1019187095571e-14
1582,0,0,1582,2.784147793425e-11,8.8640854362278e-06,-6.2876637966968e-13,1.1002779220388e-14
1583,0,0,1583,2.7830491534495e-11,8.8675568815717e-06,-6.2833160724823e-13,1.0986399755784e-14
1584,0,0,1584,2.7819521485864e-11,8.8710259247031e-06,-6.278968067705e-13,1.0970048630155e-14
1585,0,0,1585,2.7808567760092e-11,8.8744925654672e-06,-6.2746197830825e-13,1.0953725772124e-14
1586,0,0,1586,2.7797630328982e-11,8.8779568037099e-06,-6.2702712193231e-13,1.0937431110525e-14
1587,0,0,1587,2.7786709164407e-11,8.8814186392774e-06,-6.2659223771351e-13,1.092116457442e-14
1588,0,0,1588,2.7775804238314e-11,8.8848780720162e-06,-6.2615732572176e-13,1.090492609308e-14
1589,0,0,1589,2.7764915522718e-11,8.8883351017732e-06,-6.257223860282e-13,1.0888715595984e-14
1590,0,0,1590,2.7754042989705e-11,8.8917897283959e-06,-6.2528741870273e-13,1.0872533012847e-14
1591,0,0,1591,2.7743186611432e-11,8.8952419517319e-06,-6.2485242381466e-13,1.0856378273573e-14
1592,0,0,1592,2.7732346360124e-11,8.8986917716293e-06,-6.2441740143421e-13,1.084025130829e-14
1593,0,0,1593,2.7721522208076e-11,8.9021391879367e-06,-6.2398235163066e-13,1.082415204735e-14
1594,0,0,1594,2.7710714127655e-11,8.9055842005028e-06,-6.2354727447363e-13,1.0808080421287e-14
1595,0,0,1595,2.7699922091294e-11,8.9090268091771e-06,-6.231121700318e-13,1.0792036360882e-14
1596,0,0,1596,2.7689146071497e-11,8.9124670138089e-06,-6.2267703837354e-13,1.0776019797092e-14
1597,0,0,1597,2.7678386040836e-11,8.9159048142486e-06,-6.2224187956846e-13,1.0760030661102e-14
1598,0,0,1598,2.7667641971952e-11,8.9193402103463e-06,-6.2180669368433e-13,1.0744068884307e-14
1599,0,0,1599,2.7656913837553e-11,8.9227732019528e-06,-6.2137148078952e-13,1.0728134398295e-14
1600,0,0,1600,2.7646201610418e-11,8.9262037889194e-06,-6.2093624095179e-13,1.0712227134877e-14
1601,0,0,1601,2.7635505263392e-11,8.9296319710975e-06,-6.2050097423953e-13,1.0696347026058e-14
1602,0,0,1602,2.7624824769388e-11,8.9330577483391e-06,-6.2006568071958e-13,1.0680494004052e-14
1603,0,0,1603,2.7614160101387e-11,8.9364811204963e-06,-6.1963036046001e-13,1.0664668001282e-14
1604,0,0,1604,2.7603511232437e-11,8.9399020874219e-06,-6.1919501352735e-13,1.0648868950368e-14
1605,0,0,1605,2.7592878135652e-11,8.9433206489688e-06,-6.1875963998907e-13,1.0633096784134e-14
1606,0,0,1606,2.7582260784217e-11,8.9467368049904e-06,-6.1832423991201e-13,1.0617351435609e-14
1607,0,0,1607,2.7571659151379e-11,8.9501505553405e-06,-6.1788881336209e-13,1.0601632838024e-14
1608,0,0,1608,2.7561073210454e-11,8.9535618998731e-06,-6.1745336040647e-13,1.058594092481e-14
1609,0,0,1609,2.7550502934824e-11,8.9569708384428e-06,-6.1701788111045e-13,1.057027562959e-14
1610,0,0,1610,2.7539948297938e-11,8.9603773709043e-06,-6.1658237554089e-13,1.0554636886199e-14
1611,0,0,1611,2.752940927331e-11,8.963781497113e-06,-6.1614684376309e-13,1.0539024628666e-14
1612,0,0,1612,2.7518885834518e-11,8.9671832169242e-06,-6.1571128584266e-13,1.052343879121e-14
1613,0,0,1613,2.750837795521e-11,8.9705825301941e-06,-6.1527570184493e-13,1.0507879308259e-14
1614,0,0,1614,2.7497885609096e-11,8.9739794367788e-06,-6.1484009183551e-13,1.0492346114432e-14
1615,0,0,1615,2.7487408769951e-11,8.9773739365351e-06,-6.1440445587848e-13,1.0476839144538e-14
1616,0,0,1616,2.7476947411618e-11,8.9807660293198e-06,-6.1396879403977e-13,1.0461358333594e-14
1617,0,0,1617,2.7466501508001e-11,8.9841557149904e-06,-6.1353310638316e-13,1.0445903616799e-14
1618,0,0,1618,2.7456071033071e-11,8.9875429934047e-06,-6.1309739297304e-13,1.043047492955e-14
1619,0,0,1619,2.7445655960864e-11,8.9909278644205e-06,-6.1266165387441e-13,1.0415072207435e-14
1620,0,0,1620,2.7435256265478e-11,8.9943103278965e-06,-6.1222588915044e-13,1.0399695386242e-14
1621,0,0,1621,2.7424871921076e-11,8.9976903836913e-06,-6.1179009886521e-13,1.0384344401941e-14
1622,0,0,1622,2.7414502901885e-11,9.0010680316642e-06,-6.113542830825e-13,1.0369019190692e-14
1623,0,0,1623,2.7404149182196e-11,9.0044432716745e-06,-6.1091844186578e-13,1.0353719688859e-14
1624,0,0,1624,2.7393810736363e-11,9.0078161035821e-06,-6.1048257527792e-13,1.0338445832976e-14
1625,0,0,1625,2.7383487538803e-11,9.0111865272472e-06,-6.1004668338268e-13,1.0323197559776e-14
1626,0,0,1626,2.7373179563997e-11,9.0145545425303e-06,-6.0961076624232e-13,1.0307974806187e-14
1627,0,0,1627,2.7362886786488e-11,9.0179201492923e-06,-6.0917482391969e-13,1.0292777509304e-14
1628,0,0,1628,2.7352609180881e-11,9.0212833473944e-06,-6.0873885647735e-13,1.027760560643e-14
1629,0,0,1629,2.7342346721846e-11,9.0246441366981e-06,-6.0830286397753e-13,1.0262459035042e-14
1630,0,0,1630,2.7332099384114e-11,9.0280025170654e-06,-6.078668464828e-13,1.0247337732806e-14
1631,0,0,1631,2.7321867142476e-11,9.0313584883585e-06,-6.0743080405447e-13,1.0232241637568e-14
1632,0,0,1632,2.7311649971789e-11,9.0347120504401e-06,-6.0699473675479e-13,1.0217170687363e-14
1633,0,0,1633,2.7301447846968e-11,9.0380632031729e-06,-6.0655864464509e-13,1.0202124820406e-14
1634,0,0,1634,2.7291260742993e-11,9.0414119464203e-06,-6.0612252778669e-13,1.0187103975104e-14
1635,0,0,1635,2.7281088634903e-11,9.044758280046e-06,-6.0568638624092e-13,1.0172108090024e-14
1636,0,0,1636,2.7270931497799e-11,9.0481022039138e-06,-6.052502200691e-13,1.0157137103941e-14
1637,0,0,1637,2.7260789306843e-11,9.051443717888e-06,-6.0481402933194e-13,1.0142190955791e-14
1638,0,0,1638,2.7250662037259e-11,9.0547828218332e-06,-6.0437781408954e-13,1.0127269584699e-14
1639,0,0,1639,2.7240549664329e-11,9.0581195156145e-06,-6.0394157440354e-13,1.0112372929967e-14
1640,0,0,1640,2.7230452163398e-11,9.061453799097e-06,-6.0350531033312e-13,1.0097500931076e-14
1641,0,0,1641,2.722036950987e-11,9.0647856721463e-06,-6.0306902193867e-13,1.0082653527682e-14
1642,0,0,1642,2.721030167921e-11,9.0681151346286e-06,-6.0263270928122e-13,1.0067830659626e-14
1643,0,0,1643,2.7200248646943e-11,9.0714421864099e-06,-6.0219637241902e-13,1.0053032266913e-14
1644,0,0,1644,2.7190210388654e-11,9.0747668273569e-06,-6.0176001141249e-13,1.0038258289745e-14
1645,0,0,1645,2.7180186879985e-11,9.0780890573366e-06,-6.013236263211e-13,1.0023508668471e-14
1646,0,0,1646,2.7170178096642e-11,9.0814088762162e-06,-6.0088721720404e-13,1.000878334364e-14
1647,0,0,1647,2.7160184014386e-11,9.0847262838632e-06,-6.0045078412018e-13,9.9940822559629e-15
1648,0,0,1648,2.7150204609039e-11,9.0880412801457e-06,-6.0001432712838e-13,9.9794053463264e-15
1649,0,0,1649,2.7140239856483e-11,9.0913538649318e-06,-5.9957784628814e-13,9.9647525557934e-15
1650,0,0,1650,2.7130289732658e-11,9.0946640380902e-06,-5.991413416568e-13,9.950123825589e-15
1651,0,0,1651,2.7120354213561e-11,9.0979717994896e-06,-5.9870481329414e-13,9.9355190971253e-15
1652,0,0,1652,2.7110433275249e-11,9.1012771489993e-06,-5.982682612572e-13,9.9209383119765e-15
1653,0,0,1653,2.7100526893837e-11,9.1045800864888e-06,-5.9783168560454e-13,9.9063814118778e-15
1654,0,0,1654,2.7090635045498e-11,9.107880611828e-06,-5.9739508639382e-13,9.891848338762e-15
1655,0,0,1655,2.7080757706463e-11,9.111178724887e-06,-5.9695846368359e-13,9.8773390346971e-15
1656,0,0,1656,2.7070894853021e-11,9.1144744255364e-06,-5.9652181753027e-13,9.862853441952e-15
1657,0,0,1657,2.7061046461519e-11,9.1177677136468e-06,-5.9608514799152e-13,9.8483915029341e-15
1658,0,0,1658,2.7051212508358e-11,9.1210585890895e-06,-5.9564845512528e-13,9.8339531602415e-15
1659,0,0,1659,2.7041392970002e-11,9.1243470517358e-06,-5.9521173898797e-13,9.8195383566277e-15
1660,0,0,1660,2.7031587822967e-11,9.1276331014576e-06,-5.9477499963601e-13,9.8051470350171e-15
1661,0,0,1661,2.7021797043828e-11,9.1309167381268e-06,-5.9433823712735e-13,9.7907791384958e-15
1662,0,0,1662,2.7012020609218e-11,9.1341979616158e-06,-5.939014515175e-13,9.7764346103148e-15
1663,0,0,1663,2.7002258495824e-11,9.1374767717974e-06,-5.9346464286318e-13,9.7621133938928e-15
1664,0,0,1664,2.6992510680391e-11,9.1407531685445e-06,-5.930278112208e-13,9.7478154328169e-15
1665,0,0,1665,2.698277713972e-11,9.1440271517304e-06,-5.9259095664618e-13,9.7335406708226e-15
1666,0,0,1666,2.6973057850668e-11,9.1472987212287e-06,-5.9215407919511e-13,9.7192890518297e-15
1667,0,0,1667,2.6963352790149e-11,9.1505678769134e-06,-5.9171717892372e-13,9.7050605198968e-15
1668,0,0,1668,2.6953661935129e-11,9.1538346186586e-06,-5.9128025588689e-13,9.6908550192571e-15
1669,0,0,1669,2.6943985262635e-11,9.1570989463389e-06,-5.9084331014134e-13,9.6766724943149e-15
1670,0,0,1670,2.6934322749745e-11,9.1603608598292e-06,-5.9040634174043e-13,9.6625128896073e-15
1671,0,0,1671,2.6924674373596e-11,9.1636203590046e-06,-5.8996935074118e-13,9.6483761498618e-15
1672,0,0,1672,2.6915040111376e-11,9.1668774437405e-06,-5.8953233719696e-13,9.634262219935e-15
1673,0,0,1673,2.6905419940331e-11,9.1701321139126e-06,-5.8909530116326e-13,9.6201710448777e-15
1674,0,0,1674,2.6895813837761e-11,9.1733843693971e-06,-5.8865824269497e-13,9.6061025698601e-15
1675,0,0,1675,2.6886221781021e-11,9.1766342100703e-06,-5.8822116184605e-13,9.5920567402462e-15
1676,0,0,1676,2.6876643747519e-11,9.1798816358088e-06,-5.8778405867078e-13,9.5780335015262e-15
1677,0,0,1677,2.686707971472e-11,9.1831266464896e-06,-5.8734693322373e-13,9.564032799371e-15
1678,0,0,1678,2.685752966014e-11,9.18636924199e-06,-5.8690978555826e-13,9.5500545795939e-15
1679,0,0,1679,2.6847993561352e-11,9.1896094221874e-06,-5.8647261572895e-13,9.5360987881664e-15
1680,0,0,1680,2.6838471395981e-11,9.1928471869597e-06,-5.8603542378854e-13,9.5221653712184e-15
1681,0,0,1681,2.6828963141706e-11,9.196082536185e-06,-5.855982097916e-13,9.5082542750284e-15
1682,0,0,1682,2.681946877626e-11,9.1993154697419e-06,-5.8516097379058e-13,9.4943654460331e-15
1683,0,0,1683,2.6809988277429e-11,9.202545987509e-06,-5.8472371583943e-13,9.4804988308246e-15
1684,0,0,1684,2.6800521623053e-11,9.2057740893653e-06,-5.8428643599059e-13,9.4666543761433e-15
1685,0,0,1685,2.6791068791024e-11,9.2089997751901e-06,-5.8384913429741e-13,9.4528320288785e-15
1686,0,0,1686,2.6781629759288e-11,9.2122230448631e-06,-5.8341181081264e-13,9.4390317360809e-15
1687,0,0,1687,2.6772204505843e-11,9.2154438982641e-06,-5.8297446558809e-13,9.4252534449435e-15
1688,0,0,1688,2.676279300874e-11,9.2186623352734e-06,-5.8253709867742e-13,9.4114971028206e-15
1689,0,0,1689,2.6753395246083e-11,9.2218783557714e-06,-5.8209971013244e-13,9.3977626572025e-15
1690,0,0,1690,2.6744011196027e-11,9.2250919596388e-06,-5.8166230000469e-13,9.3840500557378e-15
1691,0,0,1691,2.6734640836781e-11,9.2283031467567e-06,-5.8122486834689e-13,9.3703592462235e-15
1692,0,0,1692,2.6725284146604e-11,9.2315119170065e-06,-5.8078741521086e-13,9.3566901766086e-15
1693,0,0,1693,2.6715941103809e-11,9.2347182702698e-06,-5.8034994064812e-13,9.343042794978e-15
1694,0,0,1694,2.670661168676e-11,9.2379222064284e-06,-5.7991244471017e-13,9.3294170495778e-15
1695,0,0,1695,2.6697295873871e-11,9.2411237253646e-06,-5.7947492744854e-13,9.31581288879e-15
1696,0,0,1696,2.668799364361e-11,9.2443228269608e-06,-5.7903738891474e-13,9.3022302611551e-15
1697,0,0,1697,2.6678704974494e-11,9.2475195110998e-06,-5.7859982915905e-13,9.2886691153457e-15
1698,0,0,1698,2.6669429845094e-11,9.2507137776646e-06,-5.781622482336e-13,9.2751294001963e-15
1699,0,0,1699,2.6660168234029e-11,9.2539056265386e-06,-5.7772464618837e-13,9.2616110646672e-15
1700,0,0,1700,2.6650920119972e-11,9.2570950576053e-06,-5.7728702307426e-13,9.2481140578771e-15
1701,0,0,1701,2.6641685481643e-11,9.2602820707486e-06,-5.7684937894186e-13,9.2346383290868e-15
1702,0,0,1702,2.6632464297815e-11,9.2634666658527e-06,-5.7641171384177e-13,9.221183827693e-15
1703,0,0,1703,2.6623256547312e-11,9.266648842802e-06,-5.7597402782366e-13,9.2077505032441e-15
1704,0,0,1704,2.6614062209006e-11,9.2698286014812e-06,-5.7553632093873e-13,9.1943383054307e-15
1705,0,0,1705,2.6604881261822e-11,9.2730059417754e-06,-5.7509859323574e-13,9.1809471840792e-15
1706,0,0,1706,2.6595713684733e-11,9.2761808635696e-06,-5.7466084476498e-13,9.1675770891548e-15
1707,0,0,1707,2.6586559456762e-11,9.2793533667496e-06,-5.7422307557642e-13,9.1542279707778e-15
1708,0,0,1708,2.6577418556983e-11,9.2825234512011e-06,-5.7378528571913e-13,9.1408997791947e-15
1709,0,0,1709,2.6568290964518e-11,9.2856911168102e-06,-5.7334747524309e-13,9.1275924648037e-15
1710,0,0,1710,2.655917665854e-11,9.2888563634632e-06,-5.7290964419704e-13,9.1143059781322e-15
1711,0,0,1711,2.655007561827e-11,9.2920191910468e-06,-5.7247179263036e-13,9.1010402698533e-15
1712,0,0,1712,2.6540987822979e-11,9.2951795994479e-06,-5.7203392059211e-13,9.0877952907754e-15
1713,0,0,1713,2.6531913251988e-11,9.2983375885536e-06,-5.7159602813074e-13,9.0745709918462e-15
1714,0,0,1714,2.6522851884663e-11,9.3014931582513e-06,-5.711581152956e-13,9.0613673241488e-15
1715,0,0,1715,2.6513803700424e-11,9.3046463084289e-06,-5.7072018213453e-13,9.0481842389119e-15
1716,0,0,1716,2.6504768678737e-11,9.3077970389741e-06,-5.702822286966e-13,9.0350216874871e-15
1717,0,0,1717,2.6495746799116e-11,9.3109453497754e-06,-5.6984425503026e-13,9.0218796213742e-15
1718,0,0,1718,2.6486738041123e-11,9.3140912407212e-06,-5.694062611824e-13,9.0087579922028e-15
1719,0,0,1719,2.6477742384372e-11,9.3172347117002e-06,-5.6896824720272e-13,8.995656751741e-15
1720,0,0,1720,2.646875980852e-11,9.3203757626015e-06,-5.6853021313811e-13,8.9825758518863e-15
1721,0,0,1721,2.6459790293275e-11,9.3235143933144e-06,-5.6809215903642e-13,8.9695152446752e-15
1722,0,0,1722,2.6450833818393e-11,9.3266506037285e-06,-5.6765408494549e-13,8.9564748822798e-15
1723,0,0,1723,2.6441890363676e-11,9.3297843937335e-06,-5.6721599091282e-13,8.9434547170016e-15
1724,0,0,1724,2.6432959908975e-11,9.3329157632196e-06,-5.6677787698596e-13,8.9304547012712e-15
1725,0,0,1725,2.6424042434187e-11,9.3360447120772e-06,-5.6633974321151e-13,8.9174747876614e-15
1726,0,0,1726,2.6415137919258e-11,9.3391712401967e-06,-5.65901589637e-13,8.9045149288711e-15
1727,0,0,1727,2.640624634418e-11,9.3422953474691e-06,-5.6546341630965e-13,8.8915750777381e-15
1728,0,0,1728,2.6397367688993e-11,9.3454170337856e-06,-5.6502522327575e-13,8.8786551872132e-15
1729,0,0,1729,2.6388501933783e-11,9.3485362990374e-06,-5.6458701058223e-13,8.8657552103958e-15
1730,0,0,1730,2.6379649058682e-11,9.3516531431163e-06,-5.6414877827599e-13,8.8528751005149e-15
1731,0,0,1731,2.6370809043871e-11,9.3547675659141e-06,-5.6371052640303e-13,8.8400148109187e-15
1732,0,0,1732,2.6361981869576e-11,9.357879567323e-06,-5.6327225500966e-13,8.8271742950911e-15
1733,0,0,1733,2.635316751607e-11,9.3609891472354e-06,-5.6283396414246e-13,8.8143535066391e-15
1734,0,0,1734,2.634436596367e-11,9.3640963055439e-06,-5.6239565384715e-13,8.8015523993147e-15
1735,0,0,1735,2.6335577192743e-11,9.3672010421415e-06,-5.6195732417001e-13,8.7887709269737e-15
1736,0,0,1736,2.63268011837e-11,9.3703033569214e-06,-5.6151897515612e-13,8.7760090436234e-15
1737,0,0,1737,2.6318037916996e-11,9.3734032497769e-06,-5.6108060685208e-13,8.7632667033747e-15
1738,0,0,1738,2.6309287373136e-11,9.3765007206018e-06,-5.6064221930267e-13,8.7505438604937e-15
1739,0,0,1739,2.6300549532666e-11,9.37959576929e-06,-5.6020381255388e-13,8.7378404693367e-15
1740,0,0,1740,2.6291824376182e-11,9.3826883957355e-06,-5.5976538665077e-13,8.7251564844249e-15
1741,0,0,1741,2.6283111884322e-11,9.385778599833e-06,-5.5932694163844e-13,8.7124918603765e-15
1742,0,0,1742,2.627441203777e-11,9.388866381477e-06,-5.5888847756194e-13,8.6998465519389e-15
1743,0,0,1743,2.6265724817256e-11,9.3919517405624e-06,-5.5844999446666e-13,8.6872205140017e-15
1744,0,0,1744,2.6257050203554e-11,9.3950346769845e-06,-5.5801149239645e-13,8.6746137015578e-15
1745,0,0,1745,2.6248388177484e-11,9.3981151906386e-06,-5.57572971397e-13,8.6620260697328e-15
1746,0,0,1746,2.6239738719911e-11,9.4011932814205e-06,-5.5713443151215e-13,8.6494575737813e-15
1747,0,0,1747,2.6231101811742e-11,9.4042689492259e-06,-5.5669587278667e-13,8.6369081690678e-15
1748,0,0,1748,2.622247743393e-11,9.4073421939511e-06,-5.5625729526471e-13,8.6243778110862e-15
1749,0,0,1749,2.6213865567475e-11,9.4104130154925e-06,-5.5581869899074e-13,8.6118664554595e-15
1750,0,0,1750,2.6205266193417e-11,9.4134814137467e-06,-5.5538008400829e-13,8.5993740579207e-15
1751,0,0,1751,2.6196679292843e-11,9.4165473886106e-06,-5.5494145036183e-13,8.5869005743254e-15
1752,0,0,1752,2.6188104846882e-11,9.4196109399813e-06,-5.545027980952e-13,8.5744459606585e-15
1753,0,0,1753,2.6179542836709e-11,9.4226720677562e-06,-5.5406412725134e-13,8.5620101730182e-15
1754,0,0,1754,2.6170993243541e-11,9.4257307718328e-06,-5.536254378747e-13,8.5495931676285e-15
1755,0,0,1755,2.6162456048641e-11,9.4287870521091e-06,-5.531867300082e-13,8.5371949008232e-15
1756,0,0,1756,2.6153931233312e-11,9.4318409084831e-06,-5.527480036954e-13,8.5248153290623e-15
1757,0,0,1757,2.6145418778903e-11,9.4348923408532e-06,-5.5230925897983e-13,8.5124544089318e-15
1758,0,0,1758,2.6136918666805e-11,9.4379413491178e-06,-5.5187049590381e-13,8.5001120971177e-15
1759,0,0,1759,2.6128430878455e-11,9.4409879331759e-06,-5.5143171451118e-13,8.4877883504386e-15
1760,0,0,1760,2.6119955395329e-11,9.4440320929264e-06,-5.5099291484426e-13,8.4754831258295e-15
1761,0,0,1761,2.6111492198949e-11,9.4470738282687e-06,-5.5055409694597e-13,8.4631963803352e-15
1762,0,0,1762,2.6103041270878e-11,9.4501131391021e-06,-5.5011526085894e-13,8.4509280711231e-15
1763,0,0,1763,2.6094602592722e-11,9.4531500253266e-06,-5.4967640662548e-13,8.4386781554803e-15
1764,0,0,1764,2.6086176146131e-11,9.456184486842e-06,-5.4923753428821e-13,8.4264465907975e-15
1765,0,0,1765,2.6077761912797e-11,9.4592165235486e-06,-5.4879864388976e-13,8.4142333345975e-15
1766,0,0,1766,2.6069359874452e-11,9.4622461353468e-06,-5.4835973547151e-13,8.4020383445036e-15
1767,0,0,1767,2.6060970012874e-11,9.4652733221372e-06,-5.4792080907609e-13,8.3898615782615e-15
1768,0,0,1768,2.605259230988e-11,9.4682980838209e-06,-5.4748186474551e-13,8.3777029937305e-15
1769,0,0,1769,2.6044226747332e-11,9.4713204202989e-06,-5.4704290252086e-13,8.365562548889e-15
1770,0,0,1770,2.603587330713e-11,9.4743403314727e-06,-5.4660392244505e-13,8.3534402018159e-15
1771,0,0,1771,2.6027531971219e-11,9.4773578172437e-06,-5.4616492455857e-13,8.3413359107157e-15
1772,0,0,1772,2.6019202721585e-11,9.4803728775139e-06,-5.4572590890312e-13,8.3292496339065e-15
1773,0,0,1773,2.6010885540255e-11,9.4833855121853e-06,-5.452868755207e-13,8.3171813297998e-15
1774,0,0,1774,2.6002580409298e-11,9.4863957211601e-06,-5.448478244521e-13,8.3051309569525e-15
1775,0,0,1775,2.5994287310824e-11,9.489403504341e-06,-5.4440875573841e-13,8.2930984739991e-15
1776,0,0,1776,2.5986006226985e-11,9.4924088616306e-06,-5.4396966942101e-13,8.2810838397099e-15
1777,0,0,1777,2.5977737139972e-11,9.495411792932e-06,-5.4353056554039e-13,8.269087012952e-15
1778,0,0,1778,2.5969480032019e-11,9.4984122981482e-06,-5.4309144413763e-13,8.2571079527153e-15
1779,0,0,1779,2.5961234885401e-11,9.5014103771827e-06,-5.426523052532e-13,8.24514661809e-15
1780,0,0,1780,2.5953001682433e-11,9.5044060299392e-06,-5.422131489282e-13,8.2332029682791e-15
1781,0,0,1781,2.594478040547e-11,9.5073992563216e-06,-5.4177397520279e-13,8.2212769625959e-15
1782,0,0,1782,2.593657103691e-11,9.5103900562338e-06,-5.4133478411714e-13,8.2093685604664e-15
1783,0,0,1783,2.5928373559188e-11,9.5133784295803e-06,-5.4089557571203e-13,8.1974777214202e-15
1784,0,0,1784,2.5920187954783e-11,9.5163643762655e-06,-5.4045635002702e-13,8.1856044050935e-15
1785,0,0,1785,2.5912014206212e-11,9.5193478961943e-06,-5.4001710710288e-13,8.1737485712419e-15
1786,0,0,1786,2.5903852296032e-11,9.5223289892715e-06,-5.3957784697857e-13,8.1619101797214e-15
1787,0,0,1787,2.5895702206842e-11,9.5253076554024e-06,-5.3913856969515e-13,8.1500891904879e-15
1788,0,0,1788,2.5887563921278e-11,9.5282838944924e-06,-5.3869927529098e-13,8.1382855636173e-15
1789,0,0,1789,2.5879437422019e-11,9.5312577064472e-06,-5.3825996380713e-13,8.1264992592916e-15
1790,0,0,1790,2.5871322691781e-11,9.5342290911725e-06,-5.3782063528192e-13,8.1147302377868e-15
1791,0,0,1791,2.5863219713321e-11,9.5371980485744e-06,-5.3738128975554e-13,8.1029784594984e-15
1792,0,0,1792,2.5855128469436e-11,9.5401645785593e-06,-5.3694192726661e-13,8.0912438849221e-15
1793,0,0,1793,2.5847048942962e-11,9.5431286810337e-06,-5.36502547855e-13,8.0795264746536e-15
1794,0,0,1794,2.5838981116772e-11,9.5460903559042e-06,-5.3606315155964e-13,8.0678261894053e-15
1795,0,0,1795,2.5830924973782e-11,9.5490496030778e-06,-5.3562373841886e-13,8.0561429899861e-15
1796,0,0,1796,2.5822880496945e-11,9.5520064224616e-06,-5.3518430847254e-13,8.0444768373117e-15
1797,0,0,1797,2.5814847669253e-11,9.554960813963e-06,-5.3474486175868e-13,8.0328276923981e-15
1798,0,0,1798,2.5806826473736e-11,9.5579127774896e-06,-5.3430539831684e-13,8.0211955163774e-15
1799,0,0,1799,2.5798816893466e-11,9.5608623129492e-06,-5.3386591818413e-13,8.0095802704627e-15
1800,0,0,1800,2.579081891155e-11,9.5638094202498e-06,-5.3342642140071e-13,7.9979819159897e-15
1801,0,0,1801,2.5782832511135e-11,9.5667540992995e-06,-5.3298690800399e-13,7.9864004143943e-15
1802,0,0,1802,2.5774857675408e-11,9.5696963500069e-06,-5.3254737803199e-13,7.9748357272029e-15
1803,0,0,1803,2.5766894387592e-11,9.5726361722805e-06,-5.3210783152366e-13,7.9632878160583e-15
1804,0,0,1804,2.5758942630949e-11,9.5755735660292e-06,-5.316682685167e-13,7.9517566426937e-15
1805,0,0,1805,2.5751002388781e-11,9.5785085311621e-06,-5.3122868904884e-13,7.9402421689456e-15
1806,0,0,1806,2.5743073644424e-11,9.5814410675883e-06,-5.307890931584e-13,7.9287443567574e-15
1807,0,0,1807,2.5735156381256e-11,9.5843711752175e-06,-5.3034948088249e-13,7.9172631681756e-15
1808,0,0,1808,2.572725058269e-11,9.5872988539593e-06,-5.2990985225973e-13,7.9057985653276e-15
1809,0,0,1809,2.571935623218e-11,9.5902241037235e-06,-5.2947020732693e-13,7.8943505104637e-15
1810,0,0,1810,2.5711473313214e-11,9.5931469244203e-06,-5.2903054612149e-13,7.8829189659212e-15
1811,0,0,1811,2.570360180932e-11,9.59606731596e-06,-5.2859086868143e-13,7.8715038941411e-15
1812,0,0,1812,2.5695741704062e-11,9.5989852782531e-06,-5.2815117504325e-13,7.8601052576577e-15
1813,0,0,1813,2.5687892981043e-11,9.6019008112102e-06,-5.2771146524465e-13,7.8487230191156e-15
1814,0,0,1814,2.5680055623902e-11,9.6048139147424e-06,-5.2727173932274e-13,7.8373571412398e-15
1815,0,0,1815,2.5672229616315e-11,9.6077245887607e-06,-5.268319973137e-13,7.8260075868785e-15
1816,0,0,1816,2.5664414941996e-11,9.6106328331765e-06,-5.2639223925556e-13,7.8146743189472e-15
1817,0,0,1817,2.5656611584695e-11,9.6135386479013e-06,-5.2595246518418e-13,7.8033573004848e-15
1818,0,0,1818,2.5648819528201e-11,9.6164420328468e-06,-5.2551267513636e-13,7.7920564946169e-15
1819,0,0,1819,2.5641038756336e-11,9.6193429879249e-06,-5.2507286914952e-13,7.7807718645568e-15
1820,0,0,1820,2.5633269252963e-11,9.6222415130479e-06,-5.2463304725891e-13,7.7695033736305e-15
1821,0,0,1821,2.5625511001977e-11,9.625137608128e-06,-5.2419320950163e-13,7.7582509852547e-15
1822,0,0,1822,2.5617763987314e-11,9.6280312730778e-06,-5.2375335591387e-13,7.7470146629365e-15
1823,0,0,1823,2.5610028192944e-11,9.63092250781e-06,-5.2331348653181e-13,7.73579437028e-15
1824,0,0,1824,2.5602303602873e-11,9.6338113122376e-06,-5.2287360139163e-13,7.7245900709926e-15
1825,0,0,1825,2.5594590201144e-11,9.6366976862737e-06,-5.224337005292e-13,7.7134017288658e-15
1826,0,0,1826,2.5586887971837e-11,9.6395816298316e-06,-5.2199378398041e-13,7.7022293077944e-15
1827,0,0,1827,2.5579196899065e-11,9.6424631428249e-06,-5.2155385178081e-13,7.6910727717541e-15
1828,0,0,1828,2.557151696698e-11,9.6453422251672e-06,-5.211139039669e-13,7.6799320848336e-15
1829,0,0,1829,2.5563848159769e-11,9.6482188767726e-06,-5.2067394057395e-13,7.6688072112057e-15
1830,0,0,1830,2.5556190461654e-11,9.6510930975551e-06,-5.2023396163689e-13,7.6576981151303e-15
1831,0,0,1831,2.5548543856893e-11,9.6539648874291e-06,-5.1979396719193e-13,7.6466047609644e-15
1832,0,0,1832,2.5540908329779e-11,9.6568342463091e-06,-5.1935395727401e-13,7.6355271131714e-15
1833,0,0,1833,2.5533283864643e-11,9.6597011741097e-06,-5.1891393191869e-13,7.6244651362861e-15
1834,0,0,1834,2.5525670445848e-11,9.662565670746e-06,-5.1847389116095e-13,7.6134187949432e-15
1835,0,0,1835,2.5518068057794e-11,9.6654277361329e-06,-5.1803383503603e-13,7.6023880538744e-15
1836,0,0,1836,2.5510476684916e-11,9.6682873701858e-06,-5.1759376357859e-13,7.5913728779053e-15
1837,0,0,1837,2.5502896311685e-11,9.6711445728202e-06,-5.1715367682359e-13,7.5803732319322e-15
1838,0,0,1838,2.5495326922604e-11,9.6739993439518e-06,-5.1671357480597e-13,7.5693890809713e-15
1839,0,0,1839,2.5487768502213e-11,9.6768516834963e-06,-5.1627345756038e-13,7.5584203901066e-15
1840,0,0,1840,2.5480221035089e-11,9.6797015913699e-06,-5.1583332512179e-13,7.5474671245221e-15
1841,0,0,1841,2.5472684505839e-11,9.6825490674888e-06,-5.1539317752423e-13,7.5365292494924e-15
1842,0,0,1842,2.5465158899109e-11,9.6853941117695e-06,-5.1495301480204e-13,7.525606730376e-15
1843,0,0,1843,2.5457644199576e-11,9.6882367241285e-06,-5.1451283699017e-13,7.5146995326318e-15
1844,0,0,1844,2.5450140391955e-11,9.6910769044828e-06,-5.1407264412235e-13,7.5038076217959e-15
1845,0,0,1845,2.5442647460991e-11,9.6939146527493e-06,-5.1363243623293e-13,7.4929309634985e-15
1846,0,0,1846,2.5435165391468e-11,9.6967499688452e-06,-5.1319221335595e-13,7.48206952346e-15
1847,0,0,1847,2.54276941682e-11,9.6995828526879e-06,-5.1275197552573e-13,7.471223267488e-15
1848,0,0,1848,2.5420233776039e-11,9.7024133041949e-06,-5.1231172277571e-13,7.4603921614744e-15
1849,0,0,1849,2.5412784199867e-11,9.7052413232841e-06,-5.1187145513993e-13,7.4495761714078e-15
1850,0,0,1850,2.5405345424604e-11,9.7080669098733e-06,-5.114311726521e-13,7.4387752633544e-15
1851,0,0,1851,2.53979174352e-11,9.7108900638808e-06,-5.1099087534596e-13,7.4279894034708e-15
1852,0,0,1852,2.5390500216642e-11,9.7137107852247e-06,-5.1055056325462e-13,7.4172185580042e-15
1853,0,0,1853,2.5383093753949e-11,9.7165290738237e-06,-5.1011023641213e-13,7.4064626932826e-15
1854,0,0,1854,2.5375698032173e-11,9.7193449295963e-06,-5.096698948519e-13,7.3957217757309e-15
1855,0,0,1855,2.5368313036402e-11,9.7221583524616e-06,-5.0922953860643e-13,7.3849957718416e-15
1856,0,0,1856,2.5360938751753e-11,9.7249693423384e-06,-5.0878916770945e-13,7.3742846482143e-15
1857,0,0,1857,2.5353575163382e-11,9.7277778991461e-06,-5.083487821947e-13,7.3635883715161e-15
1858,0,0,1858,2.5346222256473e-11,9.7305840228041e-06,-5.0790838209406e-13,7.3529069085144e-15
1859,0,0,1859,2.5338880016247e-11,9.7333877132319e-06,-5.0746796744095e-13,7.3422402260508e-15
1860,0,0,1860,2.5331548427956e-11,9.7361889703495e-06,-5.0702753826911e-13,7.3315882910543e-15
1861,0,0,1861,2.5324227476886e-11,9.7389877940766e-06,-5.0658709460949e-13,7.3209510705379e-15
1862,0,0,1862,2.5316917148354e-11,9.7417841843335e-06,-5.0614663649676e-13,7.3103285316081e-15
1863,0,0,1863,2.5309617427713e-11,9.7445781410404e-06,-5.0570616396218e-13,7.2997206414363e-15
1864,0,0,1864,2.5302328300345e-11,9.747369664118e-06,-5.0526567703857e-13,7.2891273673004e-15
1865,0,0,1865,2.5295049751669e-11,9.7501587534868e-06,-5.0482517575904e-13,7.2785486765364e-15
1866,0,0,1866,2.5287781767132e-11,9.7529454090678e-06,-5.0438466015487e-13,7.2679845365934e-15
1867,0,0,1867,2.5280524332217e-11,9.7557296307819e-06,-5.0394413025947e-13,7.2574349149691e-15
1868,0,0,1868,2.5273277432438e-11,9.7585114185505e-06,-5.0350358610413e-13,7.2468997792775e-15
1869,0,0,1869,2.5266041053341e-11,9.7612907722948e-06,-5.0306302772134e-13,7.2363790971906e-15
1870,0,0,1870,2.5258815180504e-11,9.7640676919365e-06,-5.0262245514362e-13,7.2258728364677e-15
1871,0,0,1871,2.5251599799539e-11,9.7668421773973e-06,-5.0218186840162e-13,7.215380964962e-15
1872,0,0,1872,2.5244394896089e-11,9.7696142285991e-06,-5.0174126752876e-13,7.204903450591e-15
1873,0,0,1873,2.5237200455827e-11,9.772383845464e-06,-5.0130065255601e-13,7.1944402613694e-15
1874,0,0,1874,2.5230016464462e-11,9.7751510279144e-06,-5.0086002351466e-13,7.1839913653829e-15
1875,0,0,1875,2.5222842907731e-11,9.7779157758726e-06,-5.004193804375e-13,7.1735567307916e-15
1876,0,0,1876,2.5215679771405e-11,9.7806780892613e-06,-4.999787233552e-13,7.1631363258587e-15
1877,0,0,1877,2.5208527041286e-11,9.7834379680033e-06,-4.9953805229935e-13,7.1527301189058e-15
1878,0,0,1878,2.5201384703208e-11,9.7861954120215e-06,-4.9909736730182e-13,7.1423380783419e-15
1879,0,0,1879,2.5194252743035e-11,9.7889504212392e-06,-4.9865666839299e-13,7.1319601726596e-15
1880,0,0,1880,2.5187131146665e-11,9.7917029955795e-06,-4.9821595560535e-13,7.1215963704294e-15
1881,0,0,1881,2.5180019900025e-11,9.7944531349661e-06,-4.9777522896864e-13,7.1112466402927e-15
1882,0,0,1882,2.5172918989074e-11,9.7972008393225e-06,-4.9733448851537e-13,7.1009109509815e-15
1883,0,0,1883,2.5165828399802e-11,9.7999461085727e-06,-4.9689373427558e-13,7.0905892713019e-15
1884,0,0,1884,2.5158748118232e-11,9.8026889426405e-06,-4.9645296628024e-13,7.0802815701346e-15
1885,0,0,1885,2.5151678130416e-11,9.8054293414502e-06,-4.9601218456033e-13,7.0699878164474e-15
1886,0,0,1886,2.5144618422437e-11,9.8081673049262e-06,-4.9557138914712e-13,7.0597079792758e-15
1887,0,0,1887,2.5137568980409e-11,9.8109028329929e-06,-4.9513058007066e-13,7.0494420277429e-15
1888,0,0,1888,2.5130529790478e-11,9.813635925575e-06,-4.946897573613e-13,7.039189931036e-15
1889,0,0,1889,2.5123500838819e-11,9.8163665825974e-06,-4.9424892105063e-13,7.0289516584398e-15
1890,0,0,1890,2.511648211164e-11,9.819094803985e-06,-4.9380807116808e-13,7.0187271792935e-15
1891,0,0,1891,2.5109473595177e-11,9.8218205896632e-06,-4.9336720774463e-13,7.0085164630336e-15
1892,0,0,1892,2.5102475275698e-11,9.8245439395572e-06,-4.9292633081001e-13,6.9983194791576e-15
1893,0,0,1893,2.5095487139501e-11,9.8272648535925e-06,-4.9248544039519e-13,6.9881361972441e-15
1894,0,0,1894,2.5088509172914e-11,9.8299833316949e-06,-4.9204453652962e-13,6.9779665869525e-15
1895,0,0,1895,2.5081541362296e-11,9.8326993737901e-06,-4.9160361924394e-13,6.9678106180097e-15
1896,0,0,1896,2.5074583694035e-11,9.8354129798043e-06,-4.9116268856761e-13,6.9576682602334e-15
1897,0,0,1897,2.5067636154552e-11,9.8381241496636e-06,-4.9072174453097e-13,6.9475394834897e-15
1898,0,0,1898,2.5060698730294e-11,9.8408328832944e-06,-4.9028078716377e-13,6.9374242577513e-15
1899,0,0,1899,2.5053771407741e-11,9.8435391806231e-06,-4.8983981649545e-13,6.9273225530393e-15
1900,0,0,1900,2.5046854173402e-11,9.8462430415764e-06,-4.8939883255604e-13,6.9172343394719e-15
1901,0,0,1901,2.5039947013814e-11,9.8489444660812e-06,-4.88957835375e-13,6.9071595872188e-15
1902,0,0,1902,2.5033049915548e-11,9.8516434540646e-06,-4.8851682498206e-13,6.8970982665435e-15
1903,0,0,1903,2.50261628652e-11,9.8543400054536e-06,-4.8807580140665e-13,6.887050347771e-15
1904,0,0,1904,2.5019285849399e-11,9.8570341201755e-06,-4.8763476467823e-13,6.8770158013101e-15
1905,0,0,1905,2.5012418854801e-11,9.859725798158e-06,-4.8719371482559e-13,6.8669945976279e-15
1906,0,0,1906,2.5005561868094e-11,9.8624150393286e-06,-4.867526518785e-13,6.8569867072852e-15
1907,0,0,1907,2.4998714875993e-11,9.8651018436151e-06,-4.8631157586639e-13,6.8469921009009e-15
1908,0,0,1908,2.4991877865244e-11,9.8677862109456e-06,-4.8587048681745e-13,6.8370107491651e-15
1909,0,0,1909,2.4985050822621e-11,9.8704681412482e-06,-4.8542938476176e-13,6.8270426228517e-15
1910,0,0,1910,2.4978233734928e-11,9.8731476344511e-06,-4.849882697272e-13,6.8170876927994e-15
1911,0,0,1911,2.4971426588998e-11,9.8758246904828e-06,-4.8454714174383e-13,6.8071459299245e-15
1912,0,0,1912,2.4964629371693e-11,9.878499309272e-06,-4.8410600083955e-13,6.7972173052076e-15
1913,0,0,1913,2.4957842069903e-11,9.8811714907474e-06,-4.8366484704349e-13,6.7873017897041e-15
1914,0,0,1914,2.4951064670549e-11,9.8838412348379e-06,-4.8322368038416e-13,6.7773993545433e-15
1915,0,0,1915,2.4944297160578e-11,9.8865085414726e-06,-4.8278250089039e-13,6.7675099709225e-15
1916,0,0,1916,2.4937539526968e-11,9.8891734105809e-06,-4.823413085907e-13,6.7576336101199e-15
1917,0,0,1917,2.4930791756724e-11,9.891835842092e-06,-4.8190010351299e-13,6.7477702434587e-15
1918,0,0,1918,2.4924053836882e-11,9.8944958359356e-06,-4.8145888568668e-13,6.737919842369e-15
1919,0,0,1919,2.4917325754504e-11,9.8971533920413e-06,-4.8101765513878e-13,6.7280823783162e-15
1920,0,0,1920,2.4910607496681e-11,9.8998085103391e-06,-4.8057641189902e-13,6.718257822866e-15
1921,0,0,1921,2.4903899050533e-11,9.902461190759e-06,-4.8013515599437e-13,6.708446147626e-15
1922,0,0,1922,2.4897200403209e-11,9.9051114332311e-06,-4.7969388745337e-13,6.6986473242977e-15
1923,0,0,1923,2.4890511541884e-11,9.9077592376858e-06,-4.7925260630422e-13,6.6888613246373e-15
1924,0,0,1924,2.4883832453764e-11,9.9104046040536e-06,-4.7881131257451e-13,6.6790881204723e-15
1925,0,0,1925,2.487716312608e-11,9.9130475322652e-06,-4.7837000629276e-13,6.6693276837076e-15
1926,0,0,1926,2.4870503546094e-11,9.9156880222513e-06,-4.7792868748626e-13,6.6595799863062e-15
1927,0,0,1927,2.4863853701093e-11,9.9183260739429e-06,-4.7748735618261e-13,6.6498450003056e-15
1928,0,0,1928,2.4857213578396e-11,9.9209616872711e-06,-4.7704601241033e-13,6.6401226978046e-15
1929,0,0,1929,2.4850583165345e-11,9.9235948621672e-06,-4.7660465619638e-13,6.6304130509861e-15
1930,0,0,1930,2.4843962449313e-11,9.9262255985627e-06,-4.7616328756839e-13,6.6207160320877e-15
1931,0,0,1931,2.4837351417699e-11,9.9288538963889e-06,-4.7572190655393e-13,6.6110316134087e-15
1932,0,0,1932,2.4830750057932e-11,9.9314797555778e-06,-4.752805131803e-13,6.6013597673385e-15
1933,0,0,1933,2.4824158357466e-11,9.9341031760611e-06,-4.748391074754e-13,6.591700466309e-15
1934,0,0,1934,2.4817576303783e-11,9.9367241577708e-06,-4.7439768946591e-13,6.5820536828388e-15
1935,0,0,1935,2.4811003884393e-11,9.9393427006392e-06,-4.7395625917942e-13,6.5724193894987e-15
1936,0,0,1936,2.4804441086834e-11,9.9419588045986e-06,-4.7351481664262e-13,6.5627975589366e-15
1937,0,0,1937,2.479788789867e-11,9.9445724695813e-06,-4.7307336188278e-13,6.5531881638654e-15
1938,0,0,1938,2.4791344307493e-11,9.9471836955202e-06,-4.7263189492782e-13,6.5435911770494e-15
1939,0,0,1939,2.4784810300922e-11,9.9497924823478e-06,-4.7219041580319e-13,6.53400657135e-15
1940,0,0,1940,2.4778285866602e-11,9.9523988299972e-06,-4.7174892453678e-13,6.524434319661e-15
1941,0,0,1941,2.4771770992207e-11,9.9550027384014e-06,-4.7130742115527e-13,6.5148743949599e-15
1942,0,0,1942,2.4765265665437e-11,9.9576042074935e-06,-4.7086590568503e-13,6.5053267702956e-15
1943,0,0,1943,2.4758769874018e-11,9.9602032372071e-06,-4.7042437815336e-13,6.4957914187589e-15
1944,0,0,1944,2.4752283605705e-11,9.9627998274755e-06,-4.6998283858632e-13,6.4862683135309e-15
1945,0,0,1945,2.4745806848277e-11,9.9653939782325e-06,-4.6954128701057e-13,6.4767574278415e-15
1946,0,0,1946,2.4739339589542e-11,9.9679856894118e-06,-4.6909972345342e-13,6.4672587349914e-15
1947,0,0,1947,2.4732881817334e-11,9.9705749609474e-06,-4.6865814794e-13,6.4577722083493e-15
1948,0,0,1948,2.4726433519512e-11,9.9731617927733e-06,-4.682165604973e-13,6.4482978213356e-15
1949,0,0,1949,2.4719994683965e-11,9.9757461848239e-06,-4.6777496115231e-13,6.4388355474481e-15
1950,0,0,1950,2.4713565298605e-11,9.9783281370334e-06,-4.6733334992985e-13,6.4293853602429e-15
1951,0,0,1951,2.4707145351371e-11,9.9809076493365e-06,-4.6689172685752e-13,6.4199472333408e-15
1952,0,0,1952,2.4700734830231e-11,9.9834847216678e-06,-4.6645009196017e-13,6.4105211404206e-15
1953,0,0,1953,2.4694333723176e-11,9.9860593539621e-06,-4.6600844526477e-13,6.4011070552321e-15
1954,0,0,1954,2.4687942018224e-11,9.9886315461543e-06,-4.6556678679739e-13,6.3917049515901e-15
1955,0,0,1955,2.4681559703421e-11,9.9912012981796e-06,-4.6512511658286e-13,6.3823148033639e-15
1956,0,0,1956,2.4675186766836e-11,9.9937686099733e-06,-4.6468343464817e-13,6.3729365844813e-15
1957,0,0,1957,2.4668823196567e-11,9.9963334814706e-06,-4.6424174101846e-13,6.3635702689571e-15
1958,0,0,1958,2.4662468980736e-11,9.9988959126072e-06,-4.638000357201e-13,6.3542158308353e-15
1959,0,0,1959,2.4656124107492e-11,1.0001455903319e-05,-4.6335831877823e-13,6.3448732442471e-15
1960,0,0,1960,2.4649788565009e-11,1.0004013453541e-05,-4.6291659021862e-13,6.3355424833787e-15
1961,0,0,1961,2.4643462341486e-11,1.000656856321e-05,-4.624748500667e-13,6.3262235224711e-15
1962,0,0,1962,2.463714542515e-11,1.0009121232261e-05,-4.6203309834824e-13,6.3169163358366e-15
1963,0,0,1963,2.4630837804253e-11,1.0011671460632e-05,-4.6159133508838e-13,6.3076208978422e-15
1964,0,0,1964,2.462453946707e-11,1.0014219248258e-05,-4.6114956031288e-13,6.2983371829163e-15
1965,0,0,1965,2.4618250401904e-11,1.0016764595076e-05,-4.6070777404627e-13,6.2890651655554e-15
1966,0,0,1966,2.4611970597084e-11,1.0019307501023e-05,-4.6026597631491e-13,6.2798048203075e-15
1967,0,0,1967,2.4605700040962e-11,1.0021847966034e-05,-4.5982416714334e-13,6.2705561217917e-15
1968,0,0,1968,2.4599438721917e-11,1.0024385990048e-05,-4.5938234655639e-13,6.2613190446724e-15
1969,0,0,1969,2.4593186628354e-11,1.0026921573002e-05,-4.5894051457982e-13,6.2520935636946e-15
1970,0,0,1970,2.45869437487e-11,1.0029454714832e-05,-4.5849867123816e-13,6.242879653636e-15
1971,0,0,1971,2.4580710071411e-11,1.0031985415476e-05,-4.5805681655656e-13,6.2336772893707e-15
1972,0,0,1972,2.4574485584965e-11,1.0034513674871e-05,-4.5761495055984e-13,6.2244864457928e-15
1973,0,0,1973,2.4568270277867e-11,1.0037039492956e-05,-4.5717307327285e-13,6.2153070978895e-15
1974,0,0,1974,2.4562064138646e-11,1.0039562869667e-05,-4.5673118472043e-13,6.2061392206872e-15
1975,0,0,1975,2.4555867155857e-11,1.0042083804943e-05,-4.5628928492679e-13,6.1969827892767e-15
1976,0,0,1976,2.4549679318078e-11,1.0044602298721e-05,-4.5584737391739e-13,6.1878377788103e-15
1977,0,0,1977,2.4543500613914e-11,1.0047118350941e-05,-4.5540545171645e-13,6.1787041644953e-15
1978,0,0,1978,2.4537331031992e-11,1.0049631961539e-05,-4.5496351834819e-13,6.1695819216001e-15
1979,0,0,1979,2.4531170560967e-11,1.0052143130456e-05,-4.5452157383745e-13,6.1604710254581e-15
1980,0,0,1980,2.4525019189515e-11,1.0054651857628e-05,-4.5407961820877e-13,6.1513714514411e-15
1981,0,0,1981,2.451887690634e-11,1.0057158142995e-05,-4.5363765148635e-13,6.1422831750053e-15
1982,0,0,1982,2.4512743700169e-11,1.0059661986496e-05,-4.5319567369413e-13,6.1332061716421e-15
1983,0,0,1983,2.4506619559752e-11,1.006216338807e-05,-4.5275368485663e-13,6.124140416911e-15
1984,0,0,1984,2.4500504473865e-11,1.0064662347656e-05,-4.5231168499838e-13,6.1150858864327e-15
1985,0,0,1985,2.4494398431309e-11,1.0067158865192e-05,-4.518696741433e-13,6.1060425558798e-15
1986,0,0,1986,2.4488301420908e-11,1.006965294062e-05,-4.5142765231469e-13,6.0970104009763e-15
1987,0,0,1987,2.4482213431511e-11,1.0072144573877e-05,-4.50985619538e-13,6.0879893975209e-15
1988,0,0,1988,2.4476134451989e-11,1.0074633764903e-05,-4.5054357583592e-13,6.0789795213508e-15
1989,0,0,1989,2.4470064471241e-11,1.007712051364e-05,-4.5010152123298e-13,6.0699807483679e-15
1990,0,0,1990,2.4464003478187e-11,1.0079604820025e-05,-4.496594557528e-13,6.060993054529e-15
1991,0,0,1991,2.4457951461771e-11,1.0082086684e-05,-4.4921737941929e-13,6.0520164158556e-15
1992,0,0,1992,2.4451908410962e-11,1.0084566105504e-05,-4.4877529225635e-13,6.0430508084111e-15
1993,0,0,1993,2.4445874314754e-11,1.0087043084478e-05,-4.4833319428731e-13,6.0340962083269e-15
1994,0,0,1994,2.4439849162162e-11,1.0089517620862e-05,-4.4789108553577e-13,6.0251525917796e-15
1995,0,0,1995,2.4433832942227e-11,1.0091989714597e-05,-4.4744896602565e-13,6.0162199350134e-15
1996,0,0,1996,2.4427825644013e-11,1.0094459365623e-05,-4.4700683577993e-13,6.0072982143181e-15
1997,0,0,1997,2.4421827256607e-11,1.0096926573882e-05,-4.4656469482286e-13,5.9983874060415e-15
1998,0,0,1998,2.441583776912e-11,1.0099391339314e-05,-4.4612254317711e-13,5.989487486596e-15
1999,0,0,1999,2.4409857170688e-11,1.010185366186e-05,-4.4568038086599e-13,5.9805984324296e-15
2000,0,0,2000,2.4403885450468e-11,1.0104313541462e-05,-4.4523820791372e-13,5.9717202200645e-15
2001,0,0,2001,2.4397922597642e-11,1.010677097806e-05,-4.4479602434239e-13,5.9628528260651e-15
2002,0,0,2002,2.4391968601415e-11,1.0109225971597e-05,-4.443538301756e-13,5.953996227057e-15
2003,0,0,2003,2.4386023451015e-11,1.0111678522014e-05,-4.4391162543696e-13,5.9451503997209e-15
2004,0,0,2004,2.4380087135694e-11,1.0114128629252e-05,-4.4346941014854e-13,5.9363153207794e-15
2005,0,0,2005,2.4374159644727e-11,1.0116576293254e-05,-4.4302718433458e-13,5.9274909670293e-15
2006,0,0,2006,2.4368240967412e-11,1.0119021513962e-05,-4.4258494801684e-13,5.9186773153e-15
2007,0,0,2007,2.4362331093069e-11,1.0121464291316e-05,-4.4214270121893e-13,5.9098743424951e-15
2008,0,0,2008,2.4356430011044e-11,1.0123904625261e-05,-4.4170044396386e-13,5.9010820255568e-15
2009,0,0,2009,2.4350537710702e-11,1.0126342515738e-05,-4.4125817627369e-13,5.8923003414824e-15
2010,0,0,2010,2.4344654181435e-11,1.0128777962689e-05,-4.4081589817172e-13,5.8835292673307e-15
2011,0,0,2011,2.4338779412655e-11,1.0131210966057e-05,-4.4037360968066e-13,5.8747687802054e-15
2012,0,0,2012,2.4332913393797e-11,1.0133641525786e-05,-4.3993131082319e-13,5.8660188572719e-15
2013,0,0,2013,2.4327056114322e-11,1.0136069641817e-05,-4.3948900162109e-13,5.8572794757311e-15
2014,0,0,2014,2.4321207563709e-11,1.0138495314093e-05,-4.3904668209795e-13,5.8485506128645e-15
2015,0,0,2015,2.4315367731463e-11,1.0140918542559e-05,-4.3860435227586e-13,5.8398322459699e-15
2016,0,0,2016,2.430953660711e-11,1.0143339327157e-05,-4.381620121772e-13,5.8311243524388e-15
2017,0,0,2017,2.4303714180201e-11,1.014575766783e-05,-4.3771966182405e-13,5.8224269096723e-15
2018,0,0,2018,2.4297900440306e-11,1.0148173564522e-05,-4.3727730123941e-13,5.8137398951589e-15
2019,0,0,2019,2.4292095377019e-11,1.0150587017176e-05,-4.3683493044474e-13,5.8050632864193e-15
2020,0,0,2020,2.4286298979958e-11,1.0152998025737e-05,-4.3639254946334e-13,5.7963970610291e-15
2021,0,0,2021,2.4280511238762e-11,1.0155406590147e-05,-4.3595015831637e-13,5.7877411966189e-15
2022,0,0,2022,2.4274732143091e-11,1.0157812710352e-05,-4.3550775702653e-13,5.779095670871e-15
2023,0,0,2023,2.4268961682629e-11,1.0160216386294e-05,-4.3506534561557e-13,5.7704604615161e-15
2024,0,0,2024,2.4263199847083e-11,1.0162617617919e-05,-4.3462292410558e-13,5.7618355463303e-15
2025,0,0,2025,2.425744662618e-11,1.0165016405171e-05,-4.3418049251864e-13,5.7532209031573e-15
2026,0,0,2026,2.425170200967e-11,1.0167412747993e-05,-4.3373805087682e-13,5.7446165098765e-15
2027,0,0,2027,2.4245965987325e-11,1.0169806646331e-05,-4.3329559920128e-13,5.7360223444159e-15
2028,0,0,2028,2.4240238548941e-11,1.017219810013e-05,-4.3285313751471e-13,5.7274383847742e-15
2029,0,0,2029,2.4234519684332e-11,1.0174587109333e-05,-4.3241066583858e-13,5.7188646089764e-15
2030,0,0,2030,2.4228809383336e-11,1.0176973673887e-05,-4.3196818419434e-13,5.7103009951118e-15
2031,0,0,2031,2.4223107635815e-11,1.0179357793736e-05,-4.3152569260377e-13,5.701747521315e-15
2032,0,0,2032,2.4217414431649e-11,1.0181739468824e-05,-4.3108319108833e-13,5.6932041657724e-15
2033,0,0,2033,2.4211729760743e-11,1.0184118699099e-05,-4.3064067967041e-13,5.6846709067189e-15
2034,0,0,2034,2.420605361302e-11,1.0186495484504e-05,-4.3019815837055e-13,5.6761477224408e-15
2035,0,0,2035,2.4200385978429e-11,1.0188869824986e-05,-4.2975562721083e-13,5.6676345912668e-15
2036,0,0,2036,2.4194726846937e-11,1.019124172049e-05,-4.2931308621209e-13,5.65913149159e-15
2037,0,0,2037,2.4189076208536e-11,1.0193611170962e-05,-4.2887053539611e-13,5.6506384018293e-15
2038,0,0,2038,2.4183434053235e-11,1.0195978176347e-05,-4.2842797478404e-13,5.642155300478e-15
2039,0,0,2039,2.4177800371069e-11,1.0198342736593e-05,-4.2798540439766e-13,5.6336821660619e-15
2040,0,0,2040,2.4172175152092e-11,1.0200704851644e-05,-4.2754282425751e-13,5.6252189771581e-15
2041,0,0,2041,2.4166558386379e-11,1.0203064521447e-05,-4.2710023438475e-13,5.6167657123958e-15
2042,0,0,2042,2.4160950064029e-11,1.0205421745949e-05,-4.2665763480114e-13,5.6083223504523e-15
2043,0,0,2043,2.4155350175159e-11,1.0207776525095e-05,-4.2621502552754e-13,5.5998888700504e-15
2044,0,0,2044,2.4149758709909e-11,1.0210128858833e-05,-4.2577240658418e-13,5.5914652499614e-15
2045,0,0,2045,2.414417565844e-11,1.0212478747109e-05,-4.2532977799346e-13,5.5830514690047e-15
2046,0,0,2046,2.4138601010934e-11,1.0214826189871e-05,-4.2488713977498e-13,5.5746475060519e-15
2047,0,0,2047,2.4133034757594e-11,1.0217171187064e-05,-4.2444449195053e-13,5.5662533400129e-15
2048,0,0,2048,2.4127476888644e-11,1.0219513738636e-05,-4.2400183454034e-13,5.5578689498594e-15
2049,0,0,2049,2.4121927394329e-11,1.0221853844534e-05,-4.2355916756557e-13,5.549494314592e-15
2050,0,0,2050,2.4116386264916e-11,1.0224191504705e-05,-4.2311649104706e-13,5.5411294132726e-15
2051,0,0,2051,2.4110853490691e-11,1.0226526719098e-05,-4.2267380500506e-13,5.5327742250116e-15
2052,0,0,2052,2.4105329061962e-11,1.0228859487658e-05,-4.2223110946042e-13,5.5244287289487e-15
2053,0,0,2053,2.4099812969058e-11,1.0231189810335e-05,-4.2178840443398e-13,5.5160929042944e-15
2054,0,0,2054,2.4094305202328e-11,1.0233517687075e-05,-4.2134568994598e-13,5.5077667302885e-15
2055,0,0,2055,2.4088805752141e-11,1.0235843117826e-05,-4.2090296601698e-13,5.4994501862255e-15
2056,0,0,2056,2.408331460889e-11,1.0238166102537e-05,-4.204602326675e-13,5.4911432514357e-15
2057,0,0,2057,2.4077831762985e-11,1.0240486641155e-05,-4.2001748991841e-13,5.4828459053172e-15
2058,0,0,2058,2.4072357204857e-11,1.0242804733629e-05,-4.1957473778902e-13,5.4745581272872e-15
2059,0,0,2059,2.4066890924961e-11,1.0245120379907e-05,-4.1913197630079e-13,5.4662798968344e-15
2060,0,0,2060,2.4061432913767e-11,1.0247433579938e-05,-4.1868920547304e-13,5.458011193473e-15
2061,0,0,2061,2.405598316177e-11,1.0249744333669e-05,-4.1824642532693e-13,5.4497519967724e-15
2062,0,0,2062,2.4050541659484e-11,1.0252052641049e-05,-4.1780363588147e-13,5.4415022863471e-15
2063,0,0,2063,2.4045108397442e-11,1.0254358502028e-05,-4.1736083715812e-13,5.4332620418633e-15
2064,0,0,2064,2.4039683366199e-11,1.0256661916554e-05,-4.1691802917589e-13,5.4250312430163e-15
2065,0,0,2065,2.403426655633e-11,1.0258962884576e-05,-4.1647521195564e-13,5.4168098695628e-15
2066,0,0,2066,2.4028857958428e-11,1.0261261406043e-05,-4.1603238551668e-13,5.4085979012918e-15
2067,0,0,2067,2.402345756311e-11,1.0263557480904e-05,-4.1558954987987e-13,5.4003953180473e-15
2068,0,0,2068,2.401806536101e-11,1.0265851109109e-05,-4.1514670506389e-13,5.3922020997119e-15
2069,0,0,2069,2.4012681342784e-11,1.0268142290606e-05,-4.1470385108931e-13,5.3840182262168e-15
2070,0,0,2070,2.4007305499107e-11,1.0270431025347e-05,-4.1426098797667e-13,5.3758436775384e-15
2071,0,0,2071,2.4001937820673e-11,1.0272717313279e-05,-4.1381811574435e-13,5.367678433692e-15
2072,0,0,2072,2.3996578298198e-11,1.0275001154353e-05,-4.133752344126e-13,5.359522474738e-15
2073,0,0,2073,2.3991226922418e-11,1.0277282548519e-05,-4.1293234400197e-13,5.3513757807851e-15
2074,0,0,2074,2.3985883684086e-11,1.0279561495726e-05,-4.1248944453085e-13,5.3432383319877e-15
2075,0,0,2075,2.3980548573977e-11,1.0281837995925e-05,-4.1204653601978e-13,5.3351101085321e-15
2076,0,0,2076,2.3975221582886e-11,1.0284112049066e-05,-4.1160361848747e-13,5.3269910906693e-15
2077,0,0,2077,2.3969902701628e-11,1.0286383655099e-05,-4.1116069195415e-13,5.3188812586731e-15
2078,0,0,2078,2.3964591921035e-11,1.0288652813974e-05,-4.1071775643915e-13,5.3107805928655e-15
2079,0,0,2079,2.3959289231961e-11,1.0290919525642e-05,-4.1027481196178e-13,5.3026890736238e-15
2080,0,0,2080,2.395399462528e-11,1.0293183790054e-05,-4.0983185854136e-13,5.2946066813605e-15
2081,0,0,2081,2.3948708091883e-11,1.029544560716e-05,-4.0938889619721e-13,5.2865333965204e-15
2082,0,0,2082,2.3943429622684e-11,1.0297704976911e-05,-4.0894592494894e-13,5.2784691996101e-15
2083,0,0,2083,2.3938159208612e-11,1.0299961899258e-05,-4.0850294481557e-13,5.2704140711745e-15
2084,0,0,2084,2.3932896840621e-11,1.0302216374152e-05,-4.0805995581643e-13,5.2623679917911e-15
2085,0,0,2085,2.3927642509679e-11,1.0304468401545e-05,-4.0761695797051e-13,5.2543309420857e-15
2086,0,0,2086,2.3922396206776e-11,1.0306717981386e-05,-4.0717395129713e-13,5.2463029027295e-15
2087,0,0,2087,2.3917157922921e-11,1.0308965113628e-05,-4.0673093581532e-13,5.2382838544356e-15
2088,0,0,2088,2.3911927649143e-11,1.0311209798222e-05,-4.0628791154407e-13,5.2302737779591e-15
2089,0,0,2089,2.3906705376489e-11,1.031345203512e-05,-4.0584487850209e-13,5.2222726540907e-15
2090,0,0,2090,2.3901491096026e-11,1.0315691824273e-05,-4.0540183670932e-13,5.2142804636695e-15
2091,0,0,2091,2.3896284798838e-11,1.0317929165633e-05,-4.0495878618384e-13,5.2062971875799e-15
2092,0,0,2092,2.3891086476031e-11,1.0320164059152e-05,-4.0451572694436e-13,5.1983228067385e-15
2093,0,0,2093,2.3885896118729e-11,1.0322396504782e-05,-4.040726590105e-13,5.1903573021106e-15
2094,0,0,2094,2.3880713718075e-11,1.0324626502475e-05,-4.0362958240035e-13,5.1824006546969e-15
2095,0,0,2095,2.3875539265229e-11,1.0326854052183e-05,-4.0318649713323e-13,5.1744528455528e-15
2096,0,0,2096,2.3870372751373e-11,1.0329079153858e-05,-4.0274340322754e-13,5.1665138557535e-15
2097,0,0,2097,2.3865214167707e-11,1.0331301807453e-05,-4.0230030070168e-13,5.1585836664387e-15
2098,0,0,2098,2.3860063505448e-11,1.0333522012921e-05,-4.0185718957496e-13,5.1506622587704e-15
2099,0,0,2099,2.3854920755834e-11,1.0335739770213e-05,-4.0141406986547e-13,5.1427496139628e-15
2100,0,0,2100,2.3849785910121e-11,1.0337955079282e-05,-4.0097094159161e-13,5.1348457132653e-15
2101,0,0,2101,2.3844658959583e-11,1.0340167940082e-05,-4.0052780477271e-13,5.1269505379661e-15
2102,0,0,2102,2.3839539895513e-11,1.0342378352565e-05,-4.0008465942622e-13,5.1190640694086e-15
2103,0,0,2103,2.3834428709225e-11,1.0344586316684e-05,-3.9964150557149e-13,5.1111862889584e-15
2104,0,0,2104,2.3829325392047e-11,1.0346791832393e-05,-3.9919834322597e-13,5.1033171780234e-15
2105,0,0,2105,2.3824229935328e-11,1.0348994899644e-05,-3.9875517240899e-13,5.0954567180663e-15
2106,0,0,2106,2.3819142330438e-11,1.035119551839e-05,-3.9831199313803e-13,5.0876048905791e-15
2107,0,0,2107,2.3814062568761e-11,1.0353393688586e-05,-3.9786880543179e-13,5.0797616770891e-15
2108,0,0,2108,2.3808990641702e-11,1.0355589410184e-05,-3.9742560930836e-13,5.0719270591753e-15
2109,0,0,2109,2.3803926540683e-11,1.0357782683139e-05,-3.9698240478584e-13,5.0641010184523e-15
2110,0,0,2110,2.3798870257147e-11,1.0359973507403e-05,-3.9653919188292e-13,5.0562835365672e-15
2111,0,0,2111,2.3793821782551e-11,1.0362161882932e-05,-3.9609597061678e-13,5.048474595212e-15
2112,0,0,2112,2.3788781108375e-11,1.0364347809678e-05,-3.9565274100643e-13,5.0406741761274e-15
2113,0,0,2113,2.3783748226114e-11,1.0366531287595e-05,-3.9520950306903e-13,5.0328822610703e-15
2114,0,0,2114,2.3778723127282e-11,1.0368712316638e-05,-3.9476625682361e-13,5.0250988318651e-15
2115,0,0,2115,2.3773705803412e-11,1.0370890896761e-05,-3.9432300228702e-13,5.0173238703528e-15
2116,0,0,2116,2.3768696246054e-11,1.0373067027919e-05,-3.9387973947797e-13,5.0095573584193e-15
2117,0,0,2117,2.3763694446776e-11,1.0375240710065e-05,-3.9343646841364e-13,5.0017992779993e-15
2118,0,0,2118,2.3758700397164e-11,1.0377411943154e-05,-3.9299318911271e-13,4.9940496110465e-15
2119,0,0,2119,2.3753714088825e-11,1.037958072714e-05,-3.9254990159237e-13,4.9863083395827e-15
2120,0,0,2120,2.3748735513379e-11,1.038174706198e-05,-3.9210660587041e-13,4.9785754456329e-15
2121,0,0,2121,2.3743764662468e-11,1.0383910947626e-05,-3.916633019649e-13,4.9708509112867e-15
2122,0,0,2122,2.3738801527749e-11,1.0386072384034e-05,-3.9121998989302e-13,4.963134718666e-15
2123,0,0,2123,2.3733846100899e-11,1.0388231371159e-05,-3.9077666967287e-13,4.9554268499218e-15
2124,0,0,2124,2.3728898373612e-11,1.0390387908957e-05,-3.9033334132191e-13,4.9477272872503e-15
2125,0,0,2125,2.3723958337599e-11,1.0392541997381e-05,-3.8989000485733e-13,4.9400360128898e-15
2126,0,0,2126,2.371902598459e-11,1.0394693636388e-05,-3.8944666029752e-13,4.9323530091076e-15
2127,0,0,2127,2.3714101306332e-11,1.0396842825933e-05,-3.8900330765934e-13,4.9246782582162e-15
2128,0,0,2128,2.3709184294589e-11,1.0398989565972e-05,-3.8855994695996e-13,4.917011742554e-15
2129,0,0,2129,2.3704274941145e-11,1.0401133856459e-05,-3.8811657821748e-13,4.9093534445177e-15
2130,0,0,2130,2.3699373237798e-11,1.0403275697351e-05,-3.8767320144907e-13,4.9017033465166e-15
2131,0,0,2131,2.3694479176367e-11,1.0405415088604e-05,-3.8722981667189e-13,4.8940614310184e-15
2132,0,0,2132,2.3689592748687e-11,1.0407552030172e-05,-3.8678642390313e-13,4.8864276805135e-15
2133,0,0,2133,2.3684713946609e-11,1.0409686522013e-05,-3.8634302316055e-13,4.878802077534e-15
2134,0,0,2134,2.3679842762005e-11,1.0411818564082e-05,-3.8589961446103e-13,4.8711846046575e-15
2135,0,0,2135,2.367497918676e-11,1.0413948156335e-05,-3.8545619782205e-13,4.8635752444873e-15
2136,0,0,2136,2.367012321278e-11,1.0416075298729e-05,-3.8501277326016e-13,4.8559739796591e-15
2137,0,0,2137,2.3665274831988e-11,1.0418199991219e-05,-3.8456934079315e-13,4.8483807928636e-15
2138,0,0,2138,2.3660434036321e-11,1.0420322233763e-05,-3.8412590043757e-13,4.8407956668138e-15
2139,0,0,2139,2.3655600817737e-11,1.0422442026317e-05,-3.836824522109e-13,4.8332185842587e-15
2140,0,0,2140,2.3650775168209e-11,1.0424559368837e-05,-3.8323899613001e-13,4.8256495279985e-15
2141,0,0,2141,2.3645957079728e-11,1.042667426128e-05,-3.8279553221177e-13,4.8180884808469e-15
2142,0,0,2142,2.3641146544302e-11,1.0428786703603e-05,-3.8235206047302e-13,4.8105354256719e-15
2143,0,0,2143,2.3636343553957e-11,1.0430896695763e-05,-3.8190858093126e-13,4.8029903453711e-15
2144,0,0,2144,2.3631548100734e-11,1.0433004237716e-05,-3.8146509360274e-13,4.7954532228806e-15
2145,0,0,2145,2.3626760176693e-11,1.0435109329421e-05,-3.8102159850401e-13,4.7879240411592e-15
2146,0,0,2146,2.3621979773909e-11,1.0437211970833e-05,-3.8057809565316e-13,4.780402783227e-15
2147,0,0,2147,2.3617206884477e-11,1.0439312161911e-05,-3.8013458506553e-13,4.772889432114e-15
2148,0,0,2148,2.3612441500506e-11,1.0441409902611e-05,-3.7969106675858e-13,4.765383970905e-15
2149,0,0,2149,2.3607683614124e-11,1.0443505192892e-05,-3.7924754074889e-13,4.7578863827008e-15
2150,0,0,2150,2.3602933217473e-11,1.044559803271e-05,-3.7880400705301e-13,4.7503966506607e-15
2151,0,0,2151,2.3598190302715e-11,1.0447688422023e-05,-3.783604656878e-13,4.7429147579566e-15
2152,0,0,2152,2.3593454862027e-11,1.0449776360789e-05,-3.7791691666951e-13,4.7354406878091e-15
2153,0,0,2153,2.3588726887604e-11,1.0451861848966e-05,-3.7747336001501e-13,4.7279744234775e-15
2154,0,0,2154,2.3584006371656e-11,1.0453944886511e-05,-3.7702979574024e-13,4.7205159482404e-15
2155,0,0,2155,2.357929330641e-11,1.0456025473384e-05,-3.7658622386269e-13,4.7130652454218e-15
2156,0,0,2156,2.3574587684112e-11,1.045810360954e-05,-3.7614264439767e-13,4.7056222983811e-15
2157,0,0,2157,2.3569889497021e-11,1.046017929494e-05,-3.7569905736237e-13,4.6981870905068e-15
2158,0,0,2158,2.3565198737416e-11,1.0462252529541e-05,-3.7525546277303e-13,4.690759605223e-15
2159,0,0,2159,2.356051539759e-11,1.0464323313302e-05,-3.748118606456e-13,4.683339825999e-15
2160,0,0,2160,2.3555839469854e-11,1.046639164618e-05,-3.7436825099663e-13,4.6759277363171e-15
2161,0,0,2161,2.3551170946534e-11,1.0468457528135e-05,-3.7392463384299e-13,4.6685233197112e-15
2162,0,0,2162,2.3546509819974e-11,1.0470520959125e-05,-3.7348100919941e-13,4.6611265597508e-15
2163,0,0,2163,2.3541856082534e-11,1.0472581939109e-05,-3.7303737708396e-13,4.6537374400215e-15
2164,0,0,2164,2.353720972659e-11,1.0474640468045e-05,-3.7259373751137e-13,4.6463559441573e-15
2165,0,0,2165,2.3532570744534e-11,1.0476696545894e-05,-3.721500904985e-13,4.6389820558313e-15
2166,0,0,2166,2.3527939128775e-11,1.0478750172612e-05,-3.71706436061e-13,4.6316157587292e-15
2167,0,0,2167,2.3523314871739e-11,1.048080134816e-05,-3.7126277421541e-13,4.6242570365884e-15
2168,0,0,2168,2.3518697965866e-11,1.0482850072497e-05,-3.7081910497737e-13,4.6169058731757e-15
2169,0,0,2169,2.3514088403613e-11,1.0484896345582e-05,-3.7037542836314e-13,4.6095622522865e-15
2170,0,0,2170,2.3509486177456e-11,1.0486940167374e-05,-3.6993174438836e-13,4.6022261577587e-15
2171,0,0,2171,2.3504891279882e-11,1.0488981537833e-05,-3.6948805306988e-13,4.5948975734492e-15
2172,0,0,2172,2.3500303703399e-11,1.0491020456918e-05,-3.6904435442213e-13,4.5875764832636e-15
2173,0,0,2173,2.3495723440528e-11,1.0493056924589e-05,-3.6860064846227e-13,4.58026287113e-15
2174,0,0,2174,2.3491150483807e-11,1.0495090940806e-05,-3.6815693520532e-13,4.572956721012e-15
2175,0,0,2175,2.348658482579e-11,1.0497122505528e-05,-3.6771321466754e-13,4.565658016909e-15
2176,0,0,2176,2.3482026459047e-11,1.0499151618715e-05,-3.6726948686457e-13,4.5583667428493e-15
2177,0,0,2177,2.3477475376164e-11,1.0501178280327e-05,-3.6682575181235e-13,4.5510828828998e-15
2178,0,0,2178,2.3472931569743e-11,1.0503202490325e-05,-3.663820095259e-13,4.5438064211503e-15
2179,0,0,2179,2.3468395032401e-11,1.0505224248667e-05,-3.6593826002178e-13,4.5365373417293e-15
2180,0,0,2180,2.3463865756772e-11,1.0507243555315e-05,-3.6549450331471e-13,4.5292756287976e-15
2181,0,0,2181,2.3459343735506e-11,1.0509260410229e-05,-3.6505073942156e-13,4.5220212665547e-15
2182,0,0,2182,2.3454828961267e-11,1.0511274813369e-05,-3.6460696835643e-13,4.514774239213e-15
2183,0,0,2183,2.3450321426736e-11,1.0513286764696e-05,-3.6416319013618e-13,4.5075345310369e-15
2184,0,0,2184,2.3445821124609e-11,1.051529626417e-05,-3.6371940477523e-13,4.5003021263098e-15
2185,0,0,2185,2.34413280476e-11,1.0517303311752e-05,-3.6327561228982e-13,4.4930770093638e-15
2186,0,0,2186,2.3436842188435e-11,1.0519307907402e-05,-3.6283181269499e-13,4.4858591645373e-15
2187,0,0,2187,2.3432363539859e-11,1.0521310051082e-05,-3.6238800600636e-13,4.4786485762206e-15
2188,0,0,2188,2.342789209463e-11,1.0523309742751e-05,-3.6194419223897e-13,4.471445228833e-15
2189,0,0,2189,2.3423427845524e-11,1.0525306982373e-05,-3.6150037140906e-13,4.4642491068164e-15
2190,0,0,2190,2.3418970785329e-11,1.0527301769906e-05,-3.6105654353105e-13,4.4570601946546e-15
2191,0,0,2191,2.3414520906852e-11,1.0529294105313e-05,-3.6061270862057e-13,4.4498784768509e-15
2192,0,0,2192,2.3410078202914e-11,1.0531283988554e-05,-3.6016886669266e-13,4.4427039379572e-15
2193,0,0,2193,2.3405642666352e-11,1.0533271419591e-05,-3.5972501776263e-13,4.4355365625347e-15
2194,0,0,2194,2.3401214290016e-11,1.0535256398386e-05,-3.5928116184613e-13,4.4283763351936e-15
2195,0,0,2195,2.3396793066776e-11,1.05372389249e-05,-3.5883729895788e-13,4.4212232405727e-15
2196,0,0,2196,2.3392378989512e-11,1.0539218999094e-05,-3.583934291129e-13,4.4140772633304e-15
2197,0,0,2197,2.3387972051124e-11,1.054119662093e-05,-3.5794955232652e-13,4.406938388164e-15
2198,0,0,2198,2.3383572244525e-11,1.054317179037e-05,-3.5750566861377e-13,4.3998065998093e-15
2199,0,0,2199,2.3379179562642e-11,1.0545144507375e-05,-3.5706177798997e-13,4.392681883012e-15
2200,0,0,2200,2.3374793998419e-11,1.0547114771908e-05,-3.5661788046986e-13,4.3855642225758e-15
2201,0,0,2201,2.3370415544816e-11,1.0549082583931e-05,-3.5617397606813e-13,4.3784536033045e-15
2202,0,0,2202,2.3366044194806e-11,1.0551047943405e-05,-3.5573006480014e-13,4.3713500100569e-15
2203,0,0,2203,2.3361679941378e-11,1.0553010850292e-05,-3.5528614668058e-13,4.3642534277111e-15
2204,0,0,2204,2.3357322777537e-11,1.0554971304556e-05,-3.548422217248e-13,4.3571638411774e-15
2205,0,0,2205,2.3352972696301e-11,1.0556929306158e-05,-3.5439828994721e-13,4.3500812353986e-15
2206,0,0,2206,2.3348629690706e-11,1.055888485506e-05,-3.5395435136252e-13,4.3430055953401e-15
2207,0,0,2207,2.33442937538e-11,1.0560837951226e-05,-3.5351040598576e-13,4.3359369060028e-15
2208,0,0,2208,2.3339964878648e-11,1.0562788594617e-05,-3.5306645383196e-13,4.3288751524262e-15
2209,0,0,2209,2.3335643058328e-11,1.0564736785197e-05,-3.5262249491552e-13,4.3218203196533e-15
2210,0,0,2210,2.3331328285935e-11,1.0566682522928e-05,-3.5217852925116e-13,4.3147723927949e-15
2211,0,0,2211,2.3327020554578e-11,1.0568625807772e-05,-3.5173455685361e-13,4.307731356952e-15
2212,0,0,2212,2.3322719857381e-11,1.0570566639693e-05,-3.5129057773757e-13,4.3006971972838e-15
2213,0,0,2213,2.3318426187482e-11,1.0572505018654e-05,-3.5084659191777e-13,4.2936698989657e-15
2214,0,0,2214,2.3314139538035e-11,1.0574440944618e-05,-3.5040259940862e-13,4.2866494472085e-15
2215,0,0,2215,2.3309859902207e-11,1.0576374417547e-05,-3.4995860022453e-13,4.279635827246e-15
2216,0,0,2216,2.3305587273183e-11,1.0578305437406e-05,-3.4951459438052e-13,4.272629024347e-15
2217,0,0,2217,2.3301321644159e-11,1.0580234004157e-05,-3.490705818904e-13,4.2656290238034e-15
2218,0,0,2218,2.3297063008348e-11,1.0582160117763e-05,-3.4862656276919e-13,4.2586358109487e-15
2219,0,0,2219,2.3292811358977e-11,1.0584083778189e-05,-3.481825370316e-13,4.2516493711233e-15
2220,0,0,2220,2.3288566689287e-11,1.0586004985397e-05,-3.4773850469143e-13,4.2446696897253e-15
2221,0,0,2221,2.3284328992535e-11,1.0587923739351e-05,-3.472944657628e-13,4.2376967521499e-15
2222,0,0,2222,2.3280098261991e-11,1.0589840040016e-05,-3.4685042026133e-13,4.2307305438536e-15
2223,0,0,2223,2.3275874490941e-11,1.0591753887354e-05,-3.4640636820021e-13,4.2237710502896e-15
2224,0,0,2224,2.3271657672684e-11,1.059366528133e-05,-3.4596230959386e-13,4.2168182569629e-15
2225,0,0,2225,2.3267447800535e-11,1.0595574221907e-05,-3.4551824445729e-13,4.2098721494043e-15
2226,0,0,2226,2.3263244867822e-11,1.0597480709049e-05,-3.45074172804e-13,4.2029327131607e-15
2227,0,0,2227,2.3259048867888e-11,1.0599384742721e-05,-3.446300946484e-13,4.1959999338147e-15
2228,0,0,2228,2.3254859794091e-11,1.0601286322887e-05,-3.4418601000491e-13,4.1890737969778e-15
2229,0,0,2229,2.3250677639803e-11,1.0603185449511e-05,-3.4374191888731e-13,4.1821542882971e-15
2230,0,0,2230,2.3246502398409e-11,1.0605082122557e-05,-3.4329782131034e-13,4.175241393423e-15
2231,0,0,2231,2.3242334063311e-11,1.0606976341989e-05,-3.4285371728747e-13,4.1683350980705e-15
2232,0,0,2232,2.3238172627923e-11,1.0608868107773e-05,-3.4240960683282e-13,4.1614353879448e-15
2233,0,0,2233,2.3234018085674e-11,1.0610757419872e-05,-3.419654899611e-13,4.1545422488063e-15
2234,0,0,2234,2.3229870430008e-11,1.0612644278252e-05,-3.4152136668549e-13,4.1476556664344e-15
2235,0,0,2235,2.3225729654381e-11,1.0614528682876e-05,-3.4107723702042e-13,4.1407756266314e-15
2236,0,0,2236,2.3221595752266e-11,1.061641063371e-05,-3.4063310098029e-13,4.1339021152286e-15
2237,0,0,2237,2.3217468717148e-11,1.0618290130719e-05,-3.4018895857797e-13,4.1270351180993e-15
2238,0,0,2238,2.3213348542527e-11,1.0620167173867e-05,-3.3974480982819e-13,4.1201746211201e-15
2239,0,0,2239,2.3209235221917e-11,1.062204176312e-05,-3.3930065474444e-13,4.1133206102126e-15
2240,0,0,2240,2.3205128748845e-11,1.0623913898442e-05,-3.3885649334083e-13,4.106473071315e-15
2241,0,0,2241,2.3201029116855e-11,1.0625783579799e-05,-3.3841232563145e-13,4.0996319904102e-15
2242,0,0,2242,2.3196936319501e-11,1.0627650807156e-05,-3.3796815162919e-13,4.092797353488e-15
2243,0,0,2243,2.3192850350355e-11,1.0629515580479e-05,-3.3752397134876e-13,4.085969146567e-15
2244,0,0,2244,2.3188771202999e-11,1.0631377899732e-05,-3.3707978480335e-13,4.0791473557144e-15
2245,0,0,2245,2.3184698871032e-11,1.0633237764881e-05,-3.3663559200675e-13,4.0723319669943e-15
2246,0,0,2246,2.3180633348066e-11,1.0635095175892e-05,-3.3619139297308e-13,4.0655229665253e-15
2247,0,0,2247,2.3176574627725e-11,1.063695013273e-05,-3.3574718771552e-13,4.0587203404298e-15
2248,0,0,2248,2.317252270365e-11,1.0638802635361e-05,-3.3530297624786e-13,4.0519240748749e-15
2249,0,0,2249,2.3168477569494e-11,1.0640652683751e-05,-3.3485875858391e-13,4.045134156041e-15
2250,0,0,2250,2.3164439218924e-11,1.0642500277866e-05,-3.3441453473715e-13,4.0383505701406e-15
2251,0,0,2251,2.3160407645621e-11,1.0644345417671e-05,-3.3397030472077e-13,4.0315733034154e-15
2252,0,0,2252,2.3156382843279e-11,1.0646188103132e-05,-3.3352606854856e-13,4.024802342133e-15
2253,0,0,2253,2.3152364805606e-11,1.0648028334217e-05,-3.3308182623464e-13,4.0180376725769e-15
2254,0,0,2254,2.3148353526325e-11,1.0649866110889e-05,-3.3263757779127e-13,4.0112792810697e-15
2255,0,0,2255,2.3144348999171e-11,1.0651701433117e-05,-3.3219332323317e-13,4.0045271539595e-15
2256,0,0,2256,2.3140351217893e-11,1.0653534300866e-05,-3.3174906257259e-13,3.9977812776077e-15
2257,0,0,2257,2.3136360176255e-11,1.0655364714103e-05,-3.3130479582396e-13,3.9910416384174e-15
2258,0,0,2258,2.3132375868032e-11,1.0657192672793e-05,-3.3086052300014e-13,3.9843082228048e-15
2259,0,0,2259,2.3128398287015e-11,1.0659018176905e-05,-3.3041624411434e-13,3.9775810172248e-15
2260,0,0,2260,2.3124427427007e-11,1.0660841226403e-05,-3.2997195918033e-13,3.9708600081484e-15
2261,0,0,2261,2.3120463281825e-11,1.0662661821255e-05,-3.2952766821101e-13,3.9641451820694e-15
2262,0,0,2262,2.3116505845299e-11,1.0664479961427e-05,-3.2908337122017e-13,3.9574365255203e-15
2263,0,0,2263,2.3112555111274e-11,1.0666295646887e-05,-3.2863906822038e-13,3.9507340250464e-15
2264,0,0,2264,2.3108611073607e-11,1.0668108877601e-05,-3.2819475922513e-13,3.9440376672286e-15
2265,0,0,2265,2.3104673726168e-11,1.0669919653536e-05,-3.2775044424823e-13,3.9373474386673e-15
2266,0,0,2266,2.3100743062842e-11,1.0671727974659e-05,-3.2730612330162e-13,3.9306633259887e-15
2267,0,0,2267,2.3096819077526e-11,1.0673533840938e-05,-3.2686179639973e-13,3.9239853158414e-15
2268,0,0,2268,2.3092901764131e-11,1.0675337252339e-05,-3.2641746355481e-13,3.91731339491e-15
2269,0,0,2269,2.3088991116582e-11,1.0677138208829e-05,-3.2597312478005e-13,3.9106475498915e-15
2270,0,0,2270,2.3085087128814e-11,1.0678936710377e-05,-3.2552878008925e-13,3.9039877675157e-15
2271,0,0,2271,2.308118979478e-11,1.0680732756948e-05,-3.2508442949468e-13,3.8973340345378e-15
2272,0,0,2272,2.3077299108442e-11,1.0682526348512e-05,-3.2464007300921e-13,3.8906863377295e-15
2273,0,0,2273,2.3073415063778e-11,1.0684317485035e-05,-3.2419571064695e-13,3.884044663898e-15
2274,0,0,2274,2.3069537654778e-11,1.0686106166485e-05,-3.2375134241954e-13,3.8774089998696e-15
2275,0,0,2275,2.3065666875446e-11,1.0687892392829e-05,-3.233069683411e-13,3.8707793324967e-15
2276,0,0,2276,2.3061802719797e-11,1.0689676164036e-05,-3.2286258842328e-13,3.8641556486544e-15
2277,0,0,2277,2.3057945181862e-11,1.0691457480073e-05,-3.2241820268048e-13,3.8575379352466e-15
2278,0,0,2278,2.3054094255682e-11,1.0693236340908e-05,-3.2197381112436e-13,3.8509261791968e-15
2279,0,0,2279,2.3050249935315e-11,1.0695012746509e-05,-3.2152941376842e-13,3.8443203674576e-15
2280,0,0,2280,2.3046412214828e-11,1.0696786696844e-05,-3.2108501062491e-13,3.8377204869975e-15
2281,0,0,2281,2.3042581088303e-11,1.0698558191881e-05,-3.2064060170732e-13,3.8311265248273e-15
2282,0,0,2282,2.3038756549835e-11,1.0700327231588e-05,-3.2019618702793e-13,3.8245384679545e-15
2283,0,0,2283,2.3034938593532e-11,1.0702093815934e-05,-3.1975176659961e-13,3.8179563034413e-15
2284,0,0,2284,2.3031127213513e-11,1.0703857944887e-05,-3.1930734043554e-13,3.8113800183535e-15
2285,0,0,2285,2.3027322403914e-11,1.0705619618414e-05,-3.1886290854769e-13,3.8048095997824e-15
2286,0,0,2286,2.3023524158879e-11,1.0707378836486e-05,-3.1841847094893e-13,3.7982450348519e-15
2287,0,0,2287,2.3019732472568e-11,1.070913559907e-05,-3.1797402765245e-13,3.791686310705e-15
2288,0,0,2288,2.3015947339154e-11,1.0710889906134e-05,-3.175295786702e-13,3.7851334145076e-15
2289,0,0,2289,2.301216875282e-11,1.0712641757648e-05,-3.1708512401537e-13,3.7785863334546e-15
2290,0,0,2290,2.3008396707765e-11,1.071439115358e-05,-3.1664066369992e-13,3.7720450547537e-15
2291,0,0,2291,2.30046311982e-11,1.0716138093899e-05,-3.1619619773704e-13,3.7655095656514e-15
2292,0,0,2292,2.3000872218346e-11,1.0717882578574e-05,-3.1575172613867e-13,3.7589798534041e-15
2293,0,0,2293,2.2997119762441e-11,1.0719624607573e-05,-3.1530724891802e-13,3.752455905297e-15
2294,0,0,2294,2.2993373824732e-11,1.0721364180867e-05,-3.1486276608672e-13,3.7459377086445e-15
2295,0,0,2295,2.2989634399482e-11,1.0723101298423e-05,-3.1441827765828e-13,3.7394252507676e-15
2296,0,0,2296,2.2985901480963e-11,1.0724835960211e-05,-3.1397378364433e-13,3.7329185190388e-15
2297,0,0,2297,2.2982175063462e-11,1.07265681662e-05,-3.1352928405715e-13,3.7264175008177e-15
2298,0,0,2298,2.2978455141278e-11,1.072829791636e-05,-3.1308477891023e-13,3.7199221835222e-15
2299,0,0,2299,2.2974741708724e-11,1.0730025210659e-05,-3.1264026821492e-13,3.7134325545668e-15
2300,0,0,2300,2.2971034760122e-11,1.0731750049068e-05,-3.1219575198378e-13,3.7069486014048e-15
2301,0,0,2301,2.2967334289811e-11,1.0733472431556e-05,-3.1175123022939e-13,3.7004703115091e-15
2302,0,0,2302,2.2963640292138e-11,1.0735192358091e-05,-3.113067029637e-13,3.6939976723653e-15
2303,0,0,2303,2.2959952761467e-11,1.0736909828645e-05,-3.108621701996e-13,3.6875306714978e-15
2304,0,0,2304,2.295627169217e-11,1.0738624843186e-05,-3.1041763194873e-13,3.6810692964472e-15
2305,0,0,2305,2.2952597078636e-11,1.0740337401685e-05,-3.0997308822367e-13,3.674613534767e-15
2306,0,0,2306,2.2948928915262e-11,1.074204750411e-05,-3.0952853903638e-13,3.6681633740495e-15
2307,0,0,2307,2.294526719646e-11,1.0743755150433e-05,-3.0908398439942e-13,3.6617188018999e-15
2308,0,0,2308,2.2941611916654e-11,1.0745460340623e-05,-3.0863942432445e-13,3.6552798059494e-15
2309,0,0,2309,2.293796307028e-11,1.0747163074649e-05,-3.0819485882405e-13,3.6488463738482e-15
2310,0,0,2310,2.2934320651787e-11,1.0748863352483e-05,-3.0775028791047e-13,3.6424184932761e-15
2311,0,0,2311,2.2930684655635e-11,1.0750561174094e-05,-3.0730571159536e-13,3.6359961519254e-15
2312,0,0,2312,2.2927055076297e-11,1.0752256539452e-05,-3.068611298907e-13,3.6295793375176e-15
2313,0,0,2313,2.2923431908259e-11,1.0753949448529e-05,-3.0641654280904e-13,3.6231680377906e-15
2314,0,0,2314,2.2919815146019e-11,1.0755639901293e-05,-3.0597195036265e-13,3.6167622405174e-15
2315,0,0,2315,2.2916204784085e-11,1.0757327897716e-05,-3.0552735256258e-13,3.6103619334746e-15
2316,0,0,2316,2.2912600816981e-11,1.0759013437768e-05,-3.0508274942138e-13,3.6039671044774e-15
2317,0,0,2317,2.290900323924e-11,1.076069652142e-05,-3.0463814095103e-13,3.5975777413476e-15
2318,0,0,2318,2.2905412045408e-11,1.0762377148642e-05,-3.0419352716379e-13,3.5911938319455e-15
2319,0,0,2319,2.2901827230043e-11,1.0764055319405e-05,-3.0374890807069e-13,3.5848153641381e-15
2320,0,0,2320,2.2898248787718e-11,1.0765731033679e-05,-3.0330428368461e-13,3.578442325828e-15
2321,0,0,2321,2.2894676713013e-11,1.0767404291436e-05,-3.0285965401691e-13,3.5720747049241e-15
2322,0,0,2322,2.2891111000523e-11,1.0769075092647e-05,-3.0241501907953e-13,3.5657124893708e-15
2323,0,0,2323,2.2887551644856e-11,1.0770743437281e-05,-3.0197037888412e-13,3.5593556671287e-15
2324,0,0,2324,2.288399864063e-11,1.0772409325311e-05,-3.0152573344296e-13,3.5530042261781e-15
2325,0,0,2325,2.2880451982476e-11,1.0774072756708e-05,-3.010810827674e-13,3.5466581545181e-15
2326,0,0,2326,2.2876911665035e-11,1.0775733731442e-05,-3.0063642686968e-13,3.5403174401839e-15
2327,0,0,2327,2.2873377682964e-11,1.0777392249485e-05,-3.0019176576116e-13,3.5339820712104e-15
2328,0,0,2328,2.2869850030928e-11,1.0779048310808e-05,-2.997470994535e-13,3.5276520356745e-15
2329,0,0,2329,2.2866328703607e-11,1.0780701915382e-05,-2.9930242795895e-13,3.5213273216564e-15
2330,0,0,2330,2.286281369569e-11,1.0782353063179e-05,-2.9885775128855e-13,3.5150079172751e-15
2331,0,0,2331,2.2859305001879e-11,1.0784001754171e-05,-2.9841306945457e-13,3.5086938106497e-15
2332,0,0,2332,2.2855802616889e-11,1.0785647988328e-05,-2.9796838246805e-13,3.5023849899474e-15
2333,0,0,2333,2.2852306535446e-11,1.0787291765623e-05,-2.9752369034095e-13,3.4960814433261e-15
2334,0,0,2334,2.2848816752287e-11,1.0788933086026e-05,-2.9707899308522e-13,3.489783158992e-15
2335,0,0,2335,2.2845333262161e-11,1.0790571949511e-05,-2.966342907116e-13,3.483490125148e-15
2336,0,0,2336,2.2841856059831e-11,1.0792208356048e-05,-2.9618958323266e-13,3.4772023300457e-15
2337,0,0,2337,2.2838385140069e-11,1.079384230561e-05,-2.9574487065882e-13,3.4709197619203e-15
2338,0,0,2338,2.283492049766e-11,1.0795473798168e-05,-2.9530015300266e-13,3.4646424090717e-15
2339,0,0,2339,2.2831462127401e-11,1.0797102833694e-05,-2.9485543027521e-13,3.4583702597772e-15
2340,0,0,2340,2.2828010024098e-11,1.0798729412161e-05,-2.9441070248782e-13,3.4521033023691e-15
2341,0,0,2341,2.2824564182573e-11,1.080035353354e-05,-2.9396596965214e-13,3.4458415251828e-15
2342,0,0,2342,2.2821124597657e-11,1.0801975197804e-05,-2.9352123177951e-13,3.4395849165699e-15
2343,0,0,2343,2.2817691264192e-11,1.0803594404925e-05,-2.930764888816e-13,3.4333334649209e-15
2344,0,0,2344,2.2814264177033e-11,1.0805211154875e-05,-2.9263174096943e-13,3.4270871586293e-15
2345,0,0,2345,2.2810843331047e-11,1.0806825447627e-05,-2.9218698805465e-13,3.4208459861179e-15
2346,0,0,2346,2.2807428721111e-11,1.0808437283153e-05,-2.9174223014862e-13,3.4146099358287e-15
2347,0,0,2347,2.2804020342115e-11,1.0810046661425e-05,-2.9129746726268e-13,3.4083789962135e-15
2348,0,0,2348,2.2800618188959e-11,1.0811653582416e-05,-2.9085269940756e-13,3.4021531557661e-15
2349,0,0,2349,2.2797222256556e-11,1.0813258046099e-05,-2.9040792659553e-13,3.3959324029771e-15
2350,0,0,2350,2.279383253983e-11,1.0814860052446e-05,-2.8996314883731e-13,3.3897167263758e-15
2351,0,0,2351,2.2790449033715e-11,1.081645960143e-05,-2.8951836614456e-13,3.3835061144916e-15
2352,0,0,2352,2.2787071733159e-11,1.0818056693024e-05,-2.890735785277e-13,3.3773005558957e-15
2353,0,0,2353,2.278370063312e-11,1.0819651327201e-05,-2.8862878599839e-13,3.3711000391659e-15
2354,0,0,2354,2.2780335728567e-11,1.0821243503934e-05,-2.8818398856859e-13,3.3649045528963e-15
2355,0,0,2355,2.2776977014482e-11,1.0822833223195e-05,-2.8773918624841e-13,3.3587140857195e-15
2356,0,0,2356,2.2773624485855e-11,1.0824420484957e-05,-2.872943790495e-13,3.3525286262619e-15
2357,0,0,2357,2.2770278137692e-11,1.0826005289195e-05,-2.868495669826e-13,3.3463481631884e-15
2358,0,0,2358,2.2766937965007e-11,1.082758763588e-05,-2.8640475005936e-13,3.3401726851835e-15
2359,0,0,2359,2.2763603962826e-11,1.0829167524987e-05,-2.8595992829082e-13,3.3340021809348e-15
2360,0,0,2360,2.2760276126187e-11,1.0830744956488e-05,-2.855151016877e-13,3.3278366391656e-15
2361,0,0,2361,2.2756954450138e-11,1.0832319930357e-05,-2.8507027026105e-13,3.3216760486152e-15
2362,0,0,2362,2.275363892974e-11,1.0833892446567e-05,-2.8462543402283e-13,3.3155203980359e-15
2363,0,0,2363,2.2750329560064e-11,1.0835462505092e-05,-2.8418059298254e-13,3.3093696762058e-15
2364,0,0,2364,2.2747026336192e-11,1.0837030105905e-05,-2.8373574715245e-13,3.3032238719192e-15
2365,0,0,2365,2.2743729253218e-11,1.0838595248979e-05,-2.8329089654298e-13,3.2970829739897e-15
2366,0,0,2366,2.2740438306247e-11,1.084015793429e-05,-2.8284604116547e-13,3.2909469712505e-15
2367,0,0,2367,2.2737153490394e-11,1.0841718161809e-05,-2.8240118103005e-13,3.2848158525573e-15
2368,0,0,2368,2.2733874800787e-11,1.0843275931512e-05,-2.8195631614898e-13,3.2786896067785e-15
2369,0,0,2369,2.2730602232565e-11,1.0844831243371e-05,-2.8151144653177e-13,3.2725682227991e-15
2370,0,0,2370,2.2727335780875e-11,1.0846384097361e-05,-2.8106657219006e-13,3.2664516895425e-15
2371,0,0,2371,2.2724075440879e-11,1.0847934493456e-05,-2.806216931349e-13,3.2603399959193e-15
2372,0,0,2372,2.2720821207748e-11,1.0849482431629e-05,-2.8017680937671e-13,3.2542331308918e-15
2373,0,0,2373,2.2717573076665e-11,1.0851027911855e-05,-2.7973192092623e-13,3.2481310834127e-15
2374,0,0,2374,2.2714331042822e-11,1.0852570934108e-05,-2.7928702779479e-13,3.2420338424766e-15
2375,0,0,2375,2.2711095101425e-11,1.0854111498362e-05,-2.7884212999283e-13,3.2359413970845e-15
2376,0,0,2376,2.2707865247689e-11,1.0855649604592e-05,-2.7839722753138e-13,3.2298537362473e-15
2377,0,0,2377,2.270464147684e-11,1.0857185252771e-05,-2.7795232042087e-13,3.2237708490209e-15
2378,0,0,2378,2.2701423784116e-11,1.0858718442874e-05,-2.7750740867203e-13,3.2176927244485e-15
2379,0,0,2379,2.2698212164764e-11,1.0860249174876e-05,-2.7706249229589e-13,3.2116193516215e-15
2380,0,0,2380,2.2695006614044e-11,1.086177744875e-05,-2.766175713032e-13,3.2055507196251e-15
2381,0,0,2381,2.2691807127227e-11,1.0863303264472e-05,-2.7617264570437e-13,3.1994868175735e-15
2382,0,0,2382,2.2688613699592e-11,1.0864826622017e-05,-2.7572771550983e-13,3.1934276346034e-15
2383,0,0,2383,2.2685426326432e-11,1.0866347521358e-05,-2.7528278073124e-13,3.1873731598614e-15
2384,0,0,2384,2.268224500305e-11,1.086786596247e-05,-2.7483784137809e-13,3.1813233825165e-15
2385,0,0,2385,2.2679069724758e-11,1.0869381945329e-05,-2.7439289746143e-13,3.175278291754e-15
2386,0,0,2386,2.2675900486881e-11,1.0870895469909e-05,-2.7394794899198e-13,3.1692378767818e-15
2387,0,0,2387,2.2672737284754e-11,1.0872406536185e-05,-2.7350299598018e-13,3.1632021268142e-15
2388,0,0,2388,2.2669580113723e-11,1.0873915144132e-05,-2.7305803843676e-13,3.1571710311011e-15
2389,0,0,2389,2.2666428969144e-11,1.0875421293726e-05,-2.7261307637213e-13,3.1511445788957e-15
2390,0,0,2390,2.2663283846385e-11,1.087692498494e-05,-2.7216810979674e-13,3.1451227594735e-15
2391,0,0,2391,2.2660144740823e-11,1.0878426217751e-05,-2.717231387213e-13,3.1391055621299e-15
2392,0,0,2392,2.2657011647847e-11,1.0879924992133e-05,-2.7127816315624e-13,3.1330929761759e-15
2393,0,0,2393,2.2653884562856e-11,1.0881421308062e-05,-2.7083318311138e-13,3.1270849909424e-15
2394,0,0,2394,2.265076348126e-11,1.0882915165512e-05,-2.7038819859867e-13,3.1210815957729e-15
2395,0,0,2395,2.264764839848e-11,1.0884406564461e-05,-2.6994320962701e-13,3.1150827800368e-15
2396,0,0,2396,2.2644539309947e-11,1.0885895504882e-05,-2.6949821620743e-13,3.1090885331133e-15
2397,0,0,2397,2.2641436211102e-11,1.0887381986751e-05,-2.6905321835067e-13,3.1030988443976e-15
2398,0,0,2398,2.2638339097399e-11,1.0888866010044e-05,-2.6860821606684e-13,3.0971137033141e-15
2399,0,0,2399,2.26352479643e-11,1.0890347574737e-05,-2.6816320936576e-13,3.0911330992937e-15
2400,0,0,2400,2.2632162807278e-11,1.0891826680804e-05,-2.6771819825877e-13,3.0851570217898e-15
2401,0,0,2401,2.2629083621818e-11,1.0893303328223e-05,-2.6727318275538e-13,3.0791854602687e-15
2402,0,0,2402,2.2626010403414e-11,1.0894777516968e-05,-2.6682816286632e-13,3.0732184042195e-15
2403,0,0,2403,2.262294314757e-11,1.0896249247016e-05,-2.6638313860202e-13,3.067255843144e-15
2404,0,0,2404,2.2619881849804e-11,1.0897718518341e-05,-2.6593810997228e-13,3.0612977665636e-15
2405,0,0,2405,2.261682650564e-11,1.0899185330922e-05,-2.6549307698753e-13,3.0553441640157e-15
2406,0,0,2406,2.2613777110615e-11,1.0900649684732e-05,-2.6504803965851e-13,3.0493950250572e-15
2407,0,0,2407,2.2610733660275e-11,1.0902111579748e-05,-2.6460299799471e-13,3.0434503392546e-15
2408,0,0,2408,2.2607696150179e-11,1.0903571015947e-05,-2.6415795200688e-13,3.0375100962036e-15
2409,0,0,2409,2.2604664575894e-11,1.0905027993305e-05,-2.6371290170482e-13,3.0315742855029e-15
2410,0,0,2410,2.2601638932997e-11,1.0906482511797e-05,-2.6326784709896e-13,3.0256428967805e-15
2411,0,0,2411,2.2598619217077e-11,1.09079345714e-05,-2.6282278819941e-13,3.0197159196708e-15
2412,0,0,2412,2.2595605423733e-11,1.0909384172091e-05,-2.623777250163e-13,3.0137933438373e-15
2413,0,0,2413,2.2592597548575e-11,1.0910831313845e-05,-2.6193265755975e-13,3.0078751589467e-15
2414,0,0,2414,2.258959558722e-11,1.091227599664e-05,-2.6148758583987e-13,3.0019613546883e-15
2415,0,0,2415,2.2586599535299e-11,1.0913718220452e-05,-2.6104250986708e-13,2.996051920774e-15
2416,0,0,2416,2.2583609388452e-11,1.0915157985256e-05,-2.605974296506e-13,2.9901468469158e-15
2417,0,0,2417,2.2580625142329e-11,1.0916595291031e-05,-2.6015234520114e-13,2.9842461228644e-15
2418,0,0,2418,2.2577646792591e-11,1.0918030137752e-05,-2.5970725652914e-13,2.9783497383705e-15
2419,0,0,2419,2.2574674334908e-11,1.0919462525396e-05,-2.5926216364348e-13,2.9724576832043e-15
2420,0,0,2420,2.2571707764961e-11,1.0920892453941e-05,-2.5881706655521e-13,2.9665699471583e-15
2421,0,0,2421,2.2568747078441e-11,1.0922319923362e-05,-2.5837196527383e-13,2.9606865200319e-15
2422,0,0,2422,2.2565792271049e-11,1.0923744933638e-05,-2.5792685980946e-13,2.9548073916501e-15
2423,0,0,2423,2.2562843338497e-11,1.0925167484744e-05,-2.5748175017191e-13,2.9489325518539e-15
2424,0,0,2424,2.2559900276507e-11,1.0926587576657e-05,-2.570366363713e-13,2.9430619904847e-15
2425,0,0,2425,2.2556963080809e-11,1.0928005209356e-05,-2.5659151841775e-13,2.9371956974289e-15
2426,0,0,2426,2.2554031747147e-11,1.0929420382816e-05,-2.5614639632046e-13,2.9313336625567e-15
2427,0,0,2427,2.2551106271271e-11,1.0930833097015e-05,-2.5570127009015e-13,2.9254758757772e-15
2428,0,0,2428,2.2548186648944e-11,1.0932243351931e-05,-2.5525613973634e-13,2.919622327009e-15
2429,0,0,2429,2.2545272875938e-11,1.093365114754e-05,-2.5481100526853e-13,2.9137730061871e-15
2430,0,0,2430,2.2542364948034e-11,1.093505648382e-05,-2.5436586669745e-13,2.9079279032497e-15
2431,0,0,2431,2.2539462861026e-11,1.0936459360749e-05,-2.53920724032e-13,2.90208700818e-15
2432,0,0,2432,2.2536566610715e-11,1.0937859778303e-05,-2.534755772829e-13,2.8962503109454e-15
2433,0,0,2433,2.2533676192914e-11,1.093925773646e-05,-2.5303042645905e-13,2.8904178015484e-15
2434,0,0,2434,2.2530791603444e-11,1.0940653235198e-05,-2.5258527157087e-13,2.8845894700049e-15
2435,0,0,2435,2.2527912838137e-11,1.0942046274494e-05,-2.5214011262787e-13,2.8787653063368e-15
2436,0,0,2436,2.2525039892837e-11,1.0943436854326e-05,-2.5169494964017e-13,2.8729453005891e-15
2437,0,0,2437,2.2522172763394e-11,1.0944824974672e-05,-2.5124978261666e-13,2.867129442829e-15
2438,0,0,2438,2.2519311445671e-11,1.094621063551e-05,-2.5080461156806e-13,2.8613177231239e-15
2439,0,0,2439,2.2516455935539e-11,1.0947593836816e-05,-2.5035943650329e-13,2.8555101315703e-15
2440,0,0,2440,2.2513606228881e-11,1.094897457857e-05,-2.4991425743244e-13,2.8497066582679e-15
2441,0,0,2441,2.2510762321588e-11,1.0950352860749e-05,-2.4946907436565e-13,2.8439072933454e-15
2442,0,0,2442,2.2507924209561e-11,1.0951728683331e-05,-2.4902388731119e-13,2.8381120269348e-15
2443,0,0,2443,2.2505091888711e-11,1.0953102046294e-05,-2.485786962804e-13,2.8323208491908e-15
2444,0,0,2444,2.2502265354961e-11,1.0954472949616e-05,-2.4813350128187e-13,2.8265337502807e-15
2445,0,0,2445,2.2499444604241e-11,1.0955841393275e-05,-2.4768830232511e-13,2.8207507203885e-15
2446,0,0,2446,2.2496629632491e-11,1.095720737725e-05,-2.4724309942053e-13,2.8149717497106e-15
2447,0,0,2447,2.2493820435663e-11,1.0958570901518e-05,-2.4679789257674e-13,2.8091968284599e-15
2448,0,0,2448,2.2491017009716e-11,1.0959931966058e-05,-2.4635268180415e-13,2.8034259468685e-15
2449,0,0,2449,2.2488219350621e-11,1.0961290570849e-05,-2.4590746711226e-13,2.7976590951717e-15
2450,0,0,2450,2.2485427454357e-11,1.0962646715869e-05,-2.4546224850967e-13,2.7918962636406e-15
2451,0,0,2451,2.2482641316914e-11,1.0964000401095e-05,-2.450170260071e-13,2.7861374425364e-15
2452,0,0,2452,2.2479860934292e-11,1.0965351626507e-05,-2.4457179961314e-13,2.7803826221526e-15
2453,0,0,2453,2.2477086302499e-11,1.0966700392084e-05,-2.4412656933792e-13,2.7746317927957e-15
2454,0,0,2454,2.2474317417555e-11,1.0968046697803e-05,-2.4368133519092e-13,2.7688849447754e-15
2455,0,0,2455,2.2471554275486e-11,1.0969390543644e-05,-2.4323609718075e-13,2.7631420684338e-15
2456,0,0,2456,2.2468796872332e-11,1.0970731929585e-05,-2.4279085531813e-13,2.7574031541128e-15
2457,0,0,2457,2.246604520414e-11,1.0972070855605e-05,-2.4234560961134e-13,2.7516681921738e-15
2458,0,0,2458,2.2463299266967e-11,1.0973407321682e-05,-2.419003600708e-13,2.7459371729977e-15
2459,0,0,2459,2.246055905688e-11,1.0974741327797e-05,-2.4145510670511e-13,2.740210086975e-15
2460,0,0,2460,2.2457824569955e-11,1.0976072873927e-05,-2.4100984952376e-13,2.7344869245122e-15
2461,0,0,2461,2.2455095802279e-11,1.0977401960051e-05,-2.4056458853688e-13,2.728767676029e-15
2462,0,0,2462,2.2452372749947e-11,1.0978728586149e-05,-2.4011932375305e-13,2.7230523319578e-15
2463,0,0,2463,2.2449655409065e-11,1.09800527522e-05,-2.3967405518208e-13,2.7173408827538e-15
2464,0,0,2464,2.2446943775746e-11,1.0981374458183e-05,-2.3922878283287e-13,2.7116333188817e-15
2465,0,0,2465,2.2444237846115e-11,1.0982693704076e-05,-2.3878350671492e-13,2.7059296308129e-15
2466,0,0,2466,2.2441537616306e-11,1.098401048986e-05,-2.3833822683804e-13,2.7002298090444e-15
2467,0,0,2467,2.2438843082462e-11,1.0985324815513e-05,-2.3789294321052e-13,2.6945338440863e-15
2468,0,0,2468,2.2436154240735e-11,1.0986636681015e-05,-2.3744765584246e-13,2.6888417264551e-15
2469,0,0,2469,2.2433471087289e-11,1.0987946086345e-05,-2.3700236474308e-13,2.6831534466867e-15
2470,0,0,2470,2.2430793618293e-11,1.0989253031483e-05,-2.3655706992125e-13,2.6774689953363e-15
2471,0,0,2471,2.242812182993e-11,1.0990557516407e-05,-2.3611177138618e-13,2.6717883629625e-15
2472,0,0,2472,2.242545571839e-11,1.0991859541099e-05,-2.3566646914738e-13,2.6661115401399e-15
2473,0,0,2473,2.2422795279873e-11,1.0993159105536e-05,-2.3522116321435e-13,2.6604385174723e-15
2474,0,0,2474,2.2420140510587e-11,1.09944562097e-05,-2.3477585359538e-13,2.6547692855505e-15
2475,0,0,2475,2.2417491406752e-11,1.0995750853569e-05,-2.3433054030026e-13,2.6491038350105e-15
2476,0,0,2476,2.2414847964596e-11,1.0997043037123e-05,-2.3388522333851e-13,2.6434421564723e-15
2477,0,0,2477,2.2412210180355e-11,1.0998332760343e-05,-2.334399027181e-13,2.6377842405913e-15
2478,0,0,2478,2.2409578050277e-11,1.0999620023207e-05,-2.3299457844976e-13,2.6321300780262e-15
2479,0,0,2479,2.2406951570618e-11,1.1000904825696e-05,-2.3254925054085e-13,2.6264796594518e-15
2480,0,0,2480,2.2404330737642e-11,1.100218716779e-05,-2.321039190021e-13,2.6208329755623e-15
2481,0,0,2481,2.2401715547625e-11,1.1003467049469e-05,-2.3165858384179e-13,2.6151900170552e-15
2482,0,0,2482,2.239910599685e-11,1.1004744470712e-05,-2.3121324506882e-13,2.609550774644e-15
2483,0,0,2483,2.2396502081611e-11,1.1006019431501e-05,-2.3076790269269e-13,2.6039152390683e-15
2484,0,0,2484,2.239390379821e-11,1.1007291931814e-05,-2.3032255672259e-13,2.5982834010675e-15
2485,0,0,2485,2.2391311142959e-11,1.1008561971633e-05,-2.2987720716681e-13,2.5926552513939e-15
2486,0,0,2486,2.2388724112178e-11,1.1009829550937e-05,-2.2943185403516e-13,2.5870307808226e-15
2487,0,0,2487,2.2386142702198e-11,1.1011094669707e-05,-2.2898649733622e-13,2.5814099801382e-15
2488,0,0,2488,2.2383566909358e-11,1.1012357327922e-05,-2.285411370795e-13,2.5757928401385e-15
2489,0,0,2489,2.2380996730006e-11,1.1013617525565e-05,-2.2809577327328e-13,2.5701793516306e-15
2490,0,0,2490,2.2378432160501e-11,1.1014875262614e-05,-2.2765040592676e-13,2.5645695054477e-15
2491,0,0,2491,2.2375873197208e-11,1.1016130539051e-05,-2.2720503504944e-13,2.5589632924133e-15
2492,0,0,2492,2.2373319836505e-11,1.1017383354856e-05,-2.267596606496e-13,2.5533607033929e-15
2493,0,0,2493,2.2370772074776e-11,1.1018633710009e-05,-2.2631428273614e-13,2.5477617292423e-15
2494,0,0,2494,2.2368229908415e-11,1.1019881604491e-05,-2.2586890131886e-13,2.542166360843e-15
2495,0,0,2495,2.2365693333826e-11,1.1021127038284e-05,-2.2542351640573e-13,2.5365745890768e-15
2496,0,0,2496,2.2363162347421e-11,1.1022370011366e-05,-2.2497812800628e-13,2.5309864048607e-15
2497,0,0,2497,2.2360636945622e-11,1.1023610523721e-05,-2.2453273612876e-13,2.5254017991022e-15
2498,0,0,2498,2.2358117124859e-11,1.1024848575327e-05,-2.2408734078238e-13,2.5198207627315e-15
2499,0,0,2499,2.2355602881572e-11,1.1026084166167e-05,-2.2364194197635e-13,2.5142432866948e-15
2500,0,0,2500,2.235309421221e-11,1.1027317296221e-05,-2.2319653971862e-13,2.5086693619481e-15
2501,0,0,2501,2.2350591113231e-11,1.1028547965469e-05,-2.2275113401933e-13,2.5030989794536e-15
2502,0,0,2502,2.2348093581101e-11,1.1029776173894e-05,-2.2230572488613e-13,2.4975321301998e-15
2503,0,0,2503,2.2345601612296e-11,1.1031001921476e-05,-2.2186031232792e-13,2.491968805178e-15
2504,0,0,2504,2.23431152033e-11,1.1032225208196e-05,-2.2141489635451e-13,2.486408995396e-15
2505,0,0,2505,2.2340634350608e-11,1.1033446034036e-05,-2.2096947697357e-13,2.4808526918742e-15
2506,0,0,2506,2.2338159050723e-11,1.1034664398976e-05,-2.2052405419429e-13,2.4752998856398e-15
2507,0,0,2507,2.2335689300155e-11,1.1035880302998e-05,-2.2007862802527e-13,2.4697505677488e-15
2508,0,0,2508,2.2333225095426e-11,1.1037093746084e-05,-2.1963319847569e-13,2.4642047292476e-15
2509,0,0,2509,2.2330766433065e-11,1.1038304728214e-05,-2.1918776555384e-13,2.458662361215e-15
2510,0,0,2510,2.232831330961e-11,1.103951324937e-05,-2.1874232926891e-13,2.4531234547297e-15
2511,0,0,2511,2.2325865721609e-11,1.1040719309534e-05,-2.1829688962889e-13,2.4475880008898e-15
2512,0,0,2512,2.2323423665618e-11,1.1041922908687e-05,-2.1785144664266e-13,2.4420559908e-15
2513,0,0,2513,2.2320987138203e-11,1.104312404681e-05,-2.1740600031972e-13,2.436527415584e-15
2514,0,0,2514,2.2318556135936e-11,1.1044322723886e-05,-2.1696055066775e-13,2.4310022663789e-15
2515,0,0,2515,2.2316130655402e-11,1.1045518939895e-05,-2.1651509769593e-13,2.4254805343184e-15
2516,0,0,2516,2.2313710693191e-11,1.104671269482e-05,-2.1606964141256e-13,2.4199622105715e-15
2517,0,0,2517,2.2311296245905e-11,1.1047903988642e-05,-2.1562418182652e-13,2.414447286301e-15
2518,0,0,2518,2.2308887310152e-11,1.1049092821343e-05,-2.151787189464e-13,2.4089357526924e-15
2519,0,0,2519,2.2306483882551e-11,1.1050279192906e-05,-2.1473325278078e-13,2.4034276009439e-15
2520,0,0,2520,2.2304085959729e-11,1.1051463103311e-05,-2.1428778333824e-13,2.3979228222537e-15
2521,0,0,2521,2.2301693538321e-11,1.1052644552541e-05,-2.1384231062739e-13,2.3924214078459e-15
2522,0,0,2522,2.2299306614972e-11,1.1053823540578e-05,-2.1339683465679e-13,2.3869233489546e-15
2523,0,0,2523,2.2296925186335e-11,1.1055000067403e-05,-2.1295135543473e-13,2.3814286368133e-15
2524,0,0,2524,2.2294549249073e-11,1.1056174133e-05,-2.1250587297041e-13,2.3759372626883e-15
2525,0,0,2525,2.2292178799855e-11,1.1057345737349e-05,-2.120603872718e-13,2.3704492178393e-15
2526,0,0,2526,2.2289813835361e-11,1.1058514880434e-05,-2.1161489834748e-13,2.3649644935485e-15
2527,0,0,2527,2.228745435228e-11,1.1059681562236e-05,-2.1116940620605e-13,2.3594830811047e-15
2528,0,0,2528,2.2285100347308e-11,1.1060845782738e-05,-2.1072391085608e-13,2.3540049718129e-15
2529,0,0,2529,2.2282751817151e-11,1.1062007541922e-05,-2.1027841230616e-13,2.3485301569875e-15
2530,0,0,2530,2.2280408758524e-11,1.1063166839771e-05,-2.0983291056427e-13,2.3430586279594e-15
2531,0,0,2531,2.2278071168147e-11,1.1064323676266e-05,-2.093874056396e-13,2.3375903760561e-15
2532,0,0,2532,2.2275739042755e-11,1.1065478051391e-05,-2.0894189753982e-13,2.3321253926407e-15
2533,0,0,2533,2.2273412379086e-11,1.1066629965127e-05,-2.0849638627382e-13,2.3266636690632e-15
2534,0,0,2534,2.2271091173889e-11,1.1067779417458e-05,-2.0805087185018e-13,2.3212051967063e-15
2535,0,0,2535,2.2268775423922e-11,1.1068926408365e-05,-2.0760535427689e-13,2.3157499669555e-15
2536,0,0,2536,2.2266465125951e-11,1.1070070937832e-05,-2.0715983356251e-13,2.3102979711998e-15
2537,0,0,2537,2.226416027675e-11,1.1071213005842e-05,-2.0671430971565e-13,2.3048492008539e-15
2538,0,0,2538,2.2261860873103e-11,1.1072352612376e-05,-2.0626878274458e-13,2.2994036473359e-15
2539,0,0,2539,2.2259566911801e-11,1.1073489757419e-05,-2.0582325265726e-13,2.2939613020767e-15
2540,0,0,2540,2.2257278389644e-11,1.1074624440952e-05,-2.053777194626e-13,2.2885221565234e-15
2541,0,0,2541,2.2254995303442e-11,1.1075756662958e-05,-2.0493218316887e-13,2.2830862021262e-15
2542,0,0,2542,2.2252717650012e-11,1.1076886423421e-05,-2.0448664378374e-13,2.2776534303516e-15
2543,0,0,2543,2.2250445426179e-11,1.1078013722323e-05,-2.0404110131702e-13,2.2722238326791e-15
2544,0,0,2544,2.2248178628778e-11,1.1079138559648e-05,-2.0359555577514e-13,2.2667974005913e-15
2545,0,0,2545,2.2245917254653e-11,1.1080260935378e-05,-2.0315000716762e-13,2.2613741255966e-15
2546,0,0,2546,2.2243661300654e-11,1.1081380849497e-05,-2.0270445550274e-13,2.2559539992035e-15
2547,0,0,2547,2.2241410763641e-11,1.1082498301988e-05,-2.0225890078815e-13,2.250537012927e-15
2548,0,0,2548,2.2239165640482e-11,1.1083613292833e-05,-2.0181334303245e-13,2.2451231583142e-15
2549,0,0,2549,2.2236925928055e-11,1.1084725822017e-05,-2.0136778224421e-13,2.2397124268931e-15
2550,0,0,2550,2.2234691623245e-11,1.1085835889522e-05,-2.0092221843111e-13,2.2343048102368e-15
2551,0,0,2551,2.2232462722945e-11,1.1086943495332e-05,-2.0047665160173e-13,2.2289002998956e-15
2552,0,0,2552,2.2230239224058e-11,1.108804863943e-05,-2.0003108176435e-13,2.2234988874622e-15
2553,0,0,2553,2.2228021123493e-11,1.10891513218e-05,-1.9958550892695e-13,2.2181005645193e-15
2554,0,0,2554,2.2225808418171e-11,1.1090251542425e-05,-1.9913993309748e-13,2.2127053226627e-15
2555,0,0,2555,2.2223601105017e-11,1.1091349301288e-05,-1.9869435428486e-13,2.2073131535106e-15
2556,0,0,2556,2.2221399180968e-11,1.1092444598374e-05,-1.9824877249673e-13,2.2019240486781e-15
2557,0,0,2557,2.2219202642969e-11,1.1093537433665e-05,-1.9780318774139e-13,2.1965379998063e-15
2558,0,0,2558,2.221701148797e-11,1.1094627807146e-05,-1.9735760002711e-13,2.1911549985295e-15
2559,0,0,2559,2.2214825712934e-11,1.10957157188e-05,-1.9691200936185e-13,2.1857750365082e-15
2560,0,0,2560,2.2212645314828e-11,1.1096801168611e-05,-1.9646641575391e-13,2.1803981054059e-15
2561,0,0,2561,2.2210470290631e-11,1.1097884156562e-05,-1.9602081921126e-13,2.1750241968959e-15
2562,0,0,2562,2.2208300637329e-11,1.1098964682638e-05,-1.9557521974216e-13,2.1696533026741e-15
2563,0,0,2563,2.2206136351914e-11,1.1100042746822e-05,-1.951296173546e-13,2.1642854144233e-15
2564,0,0,2564,2.220397743139e-11,1.1101118349099e-05,-1.9468401205655e-13,2.1589205238622e-15
2565,0,0,2565,2.2201823872768e-11,1.1102191489452e-05,-1.9423840385658e-13,2.1535586227092e-15
2566,0,0,2566,2.2199675673065e-11,1.1103262167865e-05,-1.9379279276207e-13,2.148199702686e-15
2567,0,0,2567,2.2197532829309e-11,1.1104330384322e-05,-1.9334717878191e-13,2.1428437555403e-15
2568,0,0,2568,2.2195395338536e-11,1.1105396138808e-05,-1.9290156192344e-13,2.1374907730131e-15
2569,0,0,2569,2.219326319779e-11,1.1106459431306e-05,-1.9245594219465e-13,2.1321407468779e-15
2570,0,0,2570,2.2191136404121e-11,1.1107520261801e-05,-1.9201031960443e-13,2.1267936688952e-15
2571,0,0,2571,2.218901495459e-11,1.1108578630277e-05,-1.9156469415982e-13,2.1214495308481e-15
2572,0,0,2572,2.2186898846265e-11,1.1109634536718e-05,-1.9111906586912e-13,2.1161083245358e-15
2573,0,0,2573,2.2184788076223e-11,1.1110687981109e-05,-1.906734347412e-13,2.1107700417481e-15
2574,0,0,2574,2.2182682641549e-11,1.1111738963434e-05,-1.9022780078252e-13,2.1054346743099e-15
2575,0,0,2575,2.2180582539335e-11,1.1112787483677e-05,-1.8978216400226e-13,2.1001022140368e-15
2576,0,0,2576,2.2178487766682e-11,1.1113833541823e-05,-1.8933652440779e-13,2.0947726527603e-15
2577,0,0,2577,2.21763983207e-11,1.1114877137856e-05,-1.8889088200708e-13,2.0894459823346e-15
2578,0,0,2578,2.2174314198505e-11,1.1115918271761e-05,-1.8844523680871e-13,2.0841221945979e-15
2579,0,0,2579,2.2172235397224e-11,1.1116956943523e-05,-1.8799958881974e-13,2.0788012814268e-15
2580,0,0,2580,2.2170161913989e-11,1.1117993153125e-05,-1.8755393804876e-13,2.0734832346886e-15
2581,0,0,2581,2.2168093745943e-11,1.1119026900553e-05,-1.8710828450342e-13,2.0681680462698e-15
2582,0,0,2582,2.2166030890235e-11,1.1120058185792e-05,-1.8666262819109e-13,2.0628557080569e-15
2583,0,0,2583,2.2163973344023e-11,1.1121087008826e-05,-1.8621696912097e-13,2.0575462119655e-15
2584,0,0,2584,2.2161921104473e-11,1.112211336964e-05,-1.857713072998e-13,2.0522395498982e-15
2585,0,0,2585,2.2159874168759e-11,1.1123137268218e-05,-1.8532564273586e-13,2.0469357137901e-15
2586,0,0,2586,2.2157832534064e-11,1.1124158704547e-05,-1.8487997543712e-13,2.0416346955665e-15
2587,0,0,2587,2.2155796197577e-11,1.112517767861e-05,-1.8443430541125e-13,2.0363364871753e-15
2588,0,0,2588,2.2153765156496e-11,1.1126194190392e-05,-1.8398863266623e-13,2.0310410805643e-15
2589,0,0,2589,2.2151739408028e-11,1.112720823988e-05,-1.8354295720971e-13,2.0257484677042e-15
2590,0,0,2590,2.2149718949388e-11,1.1128219827057e-05,-1.8309727904967e-13,2.0204586405622e-15
2591,0,0,2591,2.2147703777797e-11,1.1129228951909e-05,-1.8265159819377e-13,2.0151715911249e-15
2592,0,0,2592,2.2145693890485e-11,1.1130235614421e-05,-1.822059146503e-13,2.0098873113825e-15
2593,0,0,2593,2.2143689284692e-11,1.1131239814578e-05,-1.817602284263e-13,2.004605793344e-15
2594,0,0,2594,2.2141689957663e-11,1.1132241552365e-05,-1.8131453953037e-13,1.9993270290092e-15
2595,0,0,2595,2.2139695906653e-11,1.1133240827768e-05,-1.8086884796955e-13,1.9940510104068e-15
2596,0,0,2596,2.2137707128923e-11,1.1134237640772e-05,-1.8042315375213e-13,1.9887777295718e-15
2597,0,0,2597,2.2135723621744e-11,1.1135231991363e-05,-1.7997745688545e-13,1.9835071785395e-15
2598,0,0,2598,2.2133745382395e-11,1.1136223879525e-05,-1.795317573775e-13,1.9782393493579e-15
2599,0,0,2599,2.2131772408161e-11,1.1137213305245e-05,-1.7908605523655e-13,1.9729742340945e-15
2600,0,0,2600,2.2129804696336e-11,1.1138200268507e-05,-1.7864035046905e-13,1.9677118248103e-15
2601,0,0,2601,2.2127842244223e-11,1.1139184769297e-05,-1.7819464308388e-13,1.9624521135922e-15
2602,0,0,2602,2.212588504913e-11,1.1140166807602e-05,-1.777489330884e-13,1.9571950925237e-15
2603,0,0,2603,2.2123933108376e-11,1.1141146383406e-05,-1.7730322048967e-13,1.9519407537015e-15
2604,0,0,2604,2.2121986419287e-11,1.1142123496695e-05,-1.7685750529688e-13,1.946689089235e-15
2605,0,0,2605,2.2120044979196e-11,1.1143098147454e-05,-1.7641178751587e-13,1.9414400912401e-15
2606,0,0,2606,2.2118108785444e-11,1.1144070335671e-05,-1.7596606715582e-13,1.9361937518425e-15
2607,0,0,2607,2.2116177835381e-11,1.1145040061329e-05,-1.755203442238e-13,1.930950063171e-15
2608,0,0,2608,2.2114252126363e-11,1.1146007324416e-05,-1.7507461872715e-13,1.9257090173803e-15
2609,0,0,2609,2.2112331655757e-11,1.1146972124917e-05,-1.7462889067386e-13,1.9204706066155e-15
2610,0,0,2610,2.2110416420934e-11,1.1147934462818e-05,-1.741831600722e-13,1.9152348230441e-15
2611,0,0,2611,2.2108506419275e-11,1.1148894338105e-05,-1.7373742692831e-13,1.9100016588339e-15
2612,0,0,2612,2.2106601648169e-11,1.1149851750764e-05,-1.7329169125107e-13,1.9047711061654e-15
2613,0,0,2613,2.2104702105012e-11,1.1150806700781e-05,-1.7284595304754e-13,1.899543157232e-15
2614,0,0,2614,2.2102807787207e-11,1.1151759188142e-05,-1.7240021232569e-13,1.8943178042304e-15
2615,0,0,2615,2.2100918692168e-11,1.1152709212833e-05,-1.7195446909258e-13,1.8890950393639e-15
2616,0,0,2616,2.2099034817313e-11,1.115365677484e-05,-1.7150872335648e-13,1.8838748548583e-15
2617,0,0,2617,2.209715616007e-11,1.115460187415e-05,-1.7106297512413e-13,1.8786572429328e-15
2618,0,0,2618,2.2095282717874e-11,1.1155544510749e-05,-1.7061722440352e-13,1.8734421958262e-15
2619,0,0,2619,2.2093414488169e-11,1.1156484684623e-05,-1.7017147120292e-13,1.868229705774e-15
2620,0,0,2620,2.2091551468404e-11,1.1157422395759e-05,-1.6972571552846e-13,1.8630197650408e-15
2621,0,0,2621,2.2089693656038e-11,1.1158357644142e-05,-1.6927995738872e-13,1.8578123658781e-15
2622,0,0,2622,2.2087841048537e-11,1.115929042976e-05,-1.6883419679077e-13,1.8526075005603e-15
2623,0,0,2623,2.2085993643376e-11,1.1160220752598e-05,-1.6838843374226e-13,1.8474051613616e-15
2624,0,0,2624,2.2084151438035e-11,1.1161148612644e-05,-1.6794266825087e-13,1.8422053405789e-15
2625,0,0,2625,2.2082314430005e-11,1.1162074009883e-05,-1.6749690032394e-13,1.8370080304994e-15
2626,0,0,2626,2.2080482616781e-11,1.1162996944303e-05,-1.6705112996915e-13,1.8318132234329e-15
2627,0,0,2627,2.207865599587e-11,1.116391741589e-05,-1.6660535719324e-13,1.8266209116924e-15
2628,0,0,2628,2.2076834564782e-11,1.116483542463e-05,-1.661595820048e-13,1.8214310875942e-15
2629,0,0,2629,2.2075018321038e-11,1.1165750970511e-05,-1.6571380441088e-13,1.8162437434804e-15
2630,0,0,2630,2.2073207262167e-11,1.1166664053518e-05,-1.6526802441822e-13,1.8110588716835e-15
2631,0,0,2631,2.2071401385702e-11,1.116757467364e-05,-1.6482224203511e-13,1.805876464552e-15
2632,0,0,2632,2.2069600689188e-11,1.1168482830863e-05,-1.643764572689e-13,1.8006965144377e-15
2633,0,0,2633,2.2067805170174e-11,1.1169388525173e-05,-1.6393067012695e-13,1.7955190137182e-15
2634,0,0,2634,2.2066014826219e-11,1.1170291756557e-05,-1.6348488061632e-13,1.7903439547584e-15
2635,0,0,2635,2.2064229654889e-11,1.1171192525004e-05,-1.6303908874528e-13,1.7851713299359e-15
2636,0,0,2636,2.2062449653758e-11,1.1172090830498e-05,-1.6259329451997e-13,1.7800011316542e-15
2637,0,0,2637,2.2060674820405e-11,1.1172986673028e-05,-1.6214749794897e-13,1.7748333522974e-15
2638,0,0,2638,2.2058905152421e-11,1.1173880052581e-05,-1.6170169903902e-13,1.7696679842819e-15
2639,0,0,2639,2.2057140647401e-11,1.1174770969143e-05,-1.612558977978e-13,1.7645050200177e-15
2640,0,0,2640,2.2055381302949e-11,1.1175659422703e-05,-1.6081009423267e-13,1.7593444519375e-15
2641,0,0,2641,2.2053627116677e-11,1.1176545413246e-05,-1.6036428835066e-13,1.7541862724576e-15
2642,0,0,2642,2.2051878086203e-11,1.1177428940761e-05,-1.5991848015976e-13,1.7490304740332e-15
2643,0,0,2643,2.2050134209154e-11,1.1178310005234e-05,-1.5947266966672e-13,1.7438770491067e-15
2644,0,0,2644,2.2048395483163e-11,1.1179188606653e-05,-1.5902685687889e-13,1.73872599013e-15
2645,0,0,2645,2.2046661905874e-11,1.1180064745006e-05,-1.5858104180424e-13,1.7335772895712e-15
2646,0,0,2646,2.2044933474934e-11,1.1180938420279e-05,-1.5813522444952e-13,1.7284309399082e-15
2647,0,0,2647,2.2043210188e-11,1.118180963246e-05,-1.5768940482209e-13,1.7232869336123e-15
2648,0,0,2648,2.2041492042737e-11,1.1182678381537e-05,-1.5724358292961e-13,1.7181452631775e-15
2649,0,0,2649,2.2039779036816e-11,1.1183544667497e-05,-1.5679775877914e-13,1.7130059211011e-15
2650,0,0,2650,2.2038071167916e-11,1.1184408490328e-05,-1.5635193237773e-13,1.7078688998867e-15
2651,0,0,2651,2.2036368433724e-11,1.1185269850017e-05,-1.5590610373305e-13,1.7027341920476e-15
2652,0,0,2652,2.2034670831934e-11,1.1186128746552e-05,-1.5546027285244e-13,1.6976017901005e-15
2653,0,0,2653,2.2032978360247e-11,1.1186985179921e-05,-1.5501443974298e-13,1.6924716865814e-15
2654,0,0,2654,2.2031291016373e-11,1.1187839150111e-05,-1.545686044117e-13,1.6873438740166e-15
2655,0,0,2655,2.2029608798028e-11,1.118869065711e-05,-1.5412276686628e-13,1.6822183449645e-15
2656,0,0,2656,2.2027931702937e-11,1.1189539700907e-05,-1.5367692711376e-13,1.6770950919646e-15
2657,0,0,2657,2.2026259728829e-11,1.1190386281488e-05,-1.5323108516151e-13,1.6719741075786e-15
2658,0,0,2658,2.2024592873445e-11,1.1191230398841e-05,-1.5278524101658e-13,1.6668553843845e-15
2659,0,0,2659,2.202293113453e-11,1.1192072052956e-05,-1.5233939468632e-13,1.6617389149441e-15
2660,0,0,2660,2.2021274509838e-11,1.1192911243819e-05,-1.5189354617749e-13,1.6566246918484e-15
2661,0,0,2661,2.201962299713e-11,1.1193747971418e-05,-1.5144769549866e-13,1.6515127076851e-15
2662,0,0,2662,2.2017976594175e-11,1.1194582235742e-05,-1.5100184265506e-13,1.6464029550579e-15
2663,0,0,2663,2.2016335298748e-11,1.1195414036779e-05,-1.5055598765557e-13,1.6412954265644e-15
2664,0,0,2664,2.2014699108634e-11,1.1196243374516e-05,-1.5011013050663e-13,1.6361901148243e-15
2665,0,0,2665,2.2013068021621e-11,1.1197070248943e-05,-1.4966427121529e-13,1.6310870124611e-15
2666,0,0,2666,2.2011442035509e-11,1.1197894660047e-05,-1.4921840978892e-13,1.6259861120979e-15
2667,0,0,2667,2.2009821148103e-11,1.1198716607816e-05,-1.4877254623488e-13,1.6208874063709e-15
2668,0,0,2668,2.2008205357215e-11,1.1199536092239e-05,-1.483266805602e-13,1.6157908879292e-15
2669,0,0,2669,2.2006594660665e-11,1.1200353113304e-05,-1.4788081277196e-13,1.6106965494218e-15
2670,0,0,2670,2.2004989056282e-11,1.1201167671e-05,-1.4743494287719e-13,1.6056043835042e-15
2671,0,0,2671,2.2003388541899e-11,1.1201979765314e-05,-1.4698907088327e-13,1.600514382845e-15
2672,0,0,2672,2.2001793115359e-11,1.1202789396235e-05,-1.4654319679692e-13,1.5954265401223e-15
2673,0,0,2673,2.2000202774511e-11,1.1203596563753e-05,-1.4609732062614e-13,1.5903408480079e-15
2674,0,0,2674,2.1998617517212e-11,1.1204401267854e-05,-1.4565144237674e-13,1.5852572991991e-15
2675,0,0,2675,2.1997037341325e-11,1.1205203508529e-05,-1.452055620573e-13,1.580175886384e-15
2676,0,0,2676,2.1995462244723e-11,1.1206003285764e-05,-1.4475967967336e-13,1.5750966022697e-15
2677,0,0,2677,2.1993892225283e-11,1.120680059955e-05,-1.4431379523349e-13,1.5700194395635e-15
2678,0,0,2678,2.1992327280892e-11,1.1207595449875e-05,-1.4386790874382e-13,1.5649443909855e-15
2679,0,0,2679,2.1990767409443e-11,1.1208387836727e-05,-1.4342202021172e-13,1.5598714492591e-15
2680,0,0,2680,2.1989212608836e-11,1.1209177760095e-05,-1.4297612964392e-13,1.5548006071175e-15
2681,0,0,2681,2.1987662876979e-11,1.1209965219968e-05,-1.4253023704842e-13,1.5497318572937e-15
2682,0,0,2682,2.1986118211786e-11,1.1210750216335e-05,-1.4208434243102e-13,1.5446651925402e-15
2683,0,0,2683,2.1984578611181e-11,1.1211532749185e-05,-1.416384457997e-13,1.5396006056063e-15
2684,0,0,2684,2.1983044073091e-11,1.1212312818506e-05,-1.4119254716151e-13,1.534538089254e-15
2685,0,0,2685,2.1981514595455e-11,1.1213090424288e-05,-1.4074664652259e-13,1.5294776362521e-15
2686,0,0,2686,2.1979990176216e-11,1.1213865566519e-05,-1.403007438906e-13,1.5244192393659e-15
2687,0,0,2687,2.1978470813324e-11,1.1214638245189e-05,-1.3985483927321e-13,1.5193628913835e-15
2688,0,0,2688,2.1976956504739e-11,1.1215408460287e-05,-1.3940893267593e-13,1.5143085850961e-15
2689,0,0,2689,2.1975447248426e-11,1.1216176211802e-05,-1.3896302410675e-13,1.5092563132917e-15
2690,0,0,2690,2.1973943042357e-11,1.1216941499722e-05,-1.385171135727e-13,1.5042060687745e-15
2691,0,0,2691,2.1972443884513e-11,1.1217704324037e-05,-1.3807120108054e-13,1.4991578443551e-15
2692,0,0,2692,2.197094977288e-11,1.1218464684737e-05,-1.3762528663702e-13,1.4941116328443e-15
2693,0,0,2693,2.1969460705453e-11,1.121922258181e-05,-1.3717937024979e-13,1.4890674270719e-15
2694,0,0,2694,2.1967976680233e-11,1.1219978015246e-05,-1.3673345192468e-13,1.4840252198584e-15
2695,0,0,2695,2.1966497695229e-11,1.1220730985034e-05,-1.3628753167029e-13,1.4789850040467e-15
2696,0,0,2696,2.1965023748457e-11,1.1221481491164e-05,-1.3584160949182e-13,1.4739467724764e-15
2697,0,0,2697,2.1963554837939e-11,1.1222229533625e-05,-1.3539568539785e-13,1.4689105179971e-15
2698,0,0,2698,2.1962090961705e-11,1.1222975112406e-05,-1.3494975939392e-13,1.4638762334645e-15
2699,0,0,2699,2.1960632117793e-11,1.1223718227497e-05,-1.3450383148767e-13,1.4588439117411e-15
2700,0,0,2700,2.1959178304248e-11,1.1224458878888e-05,-1.3405790168617e-13,1.4538135456988e-15
2701,0,0,2701,2.1957729519119e-11,1.1225197066567e-05,-1.3361196999586e-13,1.4487851282129e-15
2702,0,0,2702,2.1956285760467e-11,1.1225932790525e-05,-1.3316603642439e-13,1.443758652162e-15
2703,0,0,2703,2.1954847026357e-11,1.1226666050752e-05,-1.327201009776e-13,1.4387341104373e-15
2704,0,0,2704,2.1953413314861e-11,1.1227396847236e-05,-1.3227416366346e-13,1.4337114959401e-15
2705,0,0,2705,2.1951984624059e-11,1.1228125179968e-05,-1.318282244881e-13,1.4286908015617e-15
2706,0,0,2706,2.1950560952039e-11,1.1228851048937e-05,-1.3138228345888e-13,1.4236720202195e-15
2707,0,0,2707,2.1949142296894e-11,1.1229574454134e-05,-1.3093634058224e-13,1.4186551448274e-15
2708,0,0,2708,2.1947728656726e-11,1.1230295395548e-05,-1.3049039586584e-13,1.4136401683027e-15
2709,0,0,2709,2.1946320029642e-11,1.1231013873168e-05,-1.3004444931582e-13,1.4086270835788e-15
2710,0,0,2710,2.1944916413759e-11,1.1231729886986e-05,-1.2959850093892e-13,1.403615883586e-15
2711,0,0,2711,2.1943517807198e-11,1.123244343699e-05,-1.2915255074282e-13,1.398606561264e-15
2712,0,0,2712,2.1942124208088e-11,1.123315452317e-05,-1.2870659873363e-13,1.3935991095626e-15
2713,0,0,2713,2.1940735614567e-11,1.1233863145518e-05,-1.2826064491872e-13,1.3885935214377e-15
2714,0,0,2714,2.1939352024777e-11,1.1234569304023e-05,-1.2781468930453e-13,1.3835897898421e-15
2715,0,0,2715,2.1937973436869e-11,1.1235272998674e-05,-1.273687318978e-13,1.3785879077481e-15
2716,0,0,2716,2.1936599849001e-11,1.1235974229462e-05,-1.2692277270621e-13,1.3735878681213e-15
2717,0,0,2717,2.1935231259337e-11,1.1236672996378e-05,-1.2647681173557e-13,1.3685896639469e-15
2718,0,0,2718,2.1933867666049e-11,1.1237369299411e-05,-1.2603084899325e-13,1.3635932882068e-15
2719,0,0,2719,2.1932509067315e-11,1.1238063138552e-05,-1.2558488448568e-13,1.3585987338861e-15
2720,0,0,2720,2.1931155461321e-11,1.1238754513791e-05,-1.2513891822023e-13,1.3536059939925e-15
2721,0,0,2721,2.1929806846259e-11,1.1239443425118e-05,-1.2469295020302e-13,1.3486150615144e-15
2722,0,0,2722,2.192846322033e-11,1.1240129872524e-05,-1.2424698044142e-13,1.3436259294757e-15
2723,0,0,2723,2.1927124581739e-11,1.1240813855998e-05,-1.2380100894186e-13,1.3386385908809e-15
2724,0,0,2724,2.19257909287e-11,1.1241495375533e-05,-1.233550357117e-13,1.3336530387571e-15
2725,0,0,2725,2.1924462259434e-11,1.1242174431117e-05,-1.2290906075647e-13,1.3286692661282e-15
2726,0,0,2726,2.1923138572168e-11,1.1242851022742e-05,-1.2246308408413e-13,1.3236872660246e-15
2727,0,0,2727,2.1921819865137e-11,1.1243525150398e-05,-1.2201710570143e-13,1.3187070314927e-15
2728,0,0,2728,2.1920506136581e-11,1.1244196814075e-05,-1.2157112561389e-13,1.3137285555695e-15
2729,0,0,2729,2.191919738475e-11,1.1244866013765e-05,-1.211251438298e-13,1.3087518313078e-15
2730,0,0,2730,2.1917893607898e-11,1.1245532749457e-05,-1.2067916035496e-13,1.3037768517736e-15
2731,0,0,2731,2.1916594804288e-11,1.1246197021143e-05,-1.2023317519614e-13,1.2988036100134e-15
2732,0,0,2732,2.1915300972189e-11,1.1246858828814e-05,-1.1978718836068e-13,1.2938320991028e-15
2733,0,0,2733,2.1914012109877e-11,1.1247518172459e-05,-1.1934119985442e-13,1.2888623121238e-15
2734,0,0,2734,2.1912728215635e-11,1.1248175052071e-05,-1.1889520968533e-13,1.2838942421424e-15
2735,0,0,2735,2.1911449287752e-11,1.1248829467639e-05,-1.1844921785862e-13,1.2789278822534e-15
2736,0,0,2736,2.1910175324527e-11,1.1249481419155e-05,-1.1800322438195e-13,1.2739632255456e-15
2737,0,0,2737,2.1908906324262e-11,1.125013090661e-05,-1.1755722926208e-13,1.2690002651169e-15
2738,0,0,2738,2.1907642285268e-11,1.1250777929994e-05,-1.1711123250513e-13,1.2640389940657e-15
2739,0,0,2739,2.1906383205862e-11,1.1251422489298e-05,-1.1666523411816e-13,1.2590794055096e-15
2740,0,0,2740,2.190512908437e-11,1.1252064584514e-05,-1.1621923410791e-13,1.25412149255e-15
2741,0,0,2741,2.1903879919121e-11,1.1252704215633e-05,-1.1577323248112e-13,1.2491652483174e-15
2742,0,0,2742,2.1902635708455e-11,1.1253341382645e-05,-1.1532722924394e-13,1.2442106659295e-15
2743,0,0,2743,2.1901396450717e-11,1.1253976085543e-05,-1.1488122440341e-13,1.2392577385263e-15
2744,0,0,2744,2.1900162144258e-11,1.1254608324316e-05,-1.1443521796659e-13,1.2343064592353e-15
2745,0,0,2745,2.1898932787436e-11,1.1255238098956e-05,-1.139892099393e-13,1.2293568211999e-15
2746,0,0,2746,2.1897708378619e-11,1.1255865409456e-05,-1.135432003289e-13,1.22440881757e-15
2747,0,0,2747,2.1896488916177e-11,1.1256490255804e-05,-1.1309718914152e-13,1.2194624414955e-15
2748,0,0,2748,2.1895274398491e-11,1.1257112637994e-05,-1.1265117638452e-13,1.2145176861425e-15
2749,0,0,2749,2.1894064823946e-11,1.1257732556017e-05,-1.1220516206342e-13,1.2095745446608e-15
2750,0,0,2750,2.1892860190936e-11,1.1258350009863e-05,-1.1175914618559e-13,1.2046330102295e-15
2751,0,0,2751,2.189166049786e-11,1.1258964999525e-05,-1.1131312875806e-13,1.1996930760244e-15
2752,0,0,2752,2.1890465743125e-11,1.1259577524993e-05,-1.1086710978668e-13,1.1947547352146e-15
2753,0,0,2753,2.1889275925144e-11,1.126018758626e-05,-1.1042108927818e-13,1.1898179809955e-15
2754,0,0,2754,2.1888091042337e-11,1.1260795183317e-05,-1.0997506723961e-13,1.1848828065556e-15
2755,0,0,2755,2.1886911093132e-11,1.1261400316155e-05,-1.0952904367681e-13,1.1799492050836e-15
2756,0,0,2756,2.1885736075963e-11,1.1262002984766e-05,-1.0908301859744e-13,1.1750171697877e-15
2757,0,0,2757,2.1884565989269e-11,1.1262603189141e-05,-1.0863699200701e-13,1.1700866938726e-15
2758,0,0,2758,2.1883400831498e-11,1.1263200929273e-05,-1.0819096391289e-13,1.1651577705433e-15
2759,0,0,2759,2.1882240601105e-11,1.1263796205154e-05,-1.0774493432152e-13,1.1602303930303e-15
2760,0,0,2760,2.1881085296551e-11,1.1264389016774e-05,-1.0729890323902e-13,1.1553045545385e-15
2761,0,0,2761,2.1879934916302e-11,1.1264979364126e-05,-1.0685287067246e-13,1.1503802483051e-15
2762,0,0,2762,2.1878789458835e-11,1.1265567247201e-05,-1.0640683662826e-13,1.1454574675576e-15
2763,0,0,2763,2.1877648922629e-11,1.1266152665991e-05,-1.0596080111288e-13,1.1405362055363e-15
2764,0,0,2764,2.1876513306174e-11,1.1266735620489e-05,-1.0551476413304e-13,1.1356164554784e-15
2765,0,0,2765,2.1875382607963e-11,1.1267316110687e-05,-1.050687256949e-13,1.1306982106371e-15
2766,0,0,2766,2.1874256826499e-11,1.1267894136575e-05,-1.046226858058e-13,1.1257814642594e-15
2767,0,0,2767,2.1873135960289e-11,1.1268469698147e-05,-1.0417664447157e-13,1.1208662096017e-15
2768,0,0,2768,2.1872020007849e-11,1.1269042795394e-05,-1.0373060169896e-13,1.1159524399271e-15
2769,0,0,2769,2.1870908967701e-11,1.1269613428308e-05,-1.0328455749441e-13,1.1110401485083e-15
2770,0,0,2770,2.1869802838372e-11,1.1270181596882e-05,-1.0283851186466e-13,1.1061293286082e-15
2771,0,0,2771,2.1868701618399e-11,1.1270747301107e-05,-1.0239246481646e-13,1.1012199735093e-15
2772,0,0,2772,2.1867605306322e-11,1.1271310540977e-05,-1.0194641635563e-13,1.0963120764875e-15
2773,0,0,2773,2.1866513900691e-11,1.1271871316482e-05,-1.0150036648923e-13,1.0914056308349e-15
2774,0,0,2774,2.1865427400061e-11,1.1272429627616e-05,-1.0105431522339e-13,1.0865006298402e-15
2775,0,0,2775,2.1864345802995e-11,1.1272985474371e-05,-1.0060826256486e-13,1.0815970667989e-15
2776,0,0,2776,2.186326910806e-11,1.1273538856738e-05,-1.0016220852037e-13,1.0766949350159e-15
2777,0,0,2777,2.1862197313832e-11,1.1274089774711e-05,-9.9716153096071e-14,1.0717942277866e-15
2778,0,0,2778,2.1861130418893e-11,1.1274638228282e-05,-9.9270096298392e-14,1.0668949384321e-15
2779,0,0,2779,2.1860068421833e-11,1.1275184217443e-05,-9.8824038133774e-14,1.0619970602639e-15
2780,0,0,2780,2.1859011321247e-11,1.1275727742186e-05,-9.8377978609271e-14,1.0571005865966e-15
2781,0,0,2781,2.1857959115736e-11,1.1276268802505e-05,-9.7931917731014e-14,1.0522055107612e-15
2782,0,0,2782,2.185691180391e-11,1.1276807398392e-05,-9.7485855505136e-14,1.0473118260852e-15
2783,0,0,2783,2.1855869384384e-11,1.1277343529839e-05,-9.7039791938383e-14,1.0424195258996e-15
2784,0,0,2784,2.185483185578e-11,1.1277877196839e-05,-9.6593727037194e-14,1.0375286035416e-15
2785,0,0,2785,2.1853799216728e-11,1.1278408399385e-05,-9.6147660808315e-14,1.0326390523583e-15
2786,0,0,2786,2.1852771465862e-11,1.127893713747e-05,-9.5701593257877e-14,1.0277508656933e-15
2787,0,0,2787,2.1851748601825e-11,1.1279463411085e-05,-9.5255524392322e-14,1.0228640369036e-15
2788,0,0,2788,2.1850730623266e-11,1.1279987220224e-05,-9.4809454218393e-14,1.0179785593359e-15
2789,0,0,2789,2.184971752884e-11,1.128050856488e-05,-9.4363382741918e-14,1.0130944263569e-15
2790,0,0,2790,2.1848709317208e-11,1.1281027445046e-05,-9.3917309969948e-14,1.0082116313359e-15
2791,0,0,2791,2.1847705987041e-11,1.1281543860714e-05,-9.3471235908616e-14,1.0033301676332e-15
2792,0,0,2792,2.1846707537012e-11,1.1282057811877e-05,-9.3025160564361e-14,9.9845002863104e-16
2793,0,0,2793,2.1845713965804e-11,1.1282569298529e-05,-9.2579083943929e-14,9.9357120770246e-16
2794,0,0,2794,2.1844725272106e-11,1.1283078320662e-05,-9.2133006053452e-14,9.8869369822996e-16
2795,0,0,2795,2.1843741454613e-11,1.1283584878269e-05,-9.1686926899063e-14,9.8381749360256e-16
2796,0,0,2796,2.1842762512025e-11,1.1284088971344e-05,-9.1240846487815e-14,9.7894258721575e-16
2797,0,0,2797,2.1841788443053e-11,1.1284590599879e-05,-9.0794764825226e-14,9.7406897245854e-16
2798,0,0,2798,2.184081924641e-11,1.1285089763867e-05,-9.0348681918963e-14,9.6919664273288e-16
2799,0,0,2799,2.1839854920819e-11,1.1285586463302e-05,-8.9902597774237e-14,9.643255914407e-16
2800,0,0,2800,2.1838895465007e-11,1.1286080698177e-05,-8.9456512397795e-14,9.5945581199688e-16
2801,0,0,2801,2.1837940877709e-11,1.1286572468486e-05,-8.9010425796382e-14,9.5458729780981e-16
2802,0,0,2802,2.1836991157667e-11,1.128706177422e-05,-8.8564337976438e-14,9.497200422976e-16
2803,0,0,2803,2.1836046303628e-11,1.1287548615375e-05,-8.8118248943482e-14,9.4485403887511e-16
2804,0,0,2804,2.1835106314347e-11,1.1288032991942e-05,-8.7672158704566e-14,9.3998928097982e-16
2805,0,0,2805,2.1834171188585e-11,1.1288514903916e-05,-8.722606726613e-14,9.3512576202662e-16
2806,0,0,2806,2.1833240925109e-11,1.128899435129e-05,-8.6779974633998e-14,9.3026347545943e-16
2807,0,0,2807,2.1832315522694e-11,1.1289471334057e-05,-8.6333880815531e-14,9.2540241470929e-16
2808,0,0,2808,2.1831394980121e-11,1.128994585221e-05,-8.5887785815635e-14,9.2054257322337e-16
2809,0,0,2809,2.1830479296177e-11,1.1290417905744e-05,-8.5441689641974e-14,9.1568394444562e-16
2810,0,0,2810,2.1829568469655e-11,1.1290887494652e-05,-8.4995592300375e-14,9.1082652181676e-16
2811,0,0,2811,2.1828662499356e-11,1.1291354618927e-05,-8.4549493797277e-14,9.0597029880334e-16
2812,0,0,2812,2.1827761384087e-11,1.1291819278563e-05,-8.4103394138506e-14,9.0111526885256e-16
2813,0,0,2813,2.1826865122662e-11,1.1292281473554e-05,-8.3657293331421e-14,8.9626142543098e-16
2814,0,0,2814,2.18259737139e-11,1.1292741203893e-05,-8.3211191381234e-14,8.9140876200193e-16
2815,0,0,2815,2.1825087156628e-11,1.1293198469574e-05,-8.2765088295305e-14,8.8655727203844e-16
2816,0,0,2816,2.1824205449679e-11,1.1293653270591e-05,-8.2318984079153e-14,8.8170694900383e-16
2817,0,0,2817,2.1823328591892e-11,1.1294105606938e-05,-8.1872878739523e-14,8.7685778638408e-16
2818,0,0,2818,2.1822456582115e-11,1.1294555478608e-05,-8.1426772282856e-14,8.7200977765543e-16
2819,0,0,2819,2.1821589419199e-11,1.1295002885595e-05,-8.0980664714975e-14,8.6716291630707e-16
2820,0,0,2820,2.1820727102003e-11,1.1295447827894e-05,-8.0534556042629e-14,8.6231719581849e-16
2821,0,0,2821,2.1819869629393e-11,1.1295890305498e-05,-8.0088446271641e-14,8.5747260968857e-16
2822,0,0,2822,2.1819017000242e-11,1.12963303184e-05,-7.9642335409065e-14,8.5262915141294e-16
2823,0,0,2823,2.1818169213427e-11,1.1296767866596e-05,-7.9196223460727e-14,8.4778681448404e-16
2824,0,0,2824,2.1817326267835e-11,1.1297202950079e-05,-7.8750110432452e-14,8.4294559241689e-16
2825,0,0,2825,2.1816488162356e-11,1.1297635568844e-05,-7.8303996331907e-14,8.3810547870713e-16
2826,0,0,2826,2.1815654895889e-11,1.1298065722883e-05,-7.7857881163996e-14,8.3326646686981e-16
2827,0,0,2827,2.1814826467339e-11,1.1298493412192e-05,-7.7411764935467e-14,8.2842855041672e-16
2828,0,0,2828,2.1814002875616e-11,1.1298918636765e-05,-7.6965647653064e-14,8.2359172286935e-16
2829,0,0,2829,2.1813184119638e-11,1.1299341396595e-05,-7.6519529322614e-14,8.1875597774598e-16
2830,0,0,2830,2.181237019833e-11,1.1299761691678e-05,-7.6073409949942e-14,8.1392130857133e-16
2831,0,0,2831,2.1811561110621e-11,1.1300179522007e-05,-7.5627289542408e-14,8.0908770887659e-16
2832,0,0,2832,2.1810756855448e-11,1.1300594887577e-05,-7.518116810553e-14,8.0425517218971e-16
2833,0,0,2833,2.1809957431756e-11,1.1301007788381e-05,-7.4735045645749e-14,7.9942369204512e-16
2834,0,0,2834,2.1809162838494e-11,1.1301418224415e-05,-7.4288922169195e-14,7.9459326198693e-16
2835,0,0,2835,2.1808373074619e-11,1.1301826195673e-05,-7.3842797682616e-14,7.8976387555279e-16
2836,0,0,2836,2.1807588139093e-11,1.130223170215e-05,-7.3396672191531e-14,7.8493552629005e-16
2837,0,0,2837,2.1806808030885e-11,1.1302634743839e-05,-7.2950545702991e-14,7.8010820774929e-16
2838,0,0,2838,2.1806032748971e-11,1.1303035320735e-05,-7.250441822221e-14,7.7528191347784e-16
2839,0,0,2839,2.1805262292334e-11,1.1303433432833e-05,-7.2058289756546e-14,7.7045663703598e-16
2840,0,0,2840,2.1804496659962e-11,1.1303829080127e-05,-7.161216031152e-14,7.6563237198397e-16
2841,0,0,2841,2.180373585085e-11,1.1304222262613e-05,-7.1166029893875e-14,7.6080911187887e-16
2842,0,0,2842,2.1802979864e-11,1.1304612980284e-05,-7.0719898509133e-14,7.5598685029062e-16
2843,0,0,2843,2.1802228698419e-11,1.1305001233136e-05,-7.0273766164345e-14,7.5116558078596e-16
2844,0,0,2844,2.1801482353122e-11,1.1305387021163e-05,-6.9827632865337e-14,7.4634529694132e-16
2845,0,0,2845,2.180074082713e-11,1.130577034436e-05,-6.9381498617934e-14,7.4152599232343e-16
2846,0,0,2846,2.180000411947e-11,1.1306151202721e-05,-6.8935363429191e-14,7.3670766052164e-16
2847,0,0,2847,2.1799272229174e-11,1.1306529596242e-05,-6.8489227304625e-14,7.3189029510914e-16
2848,0,0,2848,2.1798545155285e-11,1.1306905524918e-05,-6.8043090250982e-14,7.2707388967852e-16
2849,0,0,2849,2.1797822896847e-11,1.1307278988742e-05,-6.7596952274089e-14,7.2225843780943e-16
2850,0,0,2850,2.1797105452914e-11,1.1307649987711e-05,-6.7150813380077e-14,7.1744393310091e-16
2851,0,0,2851,2.1796392822545e-11,1.1308018521819e-05,-6.6704673576e-14,7.1263036914232e-16
2852,0,0,2852,2.1795685004805e-11,1.1308384591062e-05,-6.6258532866763e-14,7.078177395327e-16
2853,0,0,2853,2.1794981998767e-11,1.1308748195433e-05,-6.5812391259419e-14,7.0300603787432e-16
2854,0,0,2854,2.179428380351e-11,1.1309109334929e-05,-6.53662487601e-14,6.981952577727e-16
2855,0,0,2855,2.1793590418117e-11,1.1309468009545e-05,-6.4920105374939e-14,6.9338539282364e-16
2856,0,0,2856,2.179290184168e-11,1.1309824219275e-05,-6.4473961109761e-14,6.885764366488e-16
2857,0,0,2857,2.1792218073297e-11,1.1310177964114e-05,-6.4027815971313e-14,6.8376838285692e-16
2858,0,0,2858,2.1791539112072e-11,1.1310529244059e-05,-6.3581669965419e-14,6.7896122505998e-16
2859,0,0,2859,2.1790864957115e-11,1.1310878059103e-05,-6.3135523098214e-14,6.7415495688286e-16
2860,0,0,2860,2.1790195607543e-11,1.1311224409244e-05,-6.2689375376442e-14,6.6934957194076e-16
2861,0,0,2861,2.178953106248e-11,1.1311568294475e-05,-6.2243226805623e-14,6.6454506386181e-16
2862,0,0,2862,2.1788871321053e-11,1.1311909714792e-05,-6.1797077391889e-14,6.5974142627091e-16
2863,0,0,2863,2.17882163824e-11,1.131224867019e-05,-6.1350927142293e-14,6.549386527994e-16
2864,0,0,2864,2.1787566245663e-11,1.1312585160666e-05,-6.0904776061741e-14,6.5013673707864e-16
2865,0,0,2865,2.1786920909991e-11,1.1312919186214e-05,-6.0458624157592e-14,6.4533567274968e-16
2866,0,0,2866,2.1786280374537e-11,1.1313250746829e-05,-6.0012471435058e-14,6.4053545344065e-16
2867,0,0,2867,2.1785644638464e-11,1.1313579842508e-05,-5.9566317901191e-14,6.3573607280552e-16
2868,0,0,2868,2.178501370094e-11,1.1313906473246e-05,-5.9120163561205e-14,6.3093752447564e-16
2869,0,0,2869,2.1784387561138e-11,1.1314230639039e-05,-5.8674008422152e-14,6.26139802105e-16
2870,0,0,2870,2.1783766218238e-11,1.1314552339881e-05,-5.8227852489245e-14,6.2134289934109e-16
2871,0,0,2871,2.1783149671429e-11,1.1314871575769e-05,-5.7781695769535e-14,6.165468098379e-16
2872,0,0,2872,2.1782537919901e-11,1.1315188346699e-05,-5.7335538268849e-14,6.1175152724616e-16
2873,0,0,2873,2.1781930962856e-11,1.1315502652666e-05,-5.6889379992706e-14,6.0695704522631e-16
2874,0,0,2874,2.1781328799499e-11,1.1315814493666e-05,-5.6443220948466e-14,6.021633574388e-16
2875,0,0,2875,2.1780731429041e-11,1.1316123869694e-05,-5.5997061141033e-14,5.9737045754081e-16
2876,0,0,2876,2.1780138850702e-11,1.1316430780747e-05,-5.5550900577154e-14,5.9257833920249e-16
2877,0,0,2877,2.1779551063706e-11,1.131673522682e-05,-5.5104739263268e-14,5.8778699609397e-16
2878,0,0,2878,2.1778968067284e-11,1.131703720791e-05,-5.4658577205201e-14,5.829964218789e-16
2879,0,0,2879,2.1778389860674e-11,1.1317336724011e-05,-5.4212414408472e-14,5.7820661023065e-16
2880,0,0,2880,2.1777816443119e-11,1.1317633775121e-05,-5.3766250880134e-14,5.7341755482905e-16
2881,0,0,2881,2.177724781387e-11,1.1317928361235e-05,-5.3320086625705e-14,5.6862924934745e-16
2882,0,0,2882,2.1776683972182e-11,1.1318220482349e-05,-5.2873921651932e-14,5.6384168746891e-16
2883,0,0,2883,2.1776124917319e-11,1.131851013846e-05,-5.2427755964334e-14,5.5905486287649e-16
2884,0,0,2884,2.177557064855e-11,1.1318797329562e-05,-5.1981589569043e-14,5.5426876924677e-16
2885,0,0,2885,2.177502116515e-11,1.1319082055653e-05,-5.1535422472499e-14,5.4948340028219e-16
2886,0,0,2886,2.17744764664e-11,1.1319364316729e-05,-5.1089254680834e-14,5.4469874965612e-16
2887,0,0,2887,2.1773936551589e-11,1.1319644112785e-05,-5.0643086199873e-14,5.3991481107101e-16
2888,0,0,2888,2.1773401420011e-11,1.1319921443818e-05,-5.019691703575e-14,5.3513157821958e-16
2889,0,0,2889,2.1772871070966e-11,1.1320196309825e-05,-4.9750747194597e-14,5.3034904479784e-16
2890,0,0,2890,2.1772345503761e-11,1.1320468710801e-05,-4.9304576682854e-14,5.2556720450175e-16
2891,0,0,2891,2.177182471771e-11,1.1320738646743e-05,-4.8858405506345e-14,5.2078605103375e-16
2892,0,0,2892,2.1771308712132e-11,1.1321006117647e-05,-4.8412233670897e-14,5.1600557809952e-16
2893,0,0,2893,2.1770797486353e-11,1.132127112351e-05,-4.7966061182949e-14,5.1122577940474e-16
2894,0,0,2894,2.1770291039704e-11,1.1321533664328e-05,-4.7519888048633e-14,5.0644664865506e-16
2895,0,0,2895,2.1769789371525e-11,1.1321793740098e-05,-4.7073714274083e-14,5.0166817955941e-16
2896,0,0,2896,2.1769292481159e-11,1.1322051350815e-05,-4.6627539864817e-14,4.9689036583637e-16
2897,0,0,2897,2.1768800367958e-11,1.1322306496477e-05,-4.6181364827581e-14,4.9211320119161e-16
2898,0,0,2898,2.1768313031278e-11,1.132255917708e-05,-4.5735189167895e-14,4.8733667934697e-16
2899,0,0,2899,2.1767830470484e-11,1.1322809392621e-05,-4.528901289281e-14,4.8256079402105e-16
2900,0,0,2900,2.1767352684945e-11,1.1323057143096e-05,-4.4842836007233e-14,4.7778553893243e-16
2901,0,0,2901,2.1766879674038e-11,1.1323302428503e-05,-4.4396658517909e-14,4.7301090779972e-16
2902,0,0,2902,2.1766411437143e-11,1.1323545248836e-05,-4.3950480430972e-14,4.6823689435767e-16
2903,0,0,2903,2.1765947973651e-11,1.1323785604095e-05,-4.350430175194e-14,4.6346349232811e-16
2904,0,0,2904,2.1765489282955e-11,1.1324023494274e-05,-4.3058122487252e-14,4.5869069543287e-16
2905,0,0,2905,2.1765035364458e-11,1.1324258919372e-05,-4.2611942643348e-14,4.5391849741315e-16
2906,0,0,2906,2.1764586217566e-11,1.1324491879384e-05,-4.2165762225441e-14,4.4914689199726e-16
2907,0,0,2907,2.1764141841693e-11,1.1324722374308e-05,-4.1719581240275e-14,4.4437587291995e-16
2908,0,0,2908,2.1763702236259e-11,1.1324950404141e-05,-4.1273399693984e-14,4.3960543391274e-16
2909,0,0,2909,2.176326740069e-11,1.1325175968879e-05,-4.082721759178e-14,4.348355687233e-16
2910,0,0,2910,2.1762837334419e-11,1.1325399068519e-05,-4.0381034940716e-14,4.3006627108316e-16
2911,0,0,2911,2.1762412036885e-11,1.1325619703059e-05,-3.993485174631e-14,4.2529753474322e-16
2912,0,0,2912,2.1761991507531e-11,1.1325837872496e-05,-3.9488668015003e-14,4.2052935343502e-16
2913,0,0,2913,2.176157574581e-11,1.1326053576826e-05,-3.9042483752006e-14,4.1576172091914e-16
2914,0,0,2914,2.1761164751179e-11,1.1326266816047e-05,-3.8596298964372e-14,4.1099463093035e-16
2915,0,0,2915,2.1760758523102e-11,1.1326477590155e-05,-3.8150113657314e-14,4.0622807722279e-16
2916,0,0,2916,2.1760357061049e-11,1.1326685899149e-05,-3.7703927837884e-14,4.0146205354735e-16
2917,0,0,2917,2.1759960364495e-11,1.1326891743025e-05,-3.7257741511295e-14,3.9669655365819e-16
2918,0,0,2918,2.1759568432924e-11,1.132709512178e-05,-3.6811554683679e-14,3.9193157130945e-16
2919,0,0,2919,2.1759181265823e-11,1.1327296035412e-05,-3.6365367361475e-14,3.8716710025203e-16
2920,0,0,2920,2.1758798862689e-11,1.1327494483917e-05,-3.5919179550203e-14,3.8240313425299e-16
2921,0,0,2921,2.1758421223022e-11,1.1327690467295e-05,-3.5472991256302e-14,3.7763966706002e-16
2922,0,0,2922,2.175804834633e-11,1.132788398554e-05,-3.5026802485904e-14,3.7287669244341e-16
2923,0,0,2923,2.1757680232125e-11,1.1328075038652e-05,-3.4580613244835e-14,3.6811420416054e-16
2924,0,0,2924,2.1757316879929e-11,1.1328263626628e-05,-3.4134423538922e-14,3.6335219598169e-16
2925,0,0,2925,2.1756958289268e-11,1.1328449749464e-05,-3.3688233374602e-14,3.5859066166747e-16
2926,0,0,2926,2.1756604459673e-11,1.1328633407159e-05,-3.3242042757396e-14,3.5382959498172e-16
2927,0,0,2927,2.1756255390683e-11,1.1328814599709e-05,-3.279585169405e-14,3.4906898970442e-16
2928,0,0,2928,2.1755911081844e-11,1.1328993327114e-05,-3.2349660190082e-14,3.4430883959295e-16
2929,0,0,2929,2.1755571532705e-11,1.1329169589369e-05,-3.1903468251625e-14,3.3954913843052e-16
2930,0,0,2930,2.1755236742825e-11,1.1329343386474e-05,-3.1457275884505e-14,3.3478987998098e-16
2931,0,0,2931,2.1754906711767e-11,1.1329514718424e-05,-3.1011083095467e-14,3.300310580243e-16
2932,0,0,2932,2.1754581439101e-11,1.1329683585219e-05,-3.0564889889725e-14,3.2527266633725e-16
2933,0,0,2933,2.1754260924402e-11,1.1329849986856e-05,-3.0118696273718e-14,3.2051469869336e-16
2934,0,0,2934,2.1753945167253e-11,1.1330013923333e-05,-2.9672502252964e-14,3.1575714887584e-16
2935,0,0,2935,2.1753634167243e-11,1.1330175394647e-05,-2.9226307834517e-14,3.1100001066146e-16
2936,0,0,2936,2.1753327923965e-11,1.1330334400796e-05,-2.8780113023588e-14,3.062432778302e-16
2937,0,0,2937,2.1753026437021e-11,1.1330490941779e-05,-2.8333917826004e-14,3.0148694417175e-16
2938,0,0,2938,2.1752729706017e-11,1.1330645017592e-05,-2.788772224851e-14,2.9673100346286e-16
2939,0,0,2939,2.1752437730568e-11,1.1330796628235e-05,-2.7441526296627e-14,2.9197544949322e-16
2940,0,0,2940,2.1752150510292e-11,1.1330945773704e-05,-2.6995329976485e-14,2.8722027604928e-16
2941,0,0,2941,2.1751868044815e-11,1.1331092453999e-05,-2.6549133294218e-14,2.8246547692072e-16
2942,0,0,2942,2.1751590333769e-11,1.1331236669116e-05,-2.6102936255652e-14,2.7771104588754e-16
2943,0,0,2943,2.1751317376792e-11,1.1331378419055e-05,-2.5656738866613e-14,2.7295697675233e-16
2944,0,0,2944,2.1751049173529e-11,1.1331517703812e-05,-2.5210541133846e-14,2.6820326329833e-16
2945,0,0,2945,2.1750785723629e-11,1.1331654523387e-05,-2.476434306287e-14,2.634498993249e-16
2946,0,0,2946,2.1750527026751e-11,1.1331788877777e-05,-2.4318144659206e-14,2.5869687861528e-16
2947,0,0,2947,2.1750273082556e-11,1.1331920766982e-05,-2.3871945929598e-14,2.5394419497529e-16
2948,0,0,2948,2.1750023890714e-11,1.1332050190997e-05,-2.3425746880179e-14,2.4919184219785e-16
2949,0,0,2949,2.1749779450899e-11,1.1332177149823e-05,-2.2979547516162e-14,2.4443981407588e-16
2950,0,0,2950,2.1749539762795e-11,1.1332301643458e-05,-2.2533347843985e-14,2.3968810440874e-16
2951,0,0,2951,2.1749304826088e-11,1.1332423671899e-05,-2.2087147869783e-14,2.349367070023e-16
2952,0,0,2952,2.1749074640472e-11,1.1332543235146e-05,-2.1640947599686e-14,2.3018561564621e-16
2953,0,0,2953,2.1748849205648e-11,1.1332660333196e-05,-2.1194747038601e-14,2.2543482415279e-16
2954,0,0,2954,2.1748628521322e-11,1.1332774966047e-05,-2.0748546194194e-14,2.2068432631172e-16
2955,0,0,2955,2.1748412587206e-11,1.13328871337e-05,-2.0302345071064e-14,2.1593411594176e-16
2956,0,0,2956,2.1748201403019e-11,1.1332996836151e-05,-1.9856143675957e-14,2.1118418682937e-16
2957,0,0,2957,2.1747994968486e-11,1.13331040734e-05,-1.9409942014699e-14,2.064345327933e-16
2958,0,0,2958,2.1747793283339e-11,1.1333208845444e-05,-1.8963740093421e-14,2.0168514763294e-16
2959,0,0,2959,2.1747596347314e-11,1.1333311152284e-05,-1.8517537917338e-14,1.9693602515735e-16
2960,0,0,2960,2.1747404160154e-11,1.1333410993916e-05,-1.8071335493807e-14,1.9218715917238e-16
2961,0,0,2961,2.1747216721611e-11,1.1333508370341e-05,-1.7625132827429e-14,1.8743854348709e-16
2962,0,0,2962,2.1747034031439e-11,1.1333603281556e-05,-1.7178929925255e-14,1.8269017190732e-16
2963,0,0,2963,2.1746856089401e-11,1.133369572756e-05,-1.6732726792499e-14,1.7794203825507e-16
2964,0,0,2964,2.1746682895264e-11,1.1333785708353e-05,-1.6286523435906e-14,1.7319413632325e-16
2965,0,0,2965,2.1746514448805e-11,1.1333873223932e-05,-1.5840319860688e-14,1.6844645994032e-16
2966,0,0,2966,2.1746350749802e-11,1.1333958274297e-05,-1.5394116073592e-14,1.6369900290565e-16
2967,0,0,2967,2.1746191798043e-11,1.1334040859447e-05,-1.494791207983e-14,1.5895175903801e-16
2968,0,0,2968,2.174603759332e-11,1.133412097938e-05,-1.4501707885841e-14,1.5420472215294e-16
2969,0,0,2969,2.1745888135434e-11,1.1334198634095e-05,-1.4055503497759e-14,1.4945788605949e-16
2970,0,0,2970,2.174574342419e-11,1.1334273823592e-05,-1.3609298921407e-14,1.4471124457968e-16
2971,0,0,2971,2.1745603459398e-11,1.1334346547869e-05,-1.3163094162307e-14,1.3996479152255e-16
2972,0,0,2972,2.1745468240878e-11,1.1334416806926e-05,-1.2716889227204e-14,1.3521852070366e-16
2973,0,0,2973,2.1745337768452e-11,1.1334484600761e-05,-1.2270684121616e-14,1.3047242594822e-16
2974,0,0,2974,2.1745212041951e-11,1.1334549929373e-05,-1.1824478851677e-14,1.2572650106531e-16
2975,0,0,2975,2.1745091061211e-11,1.1334612792762e-05,-1.1378273423212e-14,1.2098073987368e-16
2976,0,0,2976,2.1744974826074e-11,1.1334673190927e-05,-1.0932067842661e-14,1.1623513619857e-16
2977,0,0,2977,2.1744863336391e-11,1.1334731123867e-05,-1.0485862115236e-14,1.1148968385228e-16
2978,0,0,2978,2.1744756592014e-11,1.1334786591581e-05,-1.0039656247683e-14,1.0674437665679e-16
2979,0,0,2979,2.1744654592806e-11,1.1334839594069e-05,-9.5934502455214e-15,1.0199920842765e-16
2980,0,0,2980,2.1744557338633e-11,1.1334890131329e-05,-9.1472441148834e-15,9.7254172996537e-17
2981,0,0,2981,2.1744464829368e-11,1.1334938203361e-05,-8.7010378619016e-15,9.2509264172527e-17
2982,0,0,2982,2.1744377064893e-11,1.1334983810165e-05,-8.2548314917887e-15,8.7764475777614e-17
2983,0,0,2983,2.1744294045091e-11,1.133502695174e-05,-7.8086250119038e-15,8.3019801643485e-17
2984,0,0,2984,2.1744215769855e-11,1.1335067628085e-05,-7.3624184268461e-15,7.8275235585673e-17
2985,0,0,2985,2.1744142239084e-11,1.1335105839199e-05,-6.9162117433615e-15,7.353077141971e-17
2986,0,0,2986,2.1744073452681e-11,1.1335141585083e-05,-6.4700049672759e-15,6.8786402980516e-17
2987,0,0,2987,2.1744009410557e-11,1.1335174865735e-05,-6.0237981047218e-15,6.4042124083623e-17
2988,0,0,2988,2.1743950112628e-11,1.1335205681156e-05,-5.5775911612185e-15,5.9297928557489e-17
2989,0,0,2989,2.1743895558818e-11,1.1335234031345e-05,-5.131384143205e-15,5.4553810217646e-17
2990,0,0,2990,2.1743845749055e-11,1.1335259916301e-05,-4.6851770565073e-15,4.9809762895782e-17
2991,0,0,2991,2.1743800683275e-11,1.1335283336024e-05,-4.2389699066447e-15,4.5065780410661e-17
2992,0,0,2992,2.1743760361418e-11,1.1335304290514e-05,-3.7927627006695e-15,4.0321856593971e-17
2993,0,0,2993,2.1743724783433e-11,1.1335322779771e-05,-3.3465554431812e-15,3.5577985258014e-17
2994,0,0,2994,2.1743693949273e-11,1.1335338803794e-05,-2.9003481415388e-15,3.0834160237708e-17
2995,0,0,2995,2.1743667858897e-11,1.1335352362583e-05,-2.4541408006482e-15,2.6090375351818e-17
2996,0,0,2996,2.1743646512273e-11,1.1335363456138e-05,-2.0079334269487e-15,2.1346624432032e-17
2997,0,0,2997,2.1743629909372e-11,1.1335372084458e-05,-1.5617260265727e-15,1.6602901293882e-17
2998,0,0,2998,2.1743618050172e-11,1.1335378247544e-05,-1.1155186053461e-15,1.1859199772289e-17
2999,0,0,2999,2.1743610934658e-11,1.1335381945396e-05,-6.6931116848164e-16,7.1155136860141e-18
3000,0,0,3000,2.1743608562821e-11,1.1335383178013e-05,-2.2310372364488e-16,2.3718368602852e-18
3001,0,0,3001,2.1743610934658e-11,1.1335381945396e-05,2.2310373008403e-16,-2.3718369442958e-18
3002,0,0,3002,2.1743618050172e-11,1.1335378247544e-05,6.6931116878826e-16,-7.1155136860141e-18
3003,0,0,3003,2.1743629909372e-11,1.1335372084458e-05,1.1155186050395e-15,-1.1859199772289e-17
3004,0,0,3004,2.1743646512273e-11,1.1335363456138e-05,1.5617260265727e-15,-1.6602901293882e-17
3005,0,0,3005,2.1743667858897e-11,1.1335352362583e-05,2.0079334272553e-15,-2.1346624432032e-17
3006,0,0,3006,2.1743693949273e-11,1.1335338803794e-05,2.4541408006482e-15,-2.6090375351818e-17
3007,0,0,3007,2.1743724783433e-11,1.1335322779771e-05,2.9003481412322e-15,-3.0834160237708e-17
3008,0,0,3008,2.1743760361418e-11,1.1335304290514e-05,3.3465554434879e-15,-3.5577985258014e-17
3009,0,0,3009,2.1743800683275e-11,1.1335283336024e-05,3.7927627003629e-15,-4.032185659074e-17
3010,0,0,3010,2.1743845749055e-11,1.1335259916301e-05,4.2389699069513e-15,-4.5065780410661e-17
3011,0,0,3011,2.1743895558818e-11,1.1335234031345e-05,4.6851770562007e-15,-4.9809762895782e-17
3012,0,0,3012,2.1743950112628e-11,1.1335205681156e-05,5.131384143205e-15,-5.4553810217646e-17
3013,0,0,3013,2.1744009410557e-11,1.1335174865735e-05,5.5775911612185e-15,-5.9297928557489e-17
3014,0,0,3014,2.1744073452681e-11,1.1335141585083e-05,6.0237981047218e-15,-6.4042124083623e-17
3015,0,0,3015,2.1744142239084e-11,1.1335105839199e-05,6.4700049672759e-15,-6.8786402980516e-17
3016,0,0,3016,2.1744215769855e-11,1.1335067628085e-05,6.9162117436682e-15,-7.3530771422941e-17
3017,0,0,3017,2.1744294045091e-11,1.133502695174e-05,7.3624184268461e-15,-7.8275235582441e-17
3018,0,0,3018,2.1744377064893e-11,1.1334983810165e-05,7.8086250115972e-15,-8.3019801643485e-17
3019,0,0,3019,2.1744464829368e-11,1.1334938203361e-05,8.2548314920954e-15,-8.7764475777614e-17
3020,0,0,3020,2.1744557338633e-11,1.1334890131329e-05,8.701037861595e-15,-9.2509264172527e-17
3021,0,0,3021,2.1744654592806e-11,1.1334839594068e-05,9.1472441148834e-15,-9.7254172993306e-17
3022,0,0,3022,2.1744756592014e-11,1.1334786591581e-05,9.5934502455214e-15,-1.0199920843088e-16
3023,0,0,3023,2.1744863336391e-11,1.1334731123867e-05,1.0039656247683e-14,-1.0674437665679e-16
3024,0,0,3024,2.1744974826075e-11,1.1334673190927e-05,1.0485862115236e-14,-1.1148968384904e-16
3025,0,0,3025,2.1745091061211e-11,1.1334612792762e-05,1.0932067842661e-14,-1.1623513619857e-16
3026,0,0,3026,2.1745212041951e-11,1.1334549929373e-05,1.1378273423212e-14,-1.2098073987691e-16
3027,0,0,3027,2.1745337768452e-11,1.1334484600761e-05,1.1824478851677e-14,-1.2572650106531e-16
3028,0,0,3028,2.1745468240878e-11,1.1334416806926e-05,1.2270684121616e-14,-1.3047242594499e-16
3029,0,0,3029,2.1745603459398e-11,1.1334346547869e-05,1.2716889227204e-14,-1.3521852070689e-16
3030,0,0,3030,2.174574342419e-11,1.1334273823592e-05,1.3163094162614e-14,-1.3996479151932e-16
3031,0,0,3031,2.1745888135434e-11,1.1334198634095e-05,1.3609298921101e-14,-1.4471124457968e-16
3032,0,0,3032,2.174603759332e-11,1.133412097938e-05,1.4055503497759e-14,-1.4945788605949e-16
3033,0,0,3033,2.1746191798043e-11,1.1334040859447e-05,1.4501707886148e-14,-1.5420472215294e-16
3034,0,0,3034,2.1746350749802e-11,1.1333958274297e-05,1.494791207983e-14,-1.5895175903801e-16
3035,0,0,3035,2.1746514448805e-11,1.1333873223932e-05,1.5394116073285e-14,-1.6369900290565e-16
3036,0,0,3036,2.1746682895265e-11,1.1333785708353e-05,1.5840319860688e-14,-1.6844645994032e-16
3037,0,0,3037,2.1746856089401e-11,1.133369572756e-05,1.6286523435906e-14,-1.7319413632325e-16
3038,0,0,3038,2.1747034031439e-11,1.1333603281556e-05,1.6732726792499e-14,-1.7794203825184e-16
3039,0,0,3039,2.1747216721611e-11,1.1333508370341e-05,1.7178929925255e-14,-1.8269017191055e-16
3040,0,0,3040,2.1747404160155e-11,1.1333410993916e-05,1.7625132827736e-14,-1.8743854348709e-16
3041,0,0,3041,2.1747596347314e-11,1.1333311152284e-05,1.8071335493501e-14,-1.9218715917238e-16
3042,0,0,3042,2.1747793283339e-11,1.1333208845444e-05,1.8517537917644e-14,-1.9693602515412e-16
3043,0,0,3043,2.1747994968486e-11,1.13331040734e-05,1.8963740093115e-14,-2.0168514763294e-16
3044,0,0,3044,2.1748201403019e-11,1.1332996836151e-05,1.9409942014699e-14,-2.064345327933e-16
3045,0,0,3045,2.1748412587206e-11,1.13328871337e-05,1.9856143675957e-14,-2.111841868326e-16
3046,0,0,3046,2.1748628521322e-11,1.1332774966047e-05,2.0302345071064e-14,-2.1593411593853e-16
3047,0,0,3047,2.1748849205648e-11,1.1332660333196e-05,2.0748546194194e-14,-2.2068432631495e-16
3048,0,0,3048,2.1749074640472e-11,1.1332543235146e-05,2.1194747038908e-14,-2.2543482414956e-16
3049,0,0,3049,2.1749304826088e-11,1.1332423671899e-05,2.1640947599379e-14,-2.3018561564944e-16
3050,0,0,3050,2.1749539762795e-11,1.1332301643458e-05,2.2087147869783e-14,-2.3493670699906e-16
3051,0,0,3051,2.17497794509e-11,1.1332177149823e-05,2.2533347843985e-14,-2.3968810440874e-16
3052,0,0,3052,2.1750023890714e-11,1.1332050190997e-05,2.2979547516162e-14,-2.4443981407588e-16
3053,0,0,3053,2.1750273082556e-11,1.1331920766981e-05,2.3425746880179e-14,-2.4919184219785e-16
3054,0,0,3054,2.1750527026751e-11,1.1331788877777e-05,2.3871945929904e-14,-2.5394419497529e-16
3055,0,0,3055,2.1750785723629e-11,1.1331654523387e-05,2.4318144659206e-14,-2.5869687861528e-16
3056,0,0,3056,2.1751049173529e-11,1.1331517703812e-05,2.4764343062564e-14,-2.6344989932167e-16
3057,0,0,3057,2.1751317376792e-11,1.1331378419054e-05,2.5210541133846e-14,-2.6820326330156e-16
3058,0,0,3058,2.1751590333769e-11,1.1331236669116e-05,2.565673886692e-14,-2.7295697675233e-16
3059,0,0,3059,2.1751868044815e-11,1.1331092453999e-05,2.6102936255652e-14,-2.7771104588754e-16
3060,0,0,3060,2.1752150510292e-11,1.1330945773704e-05,2.6549133293912e-14,-2.8246547691749e-16
3061,0,0,3061,2.1752437730568e-11,1.1330796628235e-05,2.6995329976792e-14,-2.8722027605251e-16
3062,0,0,3062,2.1752729706017e-11,1.1330645017592e-05,2.744152629632e-14,-2.9197544949322e-16
3063,0,0,3063,2.1753026437021e-11,1.1330490941779e-05,2.788772224851e-14,-2.9673100346286e-16
3064,0,0,3064,2.1753327923965e-11,1.1330334400796e-05,2.8333917826311e-14,-3.0148694417175e-16
3065,0,0,3065,2.1753634167243e-11,1.1330175394647e-05,2.8780113023281e-14,-3.062432778302e-16
3066,0,0,3066,2.1753945167253e-11,1.1330013923333e-05,2.9226307834517e-14,-3.1100001065823e-16
3067,0,0,3067,2.1754260924402e-11,1.1329849986856e-05,2.9672502253271e-14,-3.1575714887584e-16
3068,0,0,3068,2.1754581439101e-11,1.1329683585219e-05,3.0118696273411e-14,-3.2051469869336e-16
3069,0,0,3069,2.1754906711767e-11,1.1329514718424e-05,3.0564889889725e-14,-3.2527266633725e-16
3070,0,0,3070,2.1755236742825e-11,1.1329343386474e-05,3.1011083095467e-14,-3.300310580243e-16
3071,0,0,3071,2.1755571532705e-11,1.1329169589369e-05,3.1457275884811e-14,-3.3478987998098e-16
3072,0,0,3072,2.1755911081844e-11,1.1328993327114e-05,3.1903468251318e-14,-3.3954913843052e-16
3073,0,0,3073,2.1756255390683e-11,1.1328814599709e-05,3.2349660190082e-14,-3.4430883959295e-16
3074,0,0,3074,2.1756604459673e-11,1.1328633407159e-05,3.279585169405e-14,-3.4906898970442e-16
3075,0,0,3075,2.1756958289268e-11,1.1328449749464e-05,3.3242042757703e-14,-3.5382959498172e-16
3076,0,0,3076,2.175731687993e-11,1.1328263626627e-05,3.3688233374296e-14,-3.5859066166747e-16
3077,0,0,3077,2.1757680232126e-11,1.1328075038652e-05,3.4134423538922e-14,-3.6335219598169e-16
3078,0,0,3078,2.175804834633e-11,1.132788398554e-05,3.4580613244835e-14,-3.6811420416054e-16
3079,0,0,3079,2.1758421223022e-11,1.1327690467295e-05,3.5026802485904e-14,-3.7287669244341e-16
3080,0,0,3080,2.1758798862689e-11,1.1327494483917e-05,3.5472991256302e-14,-3.7763966706002e-16
3081,0,0,3081,2.1759181265823e-11,1.1327296035412e-05,3.591917955051e-14,-3.8240313425299e-16
3082,0,0,3082,2.1759568432924e-11,1.132709512178e-05,3.6365367361169e-14,-3.8716710025203e-16
3083,0,0,3083,2.1759960364495e-11,1.1326891743025e-05,3.6811554683679e-14,-3.9193157130622e-16
3084,0,0,3084,2.1760357061049e-11,1.1326685899149e-05,3.7257741511295e-14,-3.9669655366143e-16
3085,0,0,3085,2.1760758523102e-11,1.1326477590155e-05,3.7703927837884e-14,-4.0146205354735e-16
3086,0,0,3086,2.1761164751179e-11,1.1326266816047e-05,3.8150113657621e-14,-4.0622807722279e-16
3087,0,0,3087,2.176157574581e-11,1.1326053576826e-05,3.8596298964066e-14,-4.1099463093035e-16
3088,0,0,3088,2.1761991507531e-11,1.1325837872496e-05,3.9042483752313e-14,-4.1576172091591e-16
3089,0,0,3089,2.1762412036885e-11,1.1325619703059e-05,3.9488668014696e-14,-4.2052935343825e-16
3090,0,0,3090,2.1762837334419e-11,1.1325399068519e-05,3.993485174631e-14,-4.2529753473999e-16
3091,0,0,3091,2.1763267400691e-11,1.1325175968879e-05,4.0381034940716e-14,-4.3006627108639e-16
3092,0,0,3092,2.1763702236259e-11,1.1324950404141e-05,4.082721759178e-14,-4.348355687233e-16
3093,0,0,3093,2.1764141841693e-11,1.1324722374308e-05,4.1273399693984e-14,-4.3960543391274e-16
3094,0,0,3094,2.1764586217566e-11,1.1324491879384e-05,4.1719581240275e-14,-4.4437587291672e-16
3095,0,0,3095,2.1765035364458e-11,1.1324258919372e-05,4.2165762225441e-14,-4.4914689199726e-16
3096,0,0,3096,2.1765489282956e-11,1.1324023494274e-05,4.2611942643348e-14,-4.5391849741315e-16
3097,0,0,3097,2.1765947973651e-11,1.1323785604095e-05,4.3058122487252e-14,-4.586906954361e-16
3098,0,0,3098,2.1766411437143e-11,1.1323545248836e-05,4.350430175194e-14,-4.6346349232488e-16
3099,0,0,3099,2.1766879674038e-11,1.1323302428503e-05,4.3950480430972e-14,-4.6823689435767e-16
3100,0,0,3100,2.1767352684945e-11,1.1323057143096e-05,4.4396658517909e-14,-4.7301090780295e-16
3101,0,0,3101,2.1767830470484e-11,1.1322809392621e-05,4.4842836007233e-14,-4.777855389292e-16
3102,0,0,3102,2.1768313031278e-11,1.132255917708e-05,4.528901289281e-14,-4.8256079402105e-16
3103,0,0,3103,2.1768800367958e-11,1.1322306496477e-05,4.5735189168201e-14,-4.8733667934697e-16
3104,0,0,3104,2.1769292481159e-11,1.1322051350815e-05,4.6181364827274e-14,-4.9211320119161e-16
3105,0,0,3105,2.1769789371525e-11,1.1321793740098e-05,4.6627539864817e-14,-4.9689036583637e-16
3106,0,0,3106,2.1770291039704e-11,1.1321533664328e-05,4.7073714274083e-14,-5.0166817955941e-16
3107,0,0,3107,2.1770797486353e-11,1.132127112351e-05,4.7519888048633e-14,-5.0644664865506e-16
3108,0,0,3108,2.1771308712132e-11,1.1321006117647e-05,4.7966061182949e-14,-5.1122577940474e-16
3109,0,0,3109,2.177182471771e-11,1.1320738646743e-05,4.8412233670897e-14,-5.1600557810276e-16
3110,0,0,3110,2.1772345503762e-11,1.1320468710801e-05,4.8858405506345e-14,-5.2078605103375e-16
3111,0,0,3111,2.1772871070966e-11,1.1320196309825e-05,4.9304576682854e-14,-5.2556720449852e-16
3112,0,0,3112,2.1773401420011e-11,1.1319921443818e-05,4.9750747194597e-14,-5.3034904479784e-16
3113,0,0,3113,2.1773936551589e-11,1.1319644112785e-05,5.019691703575e-14,-5.3513157821958e-16
3114,0,0,3114,2.17744764664e-11,1.1319364316729e-05,5.0643086199873e-14,-5.3991481107101e-16
3115,0,0,3115,2.177502116515e-11,1.1319082055653e-05,5.1089254680834e-14,-5.4469874965612e-16
3116,0,0,3116,2.177557064855e-11,1.1318797329562e-05,5.1535422472499e-14,-5.4948340028219e-16
3117,0,0,3117,2.1776124917319e-11,1.1318510138459e-05,5.1981589569043e-14,-5.5426876925e-16
3118,0,0,3118,2.1776683972182e-11,1.1318220482349e-05,5.2427755964334e-14,-5.5905486287325e-16
3119,0,0,3119,2.177724781387e-11,1.1317928361235e-05,5.2873921651932e-14,-5.6384168746891e-16
3120,0,0,3120,2.1777816443119e-11,1.1317633775121e-05,5.3320086625705e-14,-5.6862924934745e-16
3121,0,0,3121,2.1778389860674e-11,1.1317336724011e-05,5.3766250880134e-14,-5.7341755482905e-16
3122,0,0,3122,2.1778968067284e-11,1.131703720791e-05,5.4212414408472e-14,-5.7820661023388e-16
3123,0,0,3123,2.1779551063706e-11,1.131673522682e-05,5.4658577205201e-14,-5.8299642187567e-16
3124,0,0,3124,2.1780138850702e-11,1.1316430780747e-05,5.5104739263268e-14,-5.8778699609397e-16
3125,0,0,3125,2.1780731429041e-11,1.1316123869694e-05,5.5550900577154e-14,-5.9257833920249e-16
3126,0,0,3126,2.1781328799499e-11,1.1315814493665e-05,5.5997061141033e-14,-5.9737045754404e-16
3127,0,0,3127,2.1781930962856e-11,1.1315502652666e-05,5.6443220948466e-14,-6.0216335743557e-16
3128,0,0,3128,2.1782537919901e-11,1.1315188346699e-05,5.6889379992706e-14,-6.0695704522631e-16
3129,0,0,3129,2.1783149671429e-11,1.1314871575769e-05,5.7335538268543e-14,-6.1175152724616e-16
3130,0,0,3130,2.1783766218239e-11,1.1314552339881e-05,5.7781695769842e-14,-6.165468098379e-16
3131,0,0,3131,2.1784387561138e-11,1.1314230639039e-05,5.8227852489245e-14,-6.2134289934109e-16
3132,0,0,3132,2.178501370094e-11,1.1313906473246e-05,5.8674008421846e-14,-6.26139802105e-16
3133,0,0,3133,2.1785644638464e-11,1.1313579842508e-05,5.9120163561512e-14,-6.3093752447564e-16
3134,0,0,3134,2.1786280374537e-11,1.1313250746829e-05,5.9566317900885e-14,-6.3573607280552e-16
3135,0,0,3135,2.1786920909991e-11,1.1312919186214e-05,6.0012471435364e-14,-6.4053545344065e-16
3136,0,0,3136,2.1787566245663e-11,1.1312585160666e-05,6.0458624157592e-14,-6.4533567274968e-16
3137,0,0,3137,2.1788216382401e-11,1.131224867019e-05,6.0904776061741e-14,-6.5013673707864e-16
3138,0,0,3138,2.1788871321053e-11,1.1311909714792e-05,6.1350927142293e-14,-6.549386527994e-16
3139,0,0,3139,2.178953106248e-11,1.1311568294475e-05,6.1797077391889e-14,-6.5974142627091e-16
3140,0,0,3140,2.1790195607543e-11,1.1311224409244e-05,6.2243226805623e-14,-6.6454506386181e-16
3141,0,0,3141,2.1790864957115e-11,1.1310878059103e-05,6.2689375376442e-14,-6.6934957194076e-16
3142,0,0,3142,2.1791539112072e-11,1.1310529244059e-05,6.3135523098214e-14,-6.7415495688286e-16
3143,0,0,3143,2.1792218073297e-11,1.1310177964114e-05,6.3581669965419e-14,-6.7896122505998e-16
3144,0,0,3144,2.179290184168e-11,1.1309824219275e-05,6.4027815971313e-14,-6.8376838285692e-16
3145,0,0,3145,2.1793590418117e-11,1.1309468009545e-05,6.4473961109761e-14,-6.885764366488e-16
3146,0,0,3146,2.179428380351e-11,1.1309109334929e-05,6.4920105374939e-14,-6.9338539282687e-16
3147,0,0,3147,2.1794981998767e-11,1.1308748195433e-05,6.53662487601e-14,-6.9819525776947e-16
3148,0,0,3148,2.1795685004805e-11,1.1308384591062e-05,6.5812391259419e-14,-7.0300603787432e-16
3149,0,0,3149,2.1796392822545e-11,1.1308018521819e-05,6.6258532866763e-14,-7.078177395327e-16
3150,0,0,3150,2.1797105452914e-11,1.1307649987711e-05,6.6704673576e-14,-7.1263036914232e-16
3151,0,0,3151,2.1797822896847e-11,1.1307278988742e-05,6.7150813380077e-14,-7.1744393310091e-16
3152,0,0,3152,2.1798545155285e-11,1.1306905524918e-05,6.7596952274089e-14,-7.2225843780943e-16
3153,0,0,3153,2.1799272229175e-11,1.1306529596242e-05,6.8043090250982e-14,-7.2707388967852e-16
3154,0,0,3154,2.180000411947e-11,1.1306151202721e-05,6.8489227304625e-14,-7.3189029510914e-16
3155,0,0,3155,2.180074082713e-11,1.130577034436e-05,6.8935363429191e-14,-7.3670766052164e-16
3156,0,0,3156,2.1801482353123e-11,1.1305387021163e-05,6.9381498617934e-14,-7.4152599232343e-16
3157,0,0,3157,2.1802228698419e-11,1.1305001233136e-05,6.982763286503e-14,-7.4634529694132e-16
3158,0,0,3158,2.1802979864e-11,1.1304612980284e-05,7.0273766164345e-14,-7.5116558078596e-16
3159,0,0,3159,2.1803735850851e-11,1.1304222262613e-05,7.0719898509439e-14,-7.5598685029062e-16
3160,0,0,3160,2.1804496659962e-11,1.1303829080127e-05,7.1166029893569e-14,-7.6080911187887e-16
3161,0,0,3161,2.1805262292334e-11,1.1303433432833e-05,7.1612160311826e-14,-7.6563237198397e-16
3162,0,0,3162,2.1806032748971e-11,1.1303035320735e-05,7.2058289756546e-14,-7.7045663703598e-16
3163,0,0,3163,2.1806808030885e-11,1.1302634743838e-05,7.250441822221e-14,-7.7528191348107e-16
3164,0,0,3164,2.1807588139093e-11,1.130223170215e-05,7.2950545702991e-14,-7.8010820774606e-16
3165,0,0,3165,2.1808373074619e-11,1.1301826195673e-05,7.3396672191531e-14,-7.8493552629329e-16
3166,0,0,3166,2.1809162838495e-11,1.1301418224415e-05,7.384279768231e-14,-7.8976387555279e-16
3167,0,0,3167,2.1809957431756e-11,1.1301007788381e-05,7.4288922169502e-14,-7.9459326198693e-16
3168,0,0,3168,2.1810756855449e-11,1.1300594887577e-05,7.4735045645749e-14,-7.9942369204512e-16
3169,0,0,3169,2.1811561110621e-11,1.1300179522007e-05,7.518116810553e-14,-8.0425517218648e-16
3170,0,0,3170,2.181237019833e-11,1.1299761691678e-05,7.5627289542408e-14,-8.0908770887659e-16
3171,0,0,3171,2.1813184119638e-11,1.1299341396595e-05,7.6073409949942e-14,-8.1392130857133e-16
3172,0,0,3172,2.1814002875616e-11,1.1298918636765e-05,7.6519529322614e-14,-8.1875597774598e-16
3173,0,0,3173,2.1814826467339e-11,1.1298493412192e-05,7.6965647652757e-14,-8.2359172286935e-16
3174,0,0,3174,2.1815654895889e-11,1.1298065722883e-05,7.7411764935773e-14,-8.2842855041995e-16
3175,0,0,3175,2.1816488162356e-11,1.1297635568844e-05,7.7857881163996e-14,-8.3326646686658e-16
3176,0,0,3176,2.1817326267835e-11,1.1297202950079e-05,7.83039963316e-14,-8.3810547870713e-16
3177,0,0,3177,2.1818169213427e-11,1.1296767866596e-05,7.8750110432759e-14,-8.4294559241689e-16
3178,0,0,3178,2.1819017000242e-11,1.12963303184e-05,7.9196223460727e-14,-8.4778681448727e-16
3179,0,0,3179,2.1819869629393e-11,1.1295890305498e-05,7.9642335409065e-14,-8.5262915140971e-16
3180,0,0,3180,2.1820727102003e-11,1.1295447827894e-05,8.0088446271641e-14,-8.574726096918e-16
3181,0,0,3181,2.1821589419199e-11,1.1295002885595e-05,8.0534556042629e-14,-8.6231719581849e-16
3182,0,0,3182,2.1822456582115e-11,1.1294555478608e-05,8.0980664714975e-14,-8.6716291630384e-16
3183,0,0,3183,2.1823328591893e-11,1.1294105606938e-05,8.1426772282549e-14,-8.7200977765866e-16
3184,0,0,3184,2.1824205449679e-11,1.1293653270591e-05,8.1872878739523e-14,-8.7685778638408e-16
3185,0,0,3185,2.1825087156628e-11,1.1293198469574e-05,8.231898407946e-14,-8.8170694900383e-16
3186,0,0,3186,2.18259737139e-11,1.1292741203893e-05,8.2765088294999e-14,-8.865572720352e-16
3187,0,0,3187,2.1826865122662e-11,1.1292281473554e-05,8.3211191381541e-14,-8.9140876200516e-16
3188,0,0,3188,2.1827761384087e-11,1.1291819278563e-05,8.3657293331114e-14,-8.9626142543098e-16
3189,0,0,3189,2.1828662499356e-11,1.1291354618927e-05,8.4103394138813e-14,-9.0111526885256e-16
3190,0,0,3190,2.1829568469655e-11,1.1290887494652e-05,8.454949379697e-14,-9.0597029880011e-16
3191,0,0,3191,2.1830479296177e-11,1.1290417905744e-05,8.4995592300375e-14,-9.1082652181999e-16
3192,0,0,3192,2.1831394980121e-11,1.128994585221e-05,8.5441689641974e-14,-9.1568394444239e-16
3193,0,0,3193,2.1832315522695e-11,1.1289471334057e-05,8.5887785815941e-14,-9.2054257322337e-16
3194,0,0,3194,2.1833240925109e-11,1.128899435129e-05,8.6333880815225e-14,-9.2540241471252e-16
3195,0,0,3195,2.1834171188585e-11,1.1288514903916e-05,8.6779974634305e-14,-9.3026347545943e-16
3196,0,0,3196,2.1835106314347e-11,1.1288032991942e-05,8.722606726613e-14,-9.3512576202662e-16
3197,0,0,3197,2.1836046303628e-11,1.1287548615375e-05,8.7672158704566e-14,-9.3998928097659e-16
3198,0,0,3198,2.1836991157667e-11,1.128706177422e-05,8.8118248943482e-14,-9.4485403887834e-16
3199,0,0,3199,2.1837940877709e-11,1.1286572468486e-05,8.8564337976132e-14,-9.4972004229437e-16
3200,0,0,3200,2.1838895465007e-11,1.1286080698177e-05,8.9010425796689e-14,-9.5458729780981e-16
3201,0,0,3201,2.1839854920819e-11,1.1285586463302e-05,8.9456512397795e-14,-9.5945581200011e-16
3202,0,0,3202,2.184081924641e-11,1.1285089763867e-05,8.9902597774237e-14,-9.643255914407e-16
3203,0,0,3203,2.1841788443053e-11,1.1284590599878e-05,9.0348681918656e-14,-9.6919664273288e-16
3204,0,0,3204,2.1842762512025e-11,1.1284088971344e-05,9.0794764825533e-14,-9.7406897245854e-16
3205,0,0,3205,2.1843741454613e-11,1.1283584878269e-05,9.1240846487815e-14,-9.7894258721252e-16
3206,0,0,3206,2.1844725272106e-11,1.1283078320662e-05,9.1686926899063e-14,-9.8381749360579e-16
3207,0,0,3207,2.1845713965804e-11,1.1282569298529e-05,9.2133006053145e-14,-9.8869369822996e-16
3208,0,0,3208,2.1846707537012e-11,1.1282057811877e-05,9.2579083943929e-14,-9.9357120770246e-16
3209,0,0,3209,2.1847705987041e-11,1.1281543860714e-05,9.3025160564667e-14,-9.9845002863104e-16
3210,0,0,3210,2.1848709317208e-11,1.1281027445046e-05,9.3471235908616e-14,-1.0033301676332e-15
3211,0,0,3211,2.184971752884e-11,1.128050856488e-05,9.3917309969948e-14,-1.0082116313359e-15
3212,0,0,3212,2.1850730623266e-11,1.1279987220224e-05,9.4363382741918e-14,-1.0130944263569e-15
3213,0,0,3213,2.1851748601825e-11,1.1279463411085e-05,9.4809454218087e-14,-1.0179785593359e-15
3214,0,0,3214,2.1852771465862e-11,1.127893713747e-05,9.5255524392322e-14,-1.0228640369036e-15
3215,0,0,3215,2.1853799216728e-11,1.1278408399385e-05,9.5701593257877e-14,-1.0277508656933e-15
3216,0,0,3216,2.185483185578e-11,1.1277877196839e-05,9.6147660808315e-14,-1.0326390523583e-15
3217,0,0,3217,2.1855869384384e-11,1.1277343529839e-05,9.6593727037501e-14,-1.0375286035416e-15
3218,0,0,3218,2.185691180391e-11,1.1276807398392e-05,9.7039791938383e-14,-1.0424195258996e-15
3219,0,0,3219,2.1857959115736e-11,1.1276268802505e-05,9.7485855505136e-14,-1.0473118260852e-15
3220,0,0,3220,2.1859011321247e-11,1.1275727742186e-05,9.7931917730707e-14,-1.0522055107612e-15
3221,0,0,3221,2.1860068421833e-11,1.1275184217443e-05,9.8377978609271e-14,-1.0571005865966e-15
3222,0,0,3222,2.1861130418894e-11,1.1274638228282e-05,9.8824038134081e-14,-1.0619970602639e-15
3223,0,0,3223,2.1862197313832e-11,1.1274089774711e-05,9.9270096298085e-14,-1.0668949384321e-15
3224,0,0,3224,2.186326910806e-11,1.1273538856738e-05,9.9716153096071e-14,-1.0717942277866e-15
3225,0,0,3225,2.1864345802995e-11,1.1272985474371e-05,1.0016220852037e-13,-1.0766949350159e-15
3226,0,0,3226,2.1865427400062e-11,1.1272429627616e-05,1.0060826256516e-13,-1.0815970667989e-15
3227,0,0,3227,2.1866513900691e-11,1.1271871316482e-05,1.0105431522339e-13,-1.0865006298402e-15
3228,0,0,3228,2.1867605306322e-11,1.1271310540977e-05,1.0150036648893e-13,-1.0914056308349e-15
3229,0,0,3229,2.1868701618399e-11,1.1270747301107e-05,1.0194641635563e-13,-1.0963120764875e-15
3230,0,0,3230,2.1869802838372e-11,1.1270181596882e-05,1.0239246481646e-13,-1.1012199735093e-15
3231,0,0,3231,2.1870908967701e-11,1.1269613428308e-05,1.0283851186466e-13,-1.1061293286082e-15
3232,0,0,3232,2.1872020007849e-11,1.1269042795394e-05,1.0328455749472e-13,-1.1110401485083e-15
3233,0,0,3233,2.1873135960289e-11,1.1268469698147e-05,1.0373060169896e-13,-1.1159524399271e-15
3234,0,0,3234,2.1874256826499e-11,1.1267894136575e-05,1.0417664447127e-13,-1.1208662096049e-15
3235,0,0,3235,2.1875382607963e-11,1.1267316110687e-05,1.046226858058e-13,-1.1257814642561e-15
3236,0,0,3236,2.1876513306174e-11,1.1266735620489e-05,1.0506872569521e-13,-1.1306982106371e-15
3237,0,0,3237,2.1877648922629e-11,1.1266152665991e-05,1.0551476413304e-13,-1.1356164554816e-15
3238,0,0,3238,2.1878789458835e-11,1.1265567247201e-05,1.0596080111257e-13,-1.1405362055331e-15
3239,0,0,3239,2.1879934916302e-11,1.1264979364125e-05,1.0640683662826e-13,-1.1454574675608e-15
3240,0,0,3240,2.1881085296551e-11,1.1264389016774e-05,1.0685287067246e-13,-1.1503802483051e-15
3241,0,0,3241,2.1882240601105e-11,1.1263796205154e-05,1.0729890323902e-13,-1.1553045545385e-15
3242,0,0,3242,2.1883400831498e-11,1.1263200929273e-05,1.0774493432152e-13,-1.1602303930271e-15
3243,0,0,3243,2.1884565989269e-11,1.1262603189141e-05,1.0819096391289e-13,-1.1651577705465e-15
3244,0,0,3244,2.1885736075963e-11,1.1262002984765e-05,1.0863699200732e-13,-1.1700866938694e-15
3245,0,0,3245,2.1886911093132e-11,1.1261400316154e-05,1.0908301859713e-13,-1.1750171697877e-15
3246,0,0,3246,2.1888091042337e-11,1.1260795183316e-05,1.0952904367712e-13,-1.1799492050869e-15
3247,0,0,3247,2.1889275925144e-11,1.126018758626e-05,1.0997506723931e-13,-1.1848828065524e-15
3248,0,0,3248,2.1890465743125e-11,1.1259577524993e-05,1.1042108927818e-13,-1.1898179809955e-15
3249,0,0,3249,2.189166049786e-11,1.1258964999525e-05,1.1086710978668e-13,-1.1947547352179e-15
3250,0,0,3250,2.1892860190936e-11,1.1258350009863e-05,1.1131312875806e-13,-1.1996930760211e-15
3251,0,0,3251,2.1894064823947e-11,1.1257732556017e-05,1.1175914618589e-13,-1.2046330102295e-15
3252,0,0,3252,2.1895274398491e-11,1.1257112637994e-05,1.1220516206342e-13,-1.209574544664e-15
3253,0,0,3253,2.1896488916177e-11,1.1256490255804e-05,1.1265117638421e-13,-1.2145176861392e-15
3254,0,0,3254,2.1897708378619e-11,1.1255865409455e-05,1.1309718914152e-13,-1.2194624414955e-15
3255,0,0,3255,2.1898932787436e-11,1.1255238098956e-05,1.135432003289e-13,-1.2244088175733e-15
3256,0,0,3256,2.1900162144258e-11,1.1254608324316e-05,1.139892099393e-13,-1.2293568211999e-15
3257,0,0,3257,2.1901396450717e-11,1.1253976085543e-05,1.1443521796659e-13,-1.2343064592321e-15
3258,0,0,3258,2.1902635708455e-11,1.1253341382645e-05,1.1488122440341e-13,-1.2392577385263e-15
3259,0,0,3259,2.1903879919121e-11,1.1252704215633e-05,1.1532722924394e-13,-1.2442106659327e-15
3260,0,0,3260,2.190512908437e-11,1.1252064584514e-05,1.1577323248112e-13,-1.2491652483174e-15
3261,0,0,3261,2.1906383205862e-11,1.1251422489298e-05,1.1621923410791e-13,-1.25412149255e-15
3262,0,0,3262,2.1907642285268e-11,1.1250777929994e-05,1.1666523411846e-13,-1.2590794055064e-15
3263,0,0,3263,2.1908906324262e-11,1.125013090661e-05,1.1711123250513e-13,-1.2640389940657e-15
3264,0,0,3264,2.1910175324527e-11,1.1249481419155e-05,1.1755722926177e-13,-1.2690002651169e-15
3265,0,0,3265,2.1911449287752e-11,1.1248829467639e-05,1.1800322438226e-13,-1.2739632255456e-15
3266,0,0,3266,2.1912728215635e-11,1.1248175052071e-05,1.1844921785862e-13,-1.2789278822534e-15
3267,0,0,3267,2.1914012109877e-11,1.1247518172459e-05,1.1889520968502e-13,-1.2838942421424e-15
3268,0,0,3268,2.1915300972189e-11,1.1246858828814e-05,1.1934119985442e-13,-1.2888623121238e-15
3269,0,0,3269,2.1916594804288e-11,1.1246197021143e-05,1.1978718836068e-13,-1.293832099106e-15
3270,0,0,3270,2.1917893607898e-11,1.1245532749457e-05,1.2023317519644e-13,-1.2988036100134e-15
3271,0,0,3271,2.191919738475e-11,1.1244866013765e-05,1.2067916035465e-13,-1.3037768517704e-15
3272,0,0,3272,2.1920506136581e-11,1.1244196814075e-05,1.211251438298e-13,-1.308751831311e-15
3273,0,0,3273,2.1921819865137e-11,1.1243525150398e-05,1.215711256142e-13,-1.3137285555695e-15
3274,0,0,3274,2.1923138572168e-11,1.1242851022742e-05,1.2201710570113e-13,-1.3187070314895e-15
3275,0,0,3275,2.1924462259434e-11,1.1242174431117e-05,1.2246308408413e-13,-1.3236872660278e-15
3276,0,0,3276,2.19257909287e-11,1.1241495375533e-05,1.2290906075678e-13,-1.328669266125e-15
3277,0,0,3277,2.1927124581739e-11,1.1240813855998e-05,1.233550357114e-13,-1.3336530387571e-15
3278,0,0,3278,2.192846322033e-11,1.1240129872524e-05,1.2380100894186e-13,-1.3386385908809e-15
3279,0,0,3279,2.1929806846259e-11,1.1239443425118e-05,1.2424698044142e-13,-1.3436259294757e-15
3280,0,0,3280,2.1931155461321e-11,1.1238754513791e-05,1.2469295020333e-13,-1.3486150615176e-15
3281,0,0,3281,2.1932509067315e-11,1.1238063138552e-05,1.2513891821992e-13,-1.3536059939893e-15
3282,0,0,3282,2.1933867666049e-11,1.1237369299411e-05,1.2558488448568e-13,-1.3585987338861e-15
3283,0,0,3283,2.1935231259337e-11,1.1236672996378e-05,1.2603084899325e-13,-1.3635932882068e-15
3284,0,0,3284,2.1936599849001e-11,1.1235974229462e-05,1.2647681173557e-13,-1.3685896639469e-15
3285,0,0,3285,2.1937973436869e-11,1.1235272998674e-05,1.2692277270621e-13,-1.3735878681213e-15
3286,0,0,3286,2.1939352024777e-11,1.1234569304023e-05,1.273687318978e-13,-1.3785879077481e-15
3287,0,0,3287,2.1940735614567e-11,1.1233863145518e-05,1.2781468930453e-13,-1.3835897898421e-15
3288,0,0,3288,2.1942124208088e-11,1.123315452317e-05,1.2826064491872e-13,-1.3885935214377e-15
3289,0,0,3289,2.1943517807198e-11,1.123244343699e-05,1.2870659873363e-13,-1.3935991095658e-15
3290,0,0,3290,2.1944916413759e-11,1.1231729886985e-05,1.2915255074282e-13,-1.398606561264e-15
3291,0,0,3291,2.1946320029643e-11,1.1231013873168e-05,1.2959850093923e-13,-1.4036158835827e-15
3292,0,0,3292,2.1947728656726e-11,1.1230295395548e-05,1.3004444931552e-13,-1.4086270835788e-15
3293,0,0,3293,2.1949142296894e-11,1.1229574454134e-05,1.3049039586584e-13,-1.4136401683027e-15
3294,0,0,3294,2.1950560952039e-11,1.1228851048937e-05,1.3093634058224e-13,-1.4186551448274e-15
3295,0,0,3295,2.1951984624059e-11,1.1228125179968e-05,1.3138228345888e-13,-1.4236720202195e-15
3296,0,0,3296,2.1953413314861e-11,1.1227396847236e-05,1.318282244881e-13,-1.428690801565e-15
3297,0,0,3297,2.1954847026357e-11,1.1226666050752e-05,1.3227416366346e-13,-1.4337114959369e-15
3298,0,0,3298,2.1956285760467e-11,1.1225932790525e-05,1.327201009776e-13,-1.4387341104406e-15
3299,0,0,3299,2.195772951912e-11,1.1225197066567e-05,1.3316603642439e-13,-1.4437586521587e-15
3300,0,0,3300,2.1959178304248e-11,1.1224458878888e-05,1.3361196999586e-13,-1.4487851282129e-15
3301,0,0,3301,2.1960632117793e-11,1.1223718227497e-05,1.3405790168617e-13,-1.4538135456988e-15
3302,0,0,3302,2.1962090961705e-11,1.1222975112406e-05,1.3450383148767e-13,-1.4588439117411e-15
3303,0,0,3303,2.1963554837939e-11,1.1222229533625e-05,1.3494975939392e-13,-1.4638762334645e-15
3304,0,0,3304,2.1965023748457e-11,1.1221481491164e-05,1.3539568539785e-13,-1.4689105179971e-15
3305,0,0,3305,2.1966497695229e-11,1.1220730985034e-05,1.3584160949182e-13,-1.4739467724764e-15
3306,0,0,3306,2.1967976680233e-11,1.1219978015246e-05,1.3628753167029e-13,-1.4789850040467e-15
3307,0,0,3307,2.1969460705453e-11,1.121922258181e-05,1.3673345192468e-13,-1.4840252198616e-15
3308,0,0,3308,2.197094977288e-11,1.1218464684737e-05,1.3717937024979e-13,-1.4890674270687e-15
3309,0,0,3309,2.1972443884513e-11,1.1217704324037e-05,1.3762528663702e-13,-1.4941116328475e-15
3310,0,0,3310,2.1973943042357e-11,1.1216941499722e-05,1.3807120108054e-13,-1.4991578443519e-15
3311,0,0,3311,2.1975447248426e-11,1.1216176211801e-05,1.385171135727e-13,-1.5042060687745e-15
3312,0,0,3312,2.1976956504739e-11,1.1215408460287e-05,1.3896302410675e-13,-1.5092563132917e-15
3313,0,0,3313,2.1978470813324e-11,1.1214638245189e-05,1.3940893267593e-13,-1.5143085850961e-15
3314,0,0,3314,2.1979990176216e-11,1.1213865566519e-05,1.3985483927321e-13,-1.5193628913867e-15
3315,0,0,3315,2.1981514595455e-11,1.1213090424288e-05,1.403007438906e-13,-1.5244192393659e-15
3316,0,0,3316,2.1983044073091e-11,1.1212312818506e-05,1.4074664652259e-13,-1.5294776362488e-15
3317,0,0,3317,2.1984578611181e-11,1.1211532749185e-05,1.4119254716151e-13,-1.534538089254e-15
3318,0,0,3318,2.1986118211786e-11,1.1210750216335e-05,1.416384457997e-13,-1.5396006056063e-15
3319,0,0,3319,2.1987662876979e-11,1.1209965219968e-05,1.4208434243102e-13,-1.5446651925402e-15
3320,0,0,3320,2.1989212608836e-11,1.1209177760095e-05,1.4253023704842e-13,-1.5497318572937e-15
3321,0,0,3321,2.1990767409443e-11,1.1208387836727e-05,1.4297612964392e-13,-1.5548006071175e-15
3322,0,0,3322,2.1992327280893e-11,1.1207595449875e-05,1.4342202021172e-13,-1.5598714492591e-15
3323,0,0,3323,2.1993892225284e-11,1.120680059955e-05,1.4386790874382e-13,-1.5649443909855e-15
3324,0,0,3324,2.1995462244723e-11,1.1206003285764e-05,1.4431379523318e-13,-1.5700194395667e-15
3325,0,0,3325,2.1997037341325e-11,1.1205203508528e-05,1.4475967967367e-13,-1.5750966022665e-15
3326,0,0,3326,2.1998617517212e-11,1.1204401267854e-05,1.45205562057e-13,-1.580175886384e-15
3327,0,0,3327,2.2000202774511e-11,1.1203596563753e-05,1.4565144237704e-13,-1.5852572991991e-15
3328,0,0,3328,2.2001793115359e-11,1.1202789396235e-05,1.4609732062614e-13,-1.5903408480079e-15
3329,0,0,3329,2.2003388541899e-11,1.1201979765314e-05,1.4654319679692e-13,-1.5954265401223e-15
3330,0,0,3330,2.2004989056282e-11,1.1201167671e-05,1.4698907088327e-13,-1.600514382845e-15
3331,0,0,3331,2.2006594660665e-11,1.1200353113304e-05,1.4743494287719e-13,-1.6056043835042e-15
3332,0,0,3332,2.2008205357215e-11,1.1199536092239e-05,1.4788081277196e-13,-1.6106965494218e-15
3333,0,0,3333,2.2009821148103e-11,1.1198716607816e-05,1.483266805602e-13,-1.6157908879292e-15
3334,0,0,3334,2.2011442035509e-11,1.1197894660047e-05,1.4877254623488e-13,-1.6208874063709e-15
3335,0,0,3335,2.2013068021621e-11,1.1197070248943e-05,1.4921840978892e-13,-1.6259861120979e-15
3336,0,0,3336,2.2014699108634e-11,1.1196243374516e-05,1.4966427121529e-13,-1.6310870124611e-15
3337,0,0,3337,2.2016335298749e-11,1.1195414036779e-05,1.5011013050663e-13,-1.6361901148243e-15
3338,0,0,3338,2.2017976594175e-11,1.1194582235742e-05,1.5055598765557e-13,-1.6412954265676e-15
3339,0,0,3339,2.201962299713e-11,1.1193747971418e-05,1.5100184265506e-13,-1.6464029550547e-15
3340,0,0,3340,2.2021274509838e-11,1.1192911243819e-05,1.5144769549836e-13,-1.6515127076883e-15
3341,0,0,3341,2.202293113453e-11,1.1192072052956e-05,1.5189354617779e-13,-1.6566246918452e-15
3342,0,0,3342,2.2024592873445e-11,1.1191230398841e-05,1.5233939468632e-13,-1.6617389149441e-15
3343,0,0,3343,2.2026259728829e-11,1.1190386281488e-05,1.5278524101658e-13,-1.6668553843845e-15
3344,0,0,3344,2.2027931702937e-11,1.1189539700907e-05,1.5323108516151e-13,-1.6719741075818e-15
3345,0,0,3345,2.2029608798029e-11,1.118869065711e-05,1.5367692711376e-13,-1.6770950919614e-15
3346,0,0,3346,2.2031291016374e-11,1.1187839150111e-05,1.5412276686628e-13,-1.6822183449645e-15
3347,0,0,3347,2.2032978360248e-11,1.1186985179921e-05,1.545686044117e-13,-1.6873438740198e-15
3348,0,0,3348,2.2034670831934e-11,1.1186128746552e-05,1.5501443974298e-13,-1.6924716865782e-15
3349,0,0,3349,2.2036368433724e-11,1.1185269850017e-05,1.5546027285244e-13,-1.6976017901038e-15
3350,0,0,3350,2.2038071167916e-11,1.1184408490328e-05,1.5590610373305e-13,-1.7027341920444e-15
3351,0,0,3351,2.2039779036816e-11,1.1183544667497e-05,1.5635193237773e-13,-1.7078688998867e-15
3352,0,0,3352,2.2041492042737e-11,1.1182678381537e-05,1.5679775877914e-13,-1.7130059211011e-15
3353,0,0,3353,2.2043210188e-11,1.118180963246e-05,1.5724358292961e-13,-1.7181452631808e-15
3354,0,0,3354,2.2044933474934e-11,1.1180938420279e-05,1.5768940482209e-13,-1.7232869336123e-15
3355,0,0,3355,2.2046661905874e-11,1.1180064745006e-05,1.5813522444952e-13,-1.7284309399049e-15
3356,0,0,3356,2.2048395483164e-11,1.1179188606653e-05,1.5858104180424e-13,-1.7335772895744e-15
3357,0,0,3357,2.2050134209154e-11,1.1178310005234e-05,1.5902685687889e-13,-1.73872599013e-15
3358,0,0,3358,2.2051878086203e-11,1.1177428940761e-05,1.5947266966672e-13,-1.7438770491035e-15
3359,0,0,3359,2.2053627116677e-11,1.1176545413246e-05,1.5991848015946e-13,-1.7490304740332e-15
3360,0,0,3360,2.2055381302949e-11,1.1175659422703e-05,1.6036428835097e-13,-1.7541862724608e-15
3361,0,0,3361,2.2057140647401e-11,1.1174770969143e-05,1.6081009423267e-13,-1.7593444519342e-15
3362,0,0,3362,2.2058905152421e-11,1.1173880052581e-05,1.612558977978e-13,-1.764505020021e-15
3363,0,0,3363,2.2060674820406e-11,1.1172986673028e-05,1.6170169903902e-13,-1.7696679842819e-15
3364,0,0,3364,2.2062449653758e-11,1.1172090830498e-05,1.6214749794897e-13,-1.7748333522974e-15
3365,0,0,3365,2.2064229654889e-11,1.1171192525003e-05,1.6259329451997e-13,-1.780001131651e-15
3366,0,0,3366,2.2066014826219e-11,1.1170291756557e-05,1.6303908874497e-13,-1.7851713299391e-15
3367,0,0,3367,2.2067805170174e-11,1.1169388525173e-05,1.6348488061663e-13,-1.7903439547552e-15
3368,0,0,3368,2.2069600689188e-11,1.1168482830863e-05,1.6393067012664e-13,-1.7955190137182e-15
3369,0,0,3369,2.2071401385702e-11,1.116757467364e-05,1.643764572692e-13,-1.8006965144409e-15
3370,0,0,3370,2.2073207262167e-11,1.1166664053518e-05,1.6482224203511e-13,-1.805876464552e-15
3371,0,0,3371,2.2075018321039e-11,1.1165750970511e-05,1.6526802441822e-13,-1.8110588716803e-15
3372,0,0,3372,2.2076834564782e-11,1.116483542463e-05,1.6571380441057e-13,-1.8162437434804e-15
3373,0,0,3373,2.207865599587e-11,1.116391741589e-05,1.661595820048e-13,-1.8214310875974e-15
3374,0,0,3374,2.2080482616781e-11,1.1162996944303e-05,1.6660535719355e-13,-1.8266209116892e-15
3375,0,0,3375,2.2082314430005e-11,1.1162074009883e-05,1.6705112996884e-13,-1.8318132234329e-15
3376,0,0,3376,2.2084151438035e-11,1.1161148612644e-05,1.6749690032394e-13,-1.8370080305026e-15
3377,0,0,3377,2.2085993643376e-11,1.1160220752598e-05,1.6794266825117e-13,-1.8422053405757e-15
3378,0,0,3378,2.2087841048537e-11,1.115929042976e-05,1.6838843374226e-13,-1.8474051613648e-15
3379,0,0,3379,2.2089693656038e-11,1.1158357644142e-05,1.6883419679077e-13,-1.8526075005603e-15
3380,0,0,3380,2.2091551468404e-11,1.1157422395759e-05,1.6927995738872e-13,-1.8578123658781e-15
3381,0,0,3381,2.2093414488169e-11,1.1156484684623e-05,1.6972571552846e-13,-1.8630197650408e-15
3382,0,0,3382,2.2095282717874e-11,1.1155544510749e-05,1.7017147120261e-13,-1.868229705774e-15
3383,0,0,3383,2.209715616007e-11,1.115460187415e-05,1.7061722440383e-13,-1.8734421958262e-15
3384,0,0,3384,2.2099034817313e-11,1.115365677484e-05,1.7106297512413e-13,-1.8786572429328e-15
3385,0,0,3385,2.2100918692168e-11,1.1152709212833e-05,1.7150872335617e-13,-1.8838748548583e-15
3386,0,0,3386,2.2102807787207e-11,1.1151759188142e-05,1.7195446909289e-13,-1.8890950393639e-15
3387,0,0,3387,2.2104702105012e-11,1.1150806700781e-05,1.7240021232539e-13,-1.8943178042304e-15
3388,0,0,3388,2.2106601648169e-11,1.1149851750764e-05,1.7284595304785e-13,-1.899543157232e-15
3389,0,0,3389,2.2108506419275e-11,1.1148894338105e-05,1.7329169125107e-13,-1.9047711061654e-15
3390,0,0,3390,2.2110416420934e-11,1.1147934462818e-05,1.7373742692831e-13,-1.9100016588339e-15
3391,0,0,3391,2.2112331655757e-11,1.1146972124917e-05,1.741831600719e-13,-1.9152348230441e-15
3392,0,0,3392,2.2114252126364e-11,1.1146007324416e-05,1.7462889067417e-13,-1.9204706066155e-15
3393,0,0,3393,2.2116177835381e-11,1.1145040061329e-05,1.7507461872715e-13,-1.9257090173803e-15
3394,0,0,3394,2.2118108785444e-11,1.1144070335671e-05,1.7552034422349e-13,-1.9309500631742e-15
3395,0,0,3395,2.2120044979196e-11,1.1143098147454e-05,1.7596606715582e-13,-1.9361937518393e-15
3396,0,0,3396,2.2121986419287e-11,1.1142123496695e-05,1.7641178751617e-13,-1.9414400912401e-15
3397,0,0,3397,2.2123933108376e-11,1.1141146383406e-05,1.7685750529658e-13,-1.946689089235e-15
3398,0,0,3398,2.212588504913e-11,1.1140166807602e-05,1.7730322048998e-13,-1.9519407537015e-15
3399,0,0,3399,2.2127842244223e-11,1.1139184769297e-05,1.7774893308809e-13,-1.9571950925237e-15
3400,0,0,3400,2.2129804696336e-11,1.1138200268507e-05,1.7819464308388e-13,-1.9624521135922e-15
3401,0,0,3401,2.2131772408161e-11,1.1137213305245e-05,1.7864035046935e-13,-1.9677118248136e-15
3402,0,0,3402,2.2133745382395e-11,1.1136223879525e-05,1.7908605523625e-13,-1.9729742340913e-15
3403,0,0,3403,2.2135723621744e-11,1.1135231991363e-05,1.7953175737781e-13,-1.9782393493611e-15
3404,0,0,3404,2.2137707128923e-11,1.1134237640772e-05,1.7997745688545e-13,-1.9835071785363e-15
3405,0,0,3405,2.2139695906653e-11,1.1133240827768e-05,1.8042315375182e-13,-1.9887777295718e-15
3406,0,0,3406,2.2141689957663e-11,1.1132241552365e-05,1.8086884796955e-13,-1.99405101041e-15
3407,0,0,3407,2.2143689284692e-11,1.1131239814578e-05,1.8131453953037e-13,-1.9993270290092e-15
3408,0,0,3408,2.2145693890485e-11,1.113023561442e-05,1.817602284263e-13,-2.0046057933408e-15
3409,0,0,3409,2.2147703777797e-11,1.1129228951909e-05,1.822059146503e-13,-2.0098873113857e-15
3410,0,0,3410,2.2149718949388e-11,1.1128219827057e-05,1.8265159819377e-13,-2.0151715911249e-15
3411,0,0,3411,2.2151739408028e-11,1.112720823988e-05,1.8309727904967e-13,-2.0204586405622e-15
3412,0,0,3412,2.2153765156496e-11,1.1126194190392e-05,1.8354295720971e-13,-2.0257484677042e-15
3413,0,0,3413,2.2155796197577e-11,1.112517767861e-05,1.8398863266623e-13,-2.0310410805643e-15
3414,0,0,3414,2.2157832534064e-11,1.1124158704547e-05,1.8443430541125e-13,-2.036336487172e-15
3415,0,0,3415,2.2159874168759e-11,1.1123137268218e-05,1.8487997543712e-13,-2.0416346955665e-15
3416,0,0,3416,2.2161921104473e-11,1.112211336964e-05,1.8532564273586e-13,-2.0469357137901e-15
3417,0,0,3417,2.2163973344023e-11,1.1121087008826e-05,1.857713072998e-13,-2.0522395499014e-15
3418,0,0,3418,2.2166030890235e-11,1.1120058185792e-05,1.8621696912097e-13,-2.0575462119655e-15
3419,0,0,3419,2.2168093745943e-11,1.1119026900553e-05,1.866626281914e-13,-2.0628557080569e-15
3420,0,0,3420,2.2170161913989e-11,1.1117993153125e-05,1.8710828450311e-13,-2.0681680462698e-15
3421,0,0,3421,2.2172235397224e-11,1.1116956943523e-05,1.8755393804876e-13,-2.0734832346854e-15
3422,0,0,3422,2.2174314198506e-11,1.1115918271761e-05,1.8799958881974e-13,-2.0788012814268e-15
3423,0,0,3423,2.21763983207e-11,1.1114877137856e-05,1.8844523680871e-13,-2.0841221946011e-15
3424,0,0,3424,2.2178487766682e-11,1.1113833541823e-05,1.8889088200738e-13,-2.0894459823314e-15
3425,0,0,3425,2.2180582539335e-11,1.1112787483677e-05,1.8933652440779e-13,-2.0947726527635e-15
3426,0,0,3426,2.2182682641549e-11,1.1111738963434e-05,1.8978216400195e-13,-2.1001022140368e-15
3427,0,0,3427,2.2184788076224e-11,1.1110687981109e-05,1.9022780078282e-13,-2.1054346743099e-15
3428,0,0,3428,2.2186898846265e-11,1.1109634536718e-05,1.906734347409e-13,-2.1107700417481e-15
3429,0,0,3429,2.218901495459e-11,1.1108578630277e-05,1.9111906586942e-13,-2.1161083245358e-15
3430,0,0,3430,2.2191136404121e-11,1.1107520261801e-05,1.9156469415982e-13,-2.1214495308481e-15
3431,0,0,3431,2.219326319779e-11,1.1106459431306e-05,1.9201031960412e-13,-2.1267936688952e-15
3432,0,0,3432,2.2195395338536e-11,1.1105396138808e-05,1.9245594219496e-13,-2.1321407468779e-15
3433,0,0,3433,2.2197532829309e-11,1.1104330384322e-05,1.9290156192313e-13,-2.1374907730131e-15
3434,0,0,3434,2.2199675673065e-11,1.1103262167865e-05,1.9334717878191e-13,-2.1428437555403e-15
3435,0,0,3435,2.2201823872768e-11,1.1102191489452e-05,1.9379279276207e-13,-2.148199702686e-15
3436,0,0,3436,2.220397743139e-11,1.1101118349099e-05,1.9423840385658e-13,-2.1535586227092e-15
3437,0,0,3437,2.2206136351914e-11,1.1100042746822e-05,1.9468401205655e-13,-2.1589205238622e-15
3438,0,0,3438,2.2208300637329e-11,1.1098964682638e-05,1.951296173546e-13,-2.1642854144233e-15
3439,0,0,3439,2.2210470290631e-11,1.1097884156562e-05,1.9557521974216e-13,-2.1696533026741e-15
3440,0,0,3440,2.2212645314828e-11,1.1096801168611e-05,1.9602081921126e-13,-2.1750241968959e-15
3441,0,0,3441,2.2214825712934e-11,1.10957157188e-05,1.9646641575391e-13,-2.1803981054059e-15
3442,0,0,3442,2.221701148797e-11,1.1094627807146e-05,1.9691200936185e-13,-2.1857750365082e-15
3443,0,0,3443,2.2219202642969e-11,1.1093537433665e-05,1.9735760002711e-13,-2.1911549985328e-15
3444,0,0,3444,2.2221399180969e-11,1.1092444598374e-05,1.9780318774139e-13,-2.196537999803e-15
3445,0,0,3445,2.2223601105017e-11,1.1091349301288e-05,1.9824877249673e-13,-2.2019240486781e-15
3446,0,0,3446,2.2225808418171e-11,1.1090251542425e-05,1.9869435428486e-13,-2.2073131535106e-15
3447,0,0,3447,2.2228021123493e-11,1.10891513218e-05,1.9913993309779e-13,-2.2127053226627e-15
3448,0,0,3448,2.2230239224058e-11,1.108804863943e-05,1.9958550892664e-13,-2.2181005645193e-15
3449,0,0,3449,2.2232462722945e-11,1.1086943495332e-05,2.0003108176435e-13,-2.2234988874622e-15
3450,0,0,3450,2.2234691623245e-11,1.1085835889522e-05,2.0047665160173e-13,-2.2289002998989e-15
3451,0,0,3451,2.2236925928055e-11,1.1084725822017e-05,2.0092221843111e-13,-2.2343048102335e-15
3452,0,0,3452,2.2239165640482e-11,1.1083613292833e-05,2.0136778224421e-13,-2.2397124268963e-15
3453,0,0,3453,2.2241410763641e-11,1.1082498301988e-05,2.0181334303245e-13,-2.245123158311e-15
3454,0,0,3454,2.2243661300654e-11,1.1081380849497e-05,2.0225890078815e-13,-2.250537012927e-15
3455,0,0,3455,2.2245917254653e-11,1.1080260935378e-05,2.0270445550274e-13,-2.2559539992035e-15
3456,0,0,3456,2.2248178628778e-11,1.1079138559648e-05,2.0315000716762e-13,-2.2613741255966e-15
3457,0,0,3457,2.2250445426179e-11,1.1078013722323e-05,2.0359555577545e-13,-2.2667974005945e-15
3458,0,0,3458,2.2252717650012e-11,1.1076886423421e-05,2.0404110131671e-13,-2.2722238326759e-15
3459,0,0,3459,2.2254995303442e-11,1.1075756662958e-05,2.0448664378405e-13,-2.2776534303516e-15
3460,0,0,3460,2.2257278389644e-11,1.1074624440952e-05,2.0493218316857e-13,-2.2830862021262e-15
3461,0,0,3461,2.2259566911801e-11,1.1073489757419e-05,2.053777194626e-13,-2.2885221565234e-15
3462,0,0,3462,2.2261860873103e-11,1.1072352612376e-05,2.0582325265726e-13,-2.29396130208e-15
3463,0,0,3463,2.226416027675e-11,1.1071213005842e-05,2.0626878274458e-13,-2.2994036473359e-15
3464,0,0,3464,2.2266465125951e-11,1.1070070937832e-05,2.0671430971565e-13,-2.3048492008507e-15
3465,0,0,3465,2.2268775423922e-11,1.1068926408365e-05,2.0715983356251e-13,-2.3102979711998e-15
3466,0,0,3466,2.2271091173889e-11,1.1067779417458e-05,2.0760535427689e-13,-2.3157499669555e-15
3467,0,0,3467,2.2273412379086e-11,1.1066629965127e-05,2.0805087185018e-13,-2.3212051967063e-15
3468,0,0,3468,2.2275739042755e-11,1.1065478051391e-05,2.0849638627382e-13,-2.3266636690665e-15
3469,0,0,3469,2.2278071168148e-11,1.1064323676266e-05,2.0894189753982e-13,-2.3321253926374e-15
3470,0,0,3470,2.2280408758524e-11,1.1063166839771e-05,2.093874056396e-13,-2.3375903760561e-15
3471,0,0,3471,2.2282751817152e-11,1.1062007541922e-05,2.0983291056427e-13,-2.3430586279594e-15
3472,0,0,3472,2.2285100347309e-11,1.1060845782738e-05,2.1027841230616e-13,-2.3485301569875e-15
3473,0,0,3473,2.228745435228e-11,1.1059681562236e-05,2.1072391085608e-13,-2.3540049718129e-15
3474,0,0,3474,2.2289813835361e-11,1.1058514880434e-05,2.1116940620605e-13,-2.3594830811047e-15
3475,0,0,3475,2.2292178799855e-11,1.1057345737349e-05,2.1161489834748e-13,-2.3649644935485e-15
3476,0,0,3476,2.2294549249073e-11,1.1056174133e-05,2.120603872718e-13,-2.3704492178393e-15
3477,0,0,3477,2.2296925186336e-11,1.1055000067403e-05,2.1250587297041e-13,-2.3759372626883e-15
3478,0,0,3478,2.2299306614972e-11,1.1053823540578e-05,2.1295135543473e-13,-2.3814286368133e-15
3479,0,0,3479,2.2301693538321e-11,1.1052644552541e-05,2.1339683465679e-13,-2.3869233489546e-15
3480,0,0,3480,2.2304085959729e-11,1.1051463103311e-05,2.1384231062739e-13,-2.3924214078459e-15
3481,0,0,3481,2.2306483882551e-11,1.1050279192906e-05,2.1428778333824e-13,-2.3979228222537e-15
3482,0,0,3482,2.2308887310152e-11,1.1049092821343e-05,2.1473325278078e-13,-2.4034276009439e-15
3483,0,0,3483,2.2311296245905e-11,1.1047903988642e-05,2.151787189464e-13,-2.4089357526924e-15
3484,0,0,3484,2.2313710693191e-11,1.104671269482e-05,2.1562418182652e-13,-2.414447286301e-15
3485,0,0,3485,2.2316130655402e-11,1.1045518939895e-05,2.1606964141256e-13,-2.4199622105715e-15
3486,0,0,3486,2.2318556135936e-11,1.1044322723885e-05,2.1651509769593e-13,-2.4254805343184e-15
3487,0,0,3487,2.2320987138203e-11,1.104312404681e-05,2.1696055066775e-13,-2.4310022663789e-15
3488,0,0,3488,2.2323423665618e-11,1.1041922908687e-05,2.1740600031972e-13,-2.436527415584e-15
3489,0,0,3489,2.2325865721609e-11,1.1040719309534e-05,2.1785144664266e-13,-2.4420559908032e-15
3490,0,0,3490,2.232831330961e-11,1.103951324937e-05,2.1829688962889e-13,-2.4475880008866e-15
3491,0,0,3491,2.2330766433065e-11,1.1038304728214e-05,2.1874232926861e-13,-2.4531234547297e-15
3492,0,0,3492,2.2333225095426e-11,1.1037093746084e-05,2.1918776555414e-13,-2.458662361215e-15
3493,0,0,3493,2.2335689300155e-11,1.1035880302998e-05,2.1963319847569e-13,-2.4642047292476e-15
3494,0,0,3494,2.2338159050723e-11,1.1034664398976e-05,2.2007862802527e-13,-2.4697505677488e-15
3495,0,0,3495,2.2340634350608e-11,1.1033446034036e-05,2.2052405419429e-13,-2.4752998856398e-15
3496,0,0,3496,2.23431152033e-11,1.1032225208196e-05,2.2096947697357e-13,-2.4808526918742e-15
3497,0,0,3497,2.2345601612296e-11,1.1031001921476e-05,2.2141489635421e-13,-2.486408995396e-15
3498,0,0,3498,2.2348093581101e-11,1.1029776173894e-05,2.2186031232823e-13,-2.491968805178e-15
3499,0,0,3499,2.2350591113231e-11,1.1028547965469e-05,2.2230572488613e-13,-2.4975321301998e-15
3500,0,0,3500,2.2353094212211e-11,1.1027317296221e-05,2.2275113401902e-13,-2.5030989794536e-15
3501,0,0,3501,2.2355602881573e-11,1.1026084166167e-05,2.2319653971893e-13,-2.5086693619481e-15
3502,0,0,3502,2.2358117124859e-11,1.1024848575327e-05,2.2364194197635e-13,-2.5142432866948e-15
3503,0,0,3503,2.2360636945622e-11,1.1023610523721e-05,2.2408734078238e-13,-2.5198207627315e-15
3504,0,0,3504,2.2363162347421e-11,1.1022370011366e-05,2.2453273612876e-13,-2.5254017991022e-15
3505,0,0,3505,2.2365693333826e-11,1.1021127038284e-05,2.2497812800597e-13,-2.5309864048607e-15
3506,0,0,3506,2.2368229908415e-11,1.1019881604491e-05,2.2542351640604e-13,-2.5365745890768e-15
3507,0,0,3507,2.2370772074776e-11,1.1018633710009e-05,2.2586890131855e-13,-2.542166360843e-15
3508,0,0,3508,2.2373319836505e-11,1.1017383354856e-05,2.2631428273644e-13,-2.5477617292423e-15
3509,0,0,3509,2.2375873197208e-11,1.1016130539051e-05,2.267596606496e-13,-2.5533607033929e-15
3510,0,0,3510,2.2378432160501e-11,1.1014875262614e-05,2.2720503504944e-13,-2.5589632924133e-15
3511,0,0,3511,2.2380996730006e-11,1.1013617525565e-05,2.2765040592676e-13,-2.5645695054477e-15
3512,0,0,3512,2.2383566909358e-11,1.1012357327922e-05,2.2809577327328e-13,-2.5701793516306e-15
3513,0,0,3513,2.2386142702198e-11,1.1011094669707e-05,2.285411370792e-13,-2.5757928401385e-15
3514,0,0,3514,2.2388724112178e-11,1.1009829550937e-05,2.2898649733653e-13,-2.5814099801382e-15
3515,0,0,3515,2.2391311142959e-11,1.1008561971633e-05,2.2943185403516e-13,-2.5870307808226e-15
3516,0,0,3516,2.239390379821e-11,1.1007291931814e-05,2.2987720716681e-13,-2.5926552513939e-15
3517,0,0,3517,2.2396502081611e-11,1.1006019431501e-05,2.3032255672259e-13,-2.5982834010642e-15
3518,0,0,3518,2.2399105996851e-11,1.1004744470712e-05,2.3076790269269e-13,-2.6039152390715e-15
3519,0,0,3519,2.2401715547625e-11,1.1003467049469e-05,2.3121324506882e-13,-2.609550774644e-15
3520,0,0,3520,2.2404330737642e-11,1.100218716779e-05,2.3165858384149e-13,-2.6151900170552e-15
3521,0,0,3521,2.2406951570618e-11,1.1000904825696e-05,2.321039190021e-13,-2.6208329755623e-15
3522,0,0,3522,2.2409578050277e-11,1.0999620023207e-05,2.3254925054115e-13,-2.6264796594518e-15
3523,0,0,3523,2.2412210180355e-11,1.0998332760343e-05,2.3299457844945e-13,-2.6321300780262e-15
3524,0,0,3524,2.2414847964596e-11,1.0997043037123e-05,2.334399027184e-13,-2.6377842405913e-15
3525,0,0,3525,2.2417491406752e-11,1.0995750853569e-05,2.338852233382e-13,-2.6434421564723e-15
3526,0,0,3526,2.2420140510587e-11,1.09944562097e-05,2.3433054030056e-13,-2.6491038350105e-15
3527,0,0,3527,2.2422795279873e-11,1.0993159105536e-05,2.3477585359538e-13,-2.6547692855505e-15
3528,0,0,3528,2.242545571839e-11,1.0991859541099e-05,2.3522116321405e-13,-2.6604385174723e-15
3529,0,0,3529,2.2428121829931e-11,1.0990557516407e-05,2.3566646914769e-13,-2.6661115401399e-15
3530,0,0,3530,2.2430793618294e-11,1.0989253031482e-05,2.3611177138618e-13,-2.6717883629625e-15
3531,0,0,3531,2.2433471087289e-11,1.0987946086345e-05,2.3655706992094e-13,-2.6774689953331e-15
3532,0,0,3532,2.2436154240736e-11,1.0986636681015e-05,2.3700236474308e-13,-2.6831534466899e-15
3533,0,0,3533,2.2438843082462e-11,1.0985324815513e-05,2.3744765584277e-13,-2.6888417264551e-15
3534,0,0,3534,2.2441537616306e-11,1.098401048986e-05,2.3789294321052e-13,-2.6945338440831e-15
3535,0,0,3535,2.2444237846115e-11,1.0982693704076e-05,2.3833822683774e-13,-2.7002298090476e-15
3536,0,0,3536,2.2446943775746e-11,1.0981374458183e-05,2.3878350671523e-13,-2.7059296308129e-15
3537,0,0,3537,2.2449655409065e-11,1.09800527522e-05,2.3922878283287e-13,-2.7116333188785e-15
3538,0,0,3538,2.2452372749948e-11,1.0978728586149e-05,2.3967405518178e-13,-2.717340882757e-15
3539,0,0,3539,2.245509580228e-11,1.0977401960051e-05,2.4011932375305e-13,-2.7230523319578e-15
3540,0,0,3540,2.2457824569956e-11,1.0976072873927e-05,2.4056458853688e-13,-2.728767676029e-15
3541,0,0,3541,2.246055905688e-11,1.0974741327797e-05,2.4100984952407e-13,-2.734486924509e-15
3542,0,0,3542,2.2463299266967e-11,1.0973407321682e-05,2.4145510670511e-13,-2.7402100869782e-15
3543,0,0,3543,2.246604520414e-11,1.0972070855605e-05,2.4190036007049e-13,-2.7459371729977e-15
3544,0,0,3544,2.2468796872332e-11,1.0970731929585e-05,2.4234560961164e-13,-2.7516681921738e-15
3545,0,0,3545,2.2471554275486e-11,1.0969390543644e-05,2.4279085531782e-13,-2.7574031541128e-15
3546,0,0,3546,2.2474317417555e-11,1.0968046697803e-05,2.4323609718106e-13,-2.7631420684305e-15
3547,0,0,3547,2.24770863025e-11,1.0966700392084e-05,2.4368133519062e-13,-2.7688849447787e-15
3548,0,0,3548,2.2479860934292e-11,1.0965351626507e-05,2.4412656933822e-13,-2.7746317927925e-15
3549,0,0,3549,2.2482641316914e-11,1.0964000401095e-05,2.4457179961314e-13,-2.7803826221558e-15
3550,0,0,3550,2.2485427454357e-11,1.0962646715868e-05,2.450170260071e-13,-2.7861374425332e-15
3551,0,0,3551,2.2488219350621e-11,1.0961290570849e-05,2.4546224850967e-13,-2.7918962636406e-15
3552,0,0,3552,2.2491017009716e-11,1.0959931966058e-05,2.4590746711195e-13,-2.797659095175e-15
3553,0,0,3553,2.2493820435663e-11,1.0958570901518e-05,2.4635268180415e-13,-2.8034259468652e-15
3554,0,0,3554,2.2496629632491e-11,1.095720737725e-05,2.4679789257705e-13,-2.8091968284631e-15
3555,0,0,3555,2.2499444604241e-11,1.0955841393275e-05,2.4724309942023e-13,-2.8149717497074e-15
3556,0,0,3556,2.2502265354961e-11,1.0954472949616e-05,2.4768830232541e-13,-2.8207507203885e-15
3557,0,0,3557,2.2505091888712e-11,1.0953102046294e-05,2.4813350128156e-13,-2.8265337502807e-15
3558,0,0,3558,2.2507924209561e-11,1.0951728683331e-05,2.485786962804e-13,-2.8323208491908e-15
3559,0,0,3559,2.2510762321588e-11,1.0950352860749e-05,2.4902388731149e-13,-2.8381120269348e-15
3560,0,0,3560,2.2513606228881e-11,1.094897457857e-05,2.4946907436534e-13,-2.8439072933454e-15
3561,0,0,3561,2.2516455935539e-11,1.0947593836816e-05,2.4991425743275e-13,-2.8497066582679e-15
3562,0,0,3562,2.2519311445671e-11,1.094621063551e-05,2.5035943650329e-13,-2.8555101315703e-15
3563,0,0,3563,2.2522172763394e-11,1.0944824974672e-05,2.5080461156806e-13,-2.8613177231239e-15
3564,0,0,3564,2.2525039892837e-11,1.0943436854326e-05,2.5124978261666e-13,-2.867129442829e-15
3565,0,0,3565,2.2527912838137e-11,1.0942046274494e-05,2.5169494963986e-13,-2.8729453005891e-15
3566,0,0,3566,2.2530791603444e-11,1.0940653235198e-05,2.5214011262787e-13,-2.8787653063368e-15
3567,0,0,3567,2.2533676192914e-11,1.093925773646e-05,2.5258527157087e-13,-2.8845894700016e-15
3568,0,0,3568,2.2536566610715e-11,1.0937859778303e-05,2.5303042645905e-13,-2.8904178015516e-15
3569,0,0,3569,2.2539462861026e-11,1.0936459360749e-05,2.534755772829e-13,-2.8962503109454e-15
3570,0,0,3570,2.2542364948034e-11,1.093505648382e-05,2.53920724032e-13,-2.9020870081768e-15
3571,0,0,3571,2.2545272875938e-11,1.093365114754e-05,2.5436586669745e-13,-2.9079279032529e-15
3572,0,0,3572,2.2548186648944e-11,1.0932243351931e-05,2.5481100526884e-13,-2.9137730061839e-15
3573,0,0,3573,2.2551106271271e-11,1.0930833097015e-05,2.5525613973603e-13,-2.919622327009e-15
3574,0,0,3574,2.2554031747147e-11,1.0929420382816e-05,2.5570127009015e-13,-2.9254758757804e-15
3575,0,0,3575,2.2556963080809e-11,1.0928005209356e-05,2.5614639632076e-13,-2.9313336625567e-15
3576,0,0,3576,2.2559900276507e-11,1.0926587576657e-05,2.5659151841744e-13,-2.9371956974257e-15
3577,0,0,3577,2.2562843338497e-11,1.0925167484743e-05,2.570366363713e-13,-2.943061990488e-15
3578,0,0,3578,2.2565792271049e-11,1.0923744933638e-05,2.5748175017222e-13,-2.9489325518507e-15
3579,0,0,3579,2.2568747078441e-11,1.0922319923362e-05,2.5792685980916e-13,-2.9548073916533e-15
3580,0,0,3580,2.2571707764961e-11,1.0920892453941e-05,2.5837196527383e-13,-2.9606865200319e-15
3581,0,0,3581,2.2574674334908e-11,1.0919462525396e-05,2.5881706655521e-13,-2.9665699471551e-15
3582,0,0,3582,2.2577646792591e-11,1.0918030137752e-05,2.5926216364379e-13,-2.9724576832043e-15
3583,0,0,3583,2.2580625142329e-11,1.0916595291031e-05,2.5970725652883e-13,-2.9783497383705e-15
3584,0,0,3584,2.2583609388452e-11,1.0915157985256e-05,2.6015234520145e-13,-2.9842461228644e-15
3585,0,0,3585,2.2586599535299e-11,1.0913718220452e-05,2.605974296506e-13,-2.990146846919e-15
3586,0,0,3586,2.258959558722e-11,1.091227599664e-05,2.6104250986678e-13,-2.9960519207708e-15
3587,0,0,3587,2.2592597548575e-11,1.0910831313845e-05,2.6148758583987e-13,-3.0019613546883e-15
3588,0,0,3588,2.2595605423734e-11,1.0909384172091e-05,2.6193265755975e-13,-3.0078751589467e-15
3589,0,0,3589,2.2598619217077e-11,1.09079345714e-05,2.623777250163e-13,-3.0137933438373e-15
3590,0,0,3590,2.2601638932997e-11,1.0906482511797e-05,2.6282278819941e-13,-3.0197159196741e-15
3591,0,0,3591,2.2604664575894e-11,1.0905027993305e-05,2.6326784709896e-13,-3.0256428967805e-15
3592,0,0,3592,2.2607696150179e-11,1.0903571015947e-05,2.6371290170482e-13,-3.0315742855029e-15
3593,0,0,3593,2.2610733660276e-11,1.0902111579748e-05,2.6415795200688e-13,-3.0375100962003e-15
3594,0,0,3594,2.2613777110615e-11,1.0900649684732e-05,2.6460299799471e-13,-3.0434503392546e-15
3595,0,0,3595,2.261682650564e-11,1.0899185330921e-05,2.6504803965851e-13,-3.0493950250572e-15
3596,0,0,3596,2.2619881849804e-11,1.0897718518341e-05,2.6549307698753e-13,-3.0553441640157e-15
3597,0,0,3597,2.262294314757e-11,1.0896249247016e-05,2.6593810997228e-13,-3.0612977665636e-15
3598,0,0,3598,2.2626010403414e-11,1.0894777516968e-05,2.6638313860202e-13,-3.067255843144e-15
3599,0,0,3599,2.2629083621818e-11,1.0893303328223e-05,2.6682816286632e-13,-3.0732184042195e-15
3600,0,0,3600,2.2632162807278e-11,1.0891826680804e-05,2.6727318275569e-13,-3.0791854602687e-15
3601,0,0,3601,2.26352479643e-11,1.0890347574737e-05,2.6771819825847e-13,-3.0851570217898e-15
3602,0,0,3602,2.2638339097399e-11,1.0888866010044e-05,2.6816320936607e-13,-3.0911330992937e-15
3603,0,0,3603,2.2641436211102e-11,1.0887381986751e-05,2.6860821606654e-13,-3.0971137033141e-15
3604,0,0,3604,2.2644539309947e-11,1.0885895504882e-05,2.6905321835067e-13,-3.1030988443976e-15
3605,0,0,3605,2.264764839848e-11,1.0884406564461e-05,2.6949821620774e-13,-3.1090885331133e-15
3606,0,0,3606,2.265076348126e-11,1.0882915165512e-05,2.699432096267e-13,-3.1150827800368e-15
3607,0,0,3607,2.2653884562856e-11,1.0881421308061e-05,2.7038819859867e-13,-3.1210815957729e-15
3608,0,0,3608,2.2657011647847e-11,1.0879924992133e-05,2.7083318311169e-13,-3.1270849909424e-15
3609,0,0,3609,2.2660144740823e-11,1.0878426217751e-05,2.7127816315593e-13,-3.1330929761759e-15
3610,0,0,3610,2.2663283846385e-11,1.087692498494e-05,2.717231387213e-13,-3.1391055621299e-15
3611,0,0,3611,2.2666428969145e-11,1.0875421293726e-05,2.7216810979674e-13,-3.1451227594735e-15
3612,0,0,3612,2.2669580113723e-11,1.0873915144132e-05,2.7261307637213e-13,-3.1511445788957e-15
3613,0,0,3613,2.2672737284755e-11,1.0872406536185e-05,2.7305803843676e-13,-3.1571710311011e-15
3614,0,0,3614,2.2675900486881e-11,1.0870895469909e-05,2.7350299598018e-13,-3.1632021268142e-15
3615,0,0,3615,2.2679069724758e-11,1.0869381945329e-05,2.7394794899229e-13,-3.1692378767818e-15
3616,0,0,3616,2.268224500305e-11,1.086786596247e-05,2.7439289746143e-13,-3.175278291754e-15
3617,0,0,3617,2.2685426326432e-11,1.0866347521358e-05,2.7483784137778e-13,-3.1813233825165e-15
3618,0,0,3618,2.2688613699592e-11,1.0864826622017e-05,2.7528278073124e-13,-3.1873731598614e-15
3619,0,0,3619,2.2691807127227e-11,1.0863303264472e-05,2.7572771550983e-13,-3.1934276346034e-15
3620,0,0,3620,2.2695006614044e-11,1.086177744875e-05,2.7617264570437e-13,-3.1994868175735e-15
3621,0,0,3621,2.2698212164764e-11,1.0860249174876e-05,2.766175713032e-13,-3.2055507196251e-15
3622,0,0,3622,2.2701423784116e-11,1.0858718442874e-05,2.7706249229589e-13,-3.2116193516215e-15
3623,0,0,3623,2.270464147684e-11,1.0857185252771e-05,2.7750740867203e-13,-3.2176927244485e-15
3624,0,0,3624,2.2707865247689e-11,1.0855649604592e-05,2.7795232042087e-13,-3.2237708490209e-15
3625,0,0,3625,2.2711095101425e-11,1.0854111498362e-05,2.7839722753138e-13,-3.2298537362473e-15
3626,0,0,3626,2.2714331042822e-11,1.0852570934108e-05,2.7884212999283e-13,-3.2359413970845e-15
3627,0,0,3627,2.2717573076665e-11,1.0851027911855e-05,2.7928702779479e-13,-3.2420338424766e-15
3628,0,0,3628,2.2720821207748e-11,1.0849482431629e-05,2.7973192092623e-13,-3.2481310834127e-15
3629,0,0,3629,2.2724075440879e-11,1.0847934493456e-05,2.8017680937671e-13,-3.2542331308918e-15
3630,0,0,3630,2.2727335780875e-11,1.0846384097361e-05,2.806216931349e-13,-3.2603399959193e-15
3631,0,0,3631,2.2730602232565e-11,1.0844831243371e-05,2.8106657219006e-13,-3.2664516895425e-15
3632,0,0,3632,2.2733874800788e-11,1.0843275931512e-05,2.8151144653177e-13,-3.2725682227991e-15
3633,0,0,3633,2.2737153490394e-11,1.0841718161809e-05,2.8195631614898e-13,-3.2786896067785e-15
3634,0,0,3634,2.2740438306247e-11,1.084015793429e-05,2.8240118103005e-13,-3.2848158525573e-15
3635,0,0,3635,2.2743729253218e-11,1.0838595248979e-05,2.8284604116547e-13,-3.2909469712505e-15
3636,0,0,3636,2.2747026336192e-11,1.0837030105905e-05,2.8329089654298e-13,-3.2970829739897e-15
3637,0,0,3637,2.2750329560064e-11,1.0835462505092e-05,2.8373574715245e-13,-3.3032238719192e-15
3638,0,0,3638,2.275363892974e-11,1.0833892446567e-05,2.8418059298254e-13,-3.3093696762058e-15
3639,0,0,3639,2.2756954450138e-11,1.0832319930357e-05,2.8462543402283e-13,-3.3155203980359e-15
3640,0,0,3640,2.2760276126187e-11,1.0830744956488e-05,2.8507027026105e-13,-3.3216760486152e-15
3641,0,0,3641,2.2763603962826e-11,1.0829167524987e-05,2.855151016877e-13,-3.3278366391656e-15
3642,0,0,3642,2.2766937965007e-11,1.082758763588e-05,2.8595992829082e-13,-3.3340021809348e-15
3643,0,0,3643,2.2770278137692e-11,1.0826005289195e-05,2.8640475005936e-13,-3.3401726851835e-15
3644,0,0,3644,2.2773624485855e-11,1.0824420484957e-05,2.868495669826e-13,-3.3463481631884e-15
3645,0,0,3645,2.2776977014482e-11,1.0822833223195e-05,2.872943790495e-13,-3.3525286262619e-15
3646,0,0,3646,2.2780335728567e-11,1.0821243503934e-05,2.8773918624841e-13,-3.3587140857195e-15
3647,0,0,3647,2.278370063312e-11,1.0819651327201e-05,2.8818398856828e-13,-3.3649045528995e-15
3648,0,0,3648,2.2787071733159e-11,1.0818056693024e-05,2.886287859987e-13,-3.3711000391627e-15
3649,0,0,3649,2.2790449033715e-11,1.081645960143e-05,2.890735785277e-13,-3.3773005558957e-15
3650,0,0,3650,2.279383253983e-11,1.0814860052446e-05,2.8951836614456e-13,-3.3835061144948e-15
3651,0,0,3651,2.2797222256556e-11,1.0813258046099e-05,2.8996314883731e-13,-3.3897167263726e-15
3652,0,0,3652,2.2800618188959e-11,1.0811653582416e-05,2.9040792659553e-13,-3.3959324029771e-15
3653,0,0,3653,2.2804020342115e-11,1.0810046661425e-05,2.9085269940756e-13,-3.4021531557661e-15
3654,0,0,3654,2.2807428721111e-11,1.0808437283153e-05,2.9129746726268e-13,-3.4083789962167e-15
3655,0,0,3655,2.2810843331047e-11,1.0806825447627e-05,2.9174223014862e-13,-3.4146099358254e-15
3656,0,0,3656,2.2814264177033e-11,1.0805211154875e-05,2.9218698805465e-13,-3.4208459861179e-15
3657,0,0,3657,2.2817691264192e-11,1.0803594404925e-05,2.9263174096943e-13,-3.4270871586293e-15
3658,0,0,3658,2.2821124597657e-11,1.0801975197804e-05,2.9307648888129e-13,-3.4333334649209e-15
3659,0,0,3659,2.2824564182573e-11,1.080035353354e-05,2.9352123177982e-13,-3.4395849165732e-15
3660,0,0,3660,2.2828010024098e-11,1.0798729412161e-05,2.9396596965214e-13,-3.4458415251796e-15
3661,0,0,3661,2.2831462127401e-11,1.0797102833694e-05,2.9441070248782e-13,-3.4521033023723e-15
3662,0,0,3662,2.283492049766e-11,1.0795473798168e-05,2.948554302749e-13,-3.4583702597772e-15
3663,0,0,3663,2.283838514007e-11,1.079384230561e-05,2.9530015300297e-13,-3.4646424090685e-15
3664,0,0,3664,2.2841856059831e-11,1.0792208356048e-05,2.9574487065882e-13,-3.4709197619235e-15
3665,0,0,3665,2.2845333262162e-11,1.0790571949511e-05,2.9618958323266e-13,-3.4772023300425e-15
3666,0,0,3666,2.2848816752287e-11,1.0788933086026e-05,2.966342907116e-13,-3.4834901251513e-15
3667,0,0,3667,2.2852306535446e-11,1.0787291765623e-05,2.9707899308522e-13,-3.489783158992e-15
3668,0,0,3668,2.2855802616889e-11,1.0785647988328e-05,2.9752369034095e-13,-3.4960814433261e-15
3669,0,0,3669,2.2859305001879e-11,1.0784001754171e-05,2.9796838246805e-13,-3.5023849899474e-15
3670,0,0,3670,2.286281369569e-11,1.0782353063179e-05,2.9841306945457e-13,-3.5086938106497e-15
3671,0,0,3671,2.2866328703607e-11,1.0780701915382e-05,2.9885775128855e-13,-3.5150079172751e-15
3672,0,0,3672,2.2869850030929e-11,1.0779048310808e-05,2.9930242795864e-13,-3.5213273216564e-15
3673,0,0,3673,2.2873377682964e-11,1.0777392249485e-05,2.997470994538e-13,-3.5276520356745e-15
3674,0,0,3674,2.2876911665035e-11,1.0775733731442e-05,3.0019176576086e-13,-3.5339820712104e-15
3675,0,0,3675,2.2880451982476e-11,1.0774072756708e-05,3.0063642686968e-13,-3.5403174401839e-15
3676,0,0,3676,2.288399864063e-11,1.0772409325311e-05,3.010810827677e-13,-3.5466581545181e-15
3677,0,0,3677,2.2887551644856e-11,1.0770743437281e-05,3.0152573344296e-13,-3.5530042261781e-15
3678,0,0,3678,2.2891111000523e-11,1.0769075092646e-05,3.0197037888412e-13,-3.5593556671287e-15
3679,0,0,3679,2.2894676713013e-11,1.0767404291436e-05,3.0241501907953e-13,-3.5657124893708e-15
3680,0,0,3680,2.2898248787718e-11,1.0765731033679e-05,3.0285965401691e-13,-3.5720747049273e-15
3681,0,0,3681,2.2901827230044e-11,1.0764055319405e-05,3.0330428368461e-13,-3.5784423258248e-15
3682,0,0,3682,2.2905412045408e-11,1.0762377148642e-05,3.0374890807069e-13,-3.5848153641414e-15
3683,0,0,3683,2.290900323924e-11,1.076069652142e-05,3.0419352716379e-13,-3.5911938319455e-15
3684,0,0,3684,2.2912600816981e-11,1.0759013437768e-05,3.0463814095103e-13,-3.5975777413476e-15
3685,0,0,3685,2.2916204784085e-11,1.0757327897716e-05,3.0508274942138e-13,-3.6039671044774e-15
3686,0,0,3686,2.2919815146019e-11,1.0755639901293e-05,3.0552735256258e-13,-3.6103619334746e-15
3687,0,0,3687,2.2923431908259e-11,1.0753949448529e-05,3.0597195036234e-13,-3.6167622405174e-15
3688,0,0,3688,2.2927055076297e-11,1.0752256539452e-05,3.0641654280934e-13,-3.6231680377906e-15
3689,0,0,3689,2.2930684655635e-11,1.0750561174094e-05,3.068611298907e-13,-3.6295793375176e-15
3690,0,0,3690,2.2934320651787e-11,1.0748863352483e-05,3.0730571159536e-13,-3.6359961519254e-15
3691,0,0,3691,2.293796307028e-11,1.0747163074649e-05,3.0775028791016e-13,-3.6424184932761e-15
3692,0,0,3692,2.2941611916654e-11,1.0745460340622e-05,3.0819485882435e-13,-3.6488463738482e-15
3693,0,0,3693,2.294526719646e-11,1.0743755150433e-05,3.0863942432445e-13,-3.6552798059494e-15
3694,0,0,3694,2.2948928915262e-11,1.074204750411e-05,3.0908398439942e-13,-3.6617188019031e-15
3695,0,0,3695,2.2952597078636e-11,1.0740337401685e-05,3.0952853903638e-13,-3.6681633740495e-15
3696,0,0,3696,2.295627169217e-11,1.0738624843186e-05,3.0997308822367e-13,-3.6746135347637e-15
3697,0,0,3697,2.2959952761467e-11,1.0736909828645e-05,3.1041763194873e-13,-3.6810692964472e-15
3698,0,0,3698,2.2963640292138e-11,1.0735192358091e-05,3.108621701996e-13,-3.6875306714978e-15
3699,0,0,3699,2.2967334289811e-11,1.0733472431556e-05,3.113067029637e-13,-3.6939976723653e-15
3700,0,0,3700,2.2971034760122e-11,1.0731750049068e-05,3.1175123022939e-13,-3.7004703115091e-15
3701,0,0,3701,2.2974741708724e-11,1.0730025210659e-05,3.1219575198378e-13,-3.7069486014048e-15
3702,0,0,3702,2.2978455141278e-11,1.072829791636e-05,3.1264026821461e-13,-3.71343255457e-15
3703,0,0,3703,2.2982175063462e-11,1.07265681662e-05,3.1308477891023e-13,-3.7199221835189e-15
3704,0,0,3704,2.2985901480963e-11,1.0724835960211e-05,3.1352928405746e-13,-3.7264175008209e-15
3705,0,0,3705,2.2989634399482e-11,1.0723101298423e-05,3.1397378364402e-13,-3.7329185190356e-15
3706,0,0,3706,2.2993373824732e-11,1.0721364180867e-05,3.1441827765828e-13,-3.7394252507708e-15
3707,0,0,3707,2.2997119762441e-11,1.0719624607573e-05,3.1486276608703e-13,-3.7459377086413e-15
3708,0,0,3708,2.3000872218346e-11,1.0717882578574e-05,3.1530724891771e-13,-3.752455905297e-15
3709,0,0,3709,2.30046311982e-11,1.0716138093899e-05,3.1575172613898e-13,-3.7589798534041e-15
3710,0,0,3710,2.3008396707765e-11,1.071439115358e-05,3.1619619773704e-13,-3.7655095656514e-15
3711,0,0,3711,2.301216875282e-11,1.0712641757648e-05,3.1664066369992e-13,-3.7720450547569e-15
3712,0,0,3712,2.3015947339154e-11,1.0710889906134e-05,3.1708512401506e-13,-3.7785863334514e-15
3713,0,0,3713,2.3019732472568e-11,1.070913559907e-05,3.175295786702e-13,-3.7851334145109e-15
3714,0,0,3714,2.3023524158879e-11,1.0707378836486e-05,3.1797402765245e-13,-3.791686310705e-15
3715,0,0,3715,2.3027322403914e-11,1.0705619618414e-05,3.1841847094924e-13,-3.7982450348519e-15
3716,0,0,3716,2.3031127213513e-11,1.0703857944887e-05,3.1886290854738e-13,-3.8048095997824e-15
3717,0,0,3717,2.3034938593532e-11,1.0702093815934e-05,3.1930734043554e-13,-3.8113800183502e-15
3718,0,0,3718,2.3038756549835e-11,1.0700327231588e-05,3.1975176659991e-13,-3.8179563034413e-15
3719,0,0,3719,2.3042581088303e-11,1.0698558191881e-05,3.2019618702793e-13,-3.8245384679577e-15
3720,0,0,3720,2.3046412214828e-11,1.0696786696844e-05,3.2064060170732e-13,-3.8311265248241e-15
3721,0,0,3721,2.3050249935315e-11,1.0695012746509e-05,3.2108501062491e-13,-3.8377204870007e-15
3722,0,0,3722,2.3054094255682e-11,1.0693236340908e-05,3.2152941376811e-13,-3.8443203674543e-15
3723,0,0,3723,2.3057945181862e-11,1.0691457480073e-05,3.2197381112436e-13,-3.8509261791968e-15
3724,0,0,3724,2.3061802719797e-11,1.0689676164036e-05,3.2241820268048e-13,-3.8575379352466e-15
3725,0,0,3725,2.3065666875446e-11,1.0687892392829e-05,3.2286258842358e-13,-3.8641556486544e-15
3726,0,0,3726,2.3069537654778e-11,1.0686106166485e-05,3.233069683408e-13,-3.8707793324967e-15
3727,0,0,3727,2.3073415063778e-11,1.0684317485035e-05,3.2375134241985e-13,-3.8774089998696e-15
3728,0,0,3728,2.3077299108442e-11,1.0682526348512e-05,3.2419571064664e-13,-3.8840446639012e-15
3729,0,0,3729,2.308118979478e-11,1.0680732756948e-05,3.2464007300951e-13,-3.8906863377295e-15
3730,0,0,3730,2.3085087128814e-11,1.0678936710377e-05,3.2508442949437e-13,-3.8973340345346e-15
3731,0,0,3731,2.3088991116582e-11,1.0677138208829e-05,3.2552878008925e-13,-3.9039877675157e-15
3732,0,0,3732,2.3092901764132e-11,1.0675337252339e-05,3.2597312478036e-13,-3.9106475498915e-15
3733,0,0,3733,2.3096819077526e-11,1.0673533840938e-05,3.264174635545e-13,-3.91731339491e-15
3734,0,0,3734,2.3100743062842e-11,1.0671727974659e-05,3.2686179639973e-13,-3.9239853158447e-15
3735,0,0,3735,2.3104673726168e-11,1.0669919653536e-05,3.2730612330193e-13,-3.9306633259854e-15
3736,0,0,3736,2.3108611073607e-11,1.0668108877601e-05,3.2775044424792e-13,-3.9373474386673e-15
3737,0,0,3737,2.3112555111274e-11,1.0666295646887e-05,3.2819475922544e-13,-3.9440376672318e-15
3738,0,0,3738,2.3116505845299e-11,1.0664479961427e-05,3.2863906822007e-13,-3.9507340250464e-15
3739,0,0,3739,2.3120463281825e-11,1.0662661821255e-05,3.2908337122017e-13,-3.9574365255203e-15
3740,0,0,3740,2.3124427427007e-11,1.0660841226403e-05,3.2952766821101e-13,-3.9641451820694e-15
3741,0,0,3741,2.3128398287015e-11,1.0659018176905e-05,3.2997195918033e-13,-3.9708600081452e-15
3742,0,0,3742,2.3132375868032e-11,1.0657192672793e-05,3.3041624411464e-13,-3.977581017228e-15
3743,0,0,3743,2.3136360176255e-11,1.0655364714103e-05,3.3086052299984e-13,-3.9843082228048e-15
3744,0,0,3744,2.3140351217893e-11,1.0653534300866e-05,3.3130479582396e-13,-3.9910416384174e-15
3745,0,0,3745,2.3144348999171e-11,1.0651701433117e-05,3.317490625729e-13,-3.9977812776077e-15
3746,0,0,3746,2.3148353526325e-11,1.0649866110889e-05,3.3219332323286e-13,-4.0045271539595e-15
3747,0,0,3747,2.3152364805606e-11,1.0648028334217e-05,3.3263757779158e-13,-4.0112792810697e-15
3748,0,0,3748,2.3156382843279e-11,1.0646188103132e-05,3.3308182623434e-13,-4.0180376725769e-15
3749,0,0,3749,2.3160407645621e-11,1.0644345417671e-05,3.3352606854856e-13,-4.0248023421298e-15
3750,0,0,3750,2.3164439218924e-11,1.0642500277866e-05,3.3397030472077e-13,-4.0315733034187e-15
3751,0,0,3751,2.3168477569494e-11,1.0640652683751e-05,3.3441453473715e-13,-4.0383505701406e-15
3752,0,0,3752,2.317252270365e-11,1.0638802635361e-05,3.3485875858391e-13,-4.0451341560377e-15
3753,0,0,3753,2.3176574627725e-11,1.063695013273e-05,3.3530297624786e-13,-4.0519240748749e-15
3754,0,0,3754,2.3180633348066e-11,1.0635095175892e-05,3.3574718771552e-13,-4.0587203404298e-15
3755,0,0,3755,2.3184698871032e-11,1.0633237764881e-05,3.3619139297308e-13,-4.0655229665253e-15
3756,0,0,3756,2.3188771202999e-11,1.0631377899732e-05,3.3663559200706e-13,-4.0723319669975e-15
3757,0,0,3757,2.3192850350355e-11,1.0629515580479e-05,3.3707978480335e-13,-4.0791473557112e-15
3758,0,0,3758,2.3196936319501e-11,1.0627650807156e-05,3.3752397134845e-13,-4.0859691465702e-15
3759,0,0,3759,2.3201029116855e-11,1.0625783579799e-05,3.3796815162949e-13,-4.0927973534847e-15
3760,0,0,3760,2.3205128748845e-11,1.0623913898442e-05,3.3841232563114e-13,-4.0996319904102e-15
3761,0,0,3761,2.3209235221917e-11,1.062204176312e-05,3.3885649334083e-13,-4.1064730713182e-15
3762,0,0,3762,2.3213348542527e-11,1.0620167173867e-05,3.3930065474475e-13,-4.1133206102094e-15
3763,0,0,3763,2.3217468717148e-11,1.0618290130719e-05,3.3974480982789e-13,-4.1201746211201e-15
3764,0,0,3764,2.3221595752266e-11,1.061641063371e-05,3.4018895857797e-13,-4.1270351180993e-15
3765,0,0,3765,2.3225729654381e-11,1.0614528682876e-05,3.4063310098029e-13,-4.1339021152318e-15
3766,0,0,3766,2.3229870430008e-11,1.0612644278251e-05,3.4107723702042e-13,-4.1407756266282e-15
3767,0,0,3767,2.3234018085674e-11,1.0610757419872e-05,3.4152136668549e-13,-4.1476556664344e-15
3768,0,0,3768,2.3238172627923e-11,1.0608868107773e-05,3.419654899611e-13,-4.1545422488095e-15
3769,0,0,3769,2.3242334063311e-11,1.0606976341989e-05,3.4240960683312e-13,-4.1614353879448e-15
3770,0,0,3770,2.3246502398409e-11,1.0605082122557e-05,3.4285371728716e-13,-4.1683350980672e-15
3771,0,0,3771,2.3250677639803e-11,1.0603185449511e-05,3.4329782131034e-13,-4.175241393423e-15
3772,0,0,3772,2.3254859794091e-11,1.0601286322887e-05,3.4374191888731e-13,-4.1821542882971e-15
3773,0,0,3773,2.3259048867888e-11,1.0599384742721e-05,3.4418601000491e-13,-4.1890737969778e-15
3774,0,0,3774,2.3263244867822e-11,1.0597480709049e-05,3.446300946484e-13,-4.1959999338147e-15
3775,0,0,3775,2.3267447800535e-11,1.0595574221907e-05,3.45074172804e-13,-4.2029327131607e-15
3776,0,0,3776,2.3271657672684e-11,1.0593665281329e-05,3.4551824445729e-13,-4.2098721494011e-15
3777,0,0,3777,2.3275874490941e-11,1.0591753887354e-05,3.4596230959386e-13,-4.2168182569662e-15
3778,0,0,3778,2.3280098261992e-11,1.0589840040016e-05,3.4640636820021e-13,-4.2237710502896e-15
3779,0,0,3779,2.3284328992535e-11,1.0587923739351e-05,3.4685042026133e-13,-4.2307305438504e-15
3780,0,0,3780,2.3288566689288e-11,1.0586004985397e-05,3.472944657628e-13,-4.2376967521532e-15
3781,0,0,3781,2.3292811358977e-11,1.0584083778189e-05,3.4773850469143e-13,-4.2446696897221e-15
3782,0,0,3782,2.3297063008348e-11,1.0582160117763e-05,3.481825370316e-13,-4.2516493711265e-15
3783,0,0,3783,2.3301321644159e-11,1.0580234004157e-05,3.4862656276919e-13,-4.2586358109455e-15
3784,0,0,3784,2.3305587273183e-11,1.0578305437406e-05,3.4907058189071e-13,-4.2656290238066e-15
3785,0,0,3785,2.3309859902207e-11,1.0576374417547e-05,3.4951459438022e-13,-4.272629024347e-15
3786,0,0,3786,2.3314139538035e-11,1.0574440944618e-05,3.4995860022453e-13,-4.279635827246e-15
3787,0,0,3787,2.3318426187482e-11,1.0572505018654e-05,3.5040259940862e-13,-4.2866494472085e-15
3788,0,0,3788,2.3322719857381e-11,1.0570566639693e-05,3.5084659191777e-13,-4.2936698989657e-15
3789,0,0,3789,2.3327020554578e-11,1.0568625807772e-05,3.5129057773757e-13,-4.3006971972838e-15
3790,0,0,3790,2.3331328285935e-11,1.0566682522928e-05,3.5173455685361e-13,-4.307731356952e-15
3791,0,0,3791,2.3335643058328e-11,1.0564736785197e-05,3.5217852925116e-13,-4.3147723927917e-15
3792,0,0,3792,2.3339964878648e-11,1.0562788594617e-05,3.5262249491552e-13,-4.3218203196566e-15
3793,0,0,3793,2.33442937538e-11,1.0560837951226e-05,3.5306645383196e-13,-4.328875152423e-15
3794,0,0,3794,2.3348629690706e-11,1.055888485506e-05,3.5351040598576e-13,-4.3359369060028e-15
3795,0,0,3795,2.3352972696301e-11,1.0556929306158e-05,3.5395435136252e-13,-4.3430055953401e-15
3796,0,0,3796,2.3357322777537e-11,1.0554971304556e-05,3.5439828994721e-13,-4.3500812353986e-15
3797,0,0,3797,2.3361679941378e-11,1.0553010850292e-05,3.548422217248e-13,-4.3571638411774e-15
3798,0,0,3798,2.3366044194806e-11,1.0551047943405e-05,3.5528614668058e-13,-4.3642534277143e-15
3799,0,0,3799,2.3370415544816e-11,1.054908258393e-05,3.5573006480014e-13,-4.3713500100569e-15
3800,0,0,3800,2.3374793998419e-11,1.0547114771908e-05,3.5617397606813e-13,-4.3784536033045e-15
3801,0,0,3801,2.3379179562642e-11,1.0545144507375e-05,3.5661788046986e-13,-4.3855642225725e-15
3802,0,0,3802,2.3383572244525e-11,1.054317179037e-05,3.5706177798997e-13,-4.3926818830152e-15
3803,0,0,3803,2.3387972051124e-11,1.054119662093e-05,3.5750566861377e-13,-4.3998065998061e-15
3804,0,0,3804,2.3392378989513e-11,1.0539218999094e-05,3.5794955232652e-13,-4.4069383881672e-15
3805,0,0,3805,2.3396793066776e-11,1.05372389249e-05,3.583934291129e-13,-4.4140772633272e-15
3806,0,0,3806,2.3401214290016e-11,1.0535256398386e-05,3.5883729895788e-13,-4.4212232405727e-15
3807,0,0,3807,2.3405642666352e-11,1.0533271419591e-05,3.5928116184613e-13,-4.4283763351968e-15
3808,0,0,3808,2.3410078202914e-11,1.0531283988554e-05,3.5972501776263e-13,-4.4355365625347e-15
3809,0,0,3809,2.3414520906852e-11,1.0529294105313e-05,3.6016886669266e-13,-4.4427039379539e-15
3810,0,0,3810,2.3418970785329e-11,1.0527301769906e-05,3.6061270862057e-13,-4.4498784768509e-15
3811,0,0,3811,2.3423427845524e-11,1.0525306982373e-05,3.6105654353105e-13,-4.4570601946546e-15
3812,0,0,3812,2.342789209463e-11,1.0523309742751e-05,3.6150037140875e-13,-4.4642491068164e-15
3813,0,0,3813,2.3432363539859e-11,1.0521310051082e-05,3.6194419223928e-13,-4.471445228833e-15
3814,0,0,3814,2.3436842188436e-11,1.0519307907402e-05,3.6238800600636e-13,-4.4786485762206e-15
3815,0,0,3815,2.34413280476e-11,1.0517303311752e-05,3.6283181269499e-13,-4.4858591645373e-15
3816,0,0,3816,2.3445821124609e-11,1.051529626417e-05,3.6327561228982e-13,-4.4930770093638e-15
3817,0,0,3817,2.3450321426736e-11,1.0513286764696e-05,3.6371940477523e-13,-4.500302126313e-15
3818,0,0,3818,2.3454828961267e-11,1.0511274813369e-05,3.6416319013618e-13,-4.5075345310336e-15
3819,0,0,3819,2.3459343735506e-11,1.0509260410229e-05,3.6460696835643e-13,-4.514774239213e-15
3820,0,0,3820,2.3463865756773e-11,1.0507243555315e-05,3.6505073942125e-13,-4.5220212665547e-15
3821,0,0,3821,2.3468395032401e-11,1.0505224248667e-05,3.6549450331502e-13,-4.5292756287976e-15
3822,0,0,3822,2.3472931569743e-11,1.0503202490325e-05,3.6593826002178e-13,-4.5365373417293e-15
3823,0,0,3823,2.3477475376164e-11,1.0501178280327e-05,3.663820095259e-13,-4.5438064211503e-15
3824,0,0,3824,2.3482026459047e-11,1.0499151618715e-05,3.6682575181235e-13,-4.5510828828998e-15
3825,0,0,3825,2.348658482579e-11,1.0497122505528e-05,3.6726948686457e-13,-4.5583667428493e-15
3826,0,0,3826,2.3491150483807e-11,1.0495090940806e-05,3.6771321466754e-13,-4.565658016909e-15
3827,0,0,3827,2.3495723440528e-11,1.0493056924589e-05,3.6815693520532e-13,-4.572956721012e-15
3828,0,0,3828,2.3500303703399e-11,1.0491020456918e-05,3.6860064846227e-13,-4.58026287113e-15
3829,0,0,3829,2.3504891279882e-11,1.0488981537833e-05,3.6904435442213e-13,-4.5875764832636e-15
3830,0,0,3830,2.3509486177456e-11,1.0486940167374e-05,3.6948805306958e-13,-4.5948975734492e-15
3831,0,0,3831,2.3514088403613e-11,1.0484896345582e-05,3.6993174438867e-13,-4.6022261577587e-15
3832,0,0,3832,2.3518697965866e-11,1.0482850072497e-05,3.7037542836314e-13,-4.6095622522865e-15
3833,0,0,3833,2.3523314871739e-11,1.048080134816e-05,3.7081910497737e-13,-4.6169058731757e-15
3834,0,0,3834,2.3527939128776e-11,1.0478750172612e-05,3.7126277421541e-13,-4.6242570365884e-15
3835,0,0,3835,2.3532570744534e-11,1.0476696545894e-05,3.71706436061e-13,-4.6316157587292e-15
3836,0,0,3836,2.353720972659e-11,1.0474640468045e-05,3.721500904985e-13,-4.6389820558313e-15
3837,0,0,3837,2.3541856082534e-11,1.0472581939109e-05,3.7259373751137e-13,-4.6463559441573e-15
3838,0,0,3838,2.3546509819974e-11,1.0470520959125e-05,3.7303737708365e-13,-4.6537374400215e-15
3839,0,0,3839,2.3551170946534e-11,1.0468457528135e-05,3.7348100919972e-13,-4.6611265597508e-15
3840,0,0,3840,2.3555839469854e-11,1.046639164618e-05,3.7392463384269e-13,-4.6685233197112e-15
3841,0,0,3841,2.356051539759e-11,1.0464323313302e-05,3.7436825099694e-13,-4.6759277363171e-15
3842,0,0,3842,2.3565198737416e-11,1.0462252529541e-05,3.748118606456e-13,-4.683339825999e-15
3843,0,0,3843,2.3569889497021e-11,1.046017929494e-05,3.7525546277272e-13,-4.690759605223e-15
3844,0,0,3844,2.3574587684112e-11,1.045810360954e-05,3.7569905736267e-13,-4.6981870905068e-15
3845,0,0,3845,2.357929330641e-11,1.0456025473383e-05,3.7614264439767e-13,-4.7056222983811e-15
3846,0,0,3846,2.3584006371656e-11,1.0453944886511e-05,3.7658622386238e-13,-4.7130652454218e-15
3847,0,0,3847,2.3588726887604e-11,1.0451861848966e-05,3.7702979574055e-13,-4.7205159482404e-15
3848,0,0,3848,2.3593454862027e-11,1.0449776360789e-05,3.774733600147e-13,-4.7279744234743e-15
3849,0,0,3849,2.3598190302715e-11,1.0447688422023e-05,3.7791691666951e-13,-4.7354406878123e-15
3850,0,0,3850,2.3602933217473e-11,1.044559803271e-05,3.783604656878e-13,-4.7429147579566e-15
3851,0,0,3851,2.3607683614124e-11,1.0443505192892e-05,3.7880400705332e-13,-4.7503966506607e-15
3852,0,0,3852,2.3612441500506e-11,1.0441409902611e-05,3.7924754074889e-13,-4.7578863827008e-15
3853,0,0,3853,2.3617206884477e-11,1.0439312161911e-05,3.7969106675858e-13,-4.7653839709017e-15
3854,0,0,3854,2.3621979773909e-11,1.0437211970833e-05,3.8013458506553e-13,-4.7728894321172e-15
3855,0,0,3855,2.3626760176693e-11,1.0435109329421e-05,3.8057809565285e-13,-4.7804027832238e-15
3856,0,0,3856,2.3631548100734e-11,1.0433004237716e-05,3.8102159850432e-13,-4.7879240411624e-15
3857,0,0,3857,2.3636343553957e-11,1.0430896695763e-05,3.8146509360274e-13,-4.7954532228774e-15
3858,0,0,3858,2.3641146544302e-11,1.0428786703603e-05,3.8190858093096e-13,-4.8029903453743e-15
3859,0,0,3859,2.3645957079728e-11,1.042667426128e-05,3.8235206047333e-13,-4.8105354256719e-15
3860,0,0,3860,2.3650775168209e-11,1.0424559368837e-05,3.8279553221177e-13,-4.8180884808469e-15
3861,0,0,3861,2.3655600817737e-11,1.0422442026317e-05,3.8323899613001e-13,-4.8256495279953e-15
3862,0,0,3862,2.3660434036321e-11,1.0420322233763e-05,3.836824522109e-13,-4.8332185842619e-15
3863,0,0,3863,2.3665274831988e-11,1.0418199991219e-05,3.8412590043757e-13,-4.8407956668138e-15
3864,0,0,3864,2.3670123212781e-11,1.0416075298729e-05,3.8456934079315e-13,-4.8483807928636e-15
3865,0,0,3865,2.367497918676e-11,1.0413948156335e-05,3.8501277326016e-13,-4.8559739796591e-15
3866,0,0,3866,2.3679842762005e-11,1.0411818564082e-05,3.8545619782174e-13,-4.8635752444841e-15
3867,0,0,3867,2.3684713946609e-11,1.0409686522013e-05,3.8589961446103e-13,-4.8711846046575e-15
3868,0,0,3868,2.3689592748687e-11,1.0407552030172e-05,3.8634302316055e-13,-4.8788020775372e-15
3869,0,0,3869,2.3694479176367e-11,1.0405415088604e-05,3.8678642390343e-13,-4.8864276805135e-15
3870,0,0,3870,2.3699373237798e-11,1.0403275697351e-05,3.8722981667189e-13,-4.8940614310184e-15
3871,0,0,3871,2.3704274941145e-11,1.0401133856459e-05,3.8767320144876e-13,-4.9017033465166e-15
3872,0,0,3872,2.3709184294589e-11,1.0398989565972e-05,3.8811657821748e-13,-4.9093534445144e-15
3873,0,0,3873,2.3714101306332e-11,1.0396842825933e-05,3.8855994696027e-13,-4.9170117425573e-15
3874,0,0,3874,2.371902598459e-11,1.0394693636388e-05,3.8900330765903e-13,-4.9246782582162e-15
3875,0,0,3875,2.3723958337599e-11,1.0392541997381e-05,3.8944666029752e-13,-4.9323530091076e-15
3876,0,0,3876,2.3728898373612e-11,1.0390387908957e-05,3.8989000485764e-13,-4.9400360128898e-15
3877,0,0,3877,2.3733846100899e-11,1.0388231371159e-05,3.9033334132191e-13,-4.9477272872503e-15
3878,0,0,3878,2.3738801527749e-11,1.0386072384034e-05,3.9077666967287e-13,-4.9554268499218e-15
3879,0,0,3879,2.3743764662468e-11,1.0383910947626e-05,3.9121998989302e-13,-4.9631347186628e-15
3880,0,0,3880,2.3748735513379e-11,1.038174706198e-05,3.916633019649e-13,-4.9708509112899e-15
3881,0,0,3881,2.3753714088825e-11,1.037958072714e-05,3.9210660587041e-13,-4.9785754456329e-15
3882,0,0,3882,2.3758700397165e-11,1.0377411943154e-05,3.9254990159207e-13,-4.9863083395794e-15
3883,0,0,3883,2.3763694446776e-11,1.0375240710065e-05,3.9299318911271e-13,-4.9940496110497e-15
3884,0,0,3884,2.3768696246054e-11,1.0373067027919e-05,3.9343646841394e-13,-5.0017992779993e-15
3885,0,0,3885,2.3773705803412e-11,1.0370890896761e-05,3.9387973947767e-13,-5.0095573584193e-15
3886,0,0,3886,2.3778723127282e-11,1.0368712316638e-05,3.9432300228733e-13,-5.0173238703528e-15
3887,0,0,3887,2.3783748226114e-11,1.0366531287595e-05,3.947662568233e-13,-5.0250988318651e-15
3888,0,0,3888,2.3788781108375e-11,1.0364347809678e-05,3.9520950306934e-13,-5.0328822610703e-15
3889,0,0,3889,2.3793821782551e-11,1.0362161882932e-05,3.9565274100643e-13,-5.0406741761274e-15
3890,0,0,3890,2.3798870257147e-11,1.0359973507403e-05,3.9609597061678e-13,-5.048474595212e-15
3891,0,0,3891,2.3803926540683e-11,1.0357782683139e-05,3.9653919188261e-13,-5.0562835365672e-15
3892,0,0,3892,2.3808990641702e-11,1.0355589410184e-05,3.9698240478614e-13,-5.0641010184523e-15
3893,0,0,3893,2.3814062568761e-11,1.0353393688586e-05,3.9742560930836e-13,-5.0719270591753e-15
3894,0,0,3894,2.3819142330438e-11,1.035119551839e-05,3.9786880543179e-13,-5.0797616770923e-15
3895,0,0,3895,2.3824229935329e-11,1.0348994899644e-05,3.9831199313773e-13,-5.0876048905759e-15
3896,0,0,3896,2.3829325392047e-11,1.0346791832393e-05,3.9875517240899e-13,-5.0954567180663e-15
3897,0,0,3897,2.3834428709225e-11,1.0344586316684e-05,3.9919834322597e-13,-5.1033171780266e-15
3898,0,0,3898,2.3839539895514e-11,1.0342378352565e-05,3.9964150557149e-13,-5.1111862889551e-15
3899,0,0,3899,2.3844658959583e-11,1.0340167940082e-05,4.0008465942622e-13,-5.1190640694086e-15
3900,0,0,3900,2.3849785910121e-11,1.0337955079282e-05,4.0052780477271e-13,-5.1269505379694e-15
3901,0,0,3901,2.3854920755834e-11,1.0335739770213e-05,4.0097094159192e-13,-5.1348457132621e-15
3902,0,0,3902,2.3860063505448e-11,1.0333522012921e-05,4.0141406986547e-13,-5.1427496139628e-15
3903,0,0,3903,2.3865214167707e-11,1.0331301807453e-05,4.0185718957465e-13,-5.1506622587704e-15
3904,0,0,3904,2.3870372751373e-11,1.0329079153858e-05,4.0230030070199e-13,-5.1585836664387e-15
3905,0,0,3905,2.3875539265229e-11,1.0326854052183e-05,4.0274340322724e-13,-5.1665138557568e-15
3906,0,0,3906,2.3880713718075e-11,1.0324626502475e-05,4.0318649713323e-13,-5.1744528455496e-15
3907,0,0,3907,2.3885896118729e-11,1.0322396504782e-05,4.0362958240066e-13,-5.1824006547001e-15
3908,0,0,3908,2.3891086476031e-11,1.0320164059152e-05,4.0407265901019e-13,-5.1903573021106e-15
3909,0,0,3909,2.3896284798838e-11,1.0317929165633e-05,4.0451572694467e-13,-5.1983228067385e-15
3910,0,0,3910,2.3901491096026e-11,1.0315691824273e-05,4.0495878618353e-13,-5.2062971875766e-15
3911,0,0,3911,2.3906705376489e-11,1.031345203512e-05,4.0540183670932e-13,-5.2142804636727e-15
3912,0,0,3912,2.3911927649144e-11,1.0311209798222e-05,4.058448785024e-13,-5.2222726540907e-15
3913,0,0,3913,2.3917157922922e-11,1.0308965113628e-05,4.0628791154407e-13,-5.2302737779559e-15
3914,0,0,3914,2.3922396206776e-11,1.0306717981386e-05,4.0673093581501e-13,-5.2382838544388e-15
3915,0,0,3915,2.3927642509679e-11,1.0304468401545e-05,4.0717395129713e-13,-5.2463029027295e-15
3916,0,0,3916,2.3932896840621e-11,1.0302216374152e-05,4.0761695797051e-13,-5.2543309420857e-15
3917,0,0,3917,2.3938159208613e-11,1.0299961899258e-05,4.0805995581643e-13,-5.2623679917911e-15
3918,0,0,3918,2.3943429622684e-11,1.0297704976911e-05,4.0850294481557e-13,-5.2704140711713e-15
3919,0,0,3919,2.3948708091883e-11,1.029544560716e-05,4.0894592494894e-13,-5.2784691996133e-15
3920,0,0,3920,2.395399462528e-11,1.0293183790054e-05,4.0938889619751e-13,-5.2865333965204e-15
3921,0,0,3921,2.3959289231961e-11,1.0290919525642e-05,4.0983185854106e-13,-5.2946066813605e-15
3922,0,0,3922,2.3964591921035e-11,1.0288652813974e-05,4.1027481196178e-13,-5.3026890736238e-15
3923,0,0,3923,2.3969902701628e-11,1.0286383655099e-05,4.1071775643915e-13,-5.3107805928655e-15
3924,0,0,3924,2.3975221582886e-11,1.0284112049066e-05,4.1116069195415e-13,-5.3188812586731e-15
3925,0,0,3925,2.3980548573977e-11,1.0281837995925e-05,4.1160361848778e-13,-5.3269910906693e-15
3926,0,0,3926,2.3985883684086e-11,1.0279561495726e-05,4.1204653601947e-13,-5.3351101085353e-15
3927,0,0,3927,2.3991226922418e-11,1.0277282548519e-05,4.1248944453085e-13,-5.3432383319845e-15
3928,0,0,3928,2.3996578298198e-11,1.0275001154353e-05,4.1293234400197e-13,-5.3513757807884e-15
3929,0,0,3929,2.4001937820673e-11,1.0272717313279e-05,4.1337523441291e-13,-5.3595224747347e-15
3930,0,0,3930,2.4007305499107e-11,1.0270431025347e-05,4.1381811574435e-13,-5.367678433692e-15
3931,0,0,3931,2.4012681342784e-11,1.0268142290606e-05,4.1426098797636e-13,-5.3758436775384e-15
3932,0,0,3932,2.4018065361011e-11,1.0265851109109e-05,4.1470385108962e-13,-5.38401822622e-15
3933,0,0,3933,2.402345756311e-11,1.0263557480904e-05,4.1514670506389e-13,-5.3922020997119e-15
3934,0,0,3934,2.4028857958428e-11,1.0261261406043e-05,4.1558954987956e-13,-5.4003953180473e-15
3935,0,0,3935,2.403426655633e-11,1.0258962884576e-05,4.1603238551668e-13,-5.4085979012918e-15
3936,0,0,3936,2.4039683366199e-11,1.0256661916554e-05,4.1647521195564e-13,-5.4168098695596e-15
3937,0,0,3937,2.4045108397442e-11,1.0254358502028e-05,4.1691802917589e-13,-5.4250312430163e-15
3938,0,0,3938,2.4050541659484e-11,1.0252052641049e-05,4.1736083715812e-13,-5.4332620418633e-15
3939,0,0,3939,2.405598316177e-11,1.0249744333669e-05,4.1780363588178e-13,-5.4415022863503e-15
3940,0,0,3940,2.4061432913767e-11,1.0247433579938e-05,4.1824642532662e-13,-5.4497519967724e-15
3941,0,0,3941,2.4066890924961e-11,1.0245120379907e-05,4.1868920547304e-13,-5.458011193473e-15
3942,0,0,3942,2.4072357204857e-11,1.0242804733629e-05,4.1913197630079e-13,-5.4662798968344e-15
3943,0,0,3943,2.4077831762985e-11,1.0240486641155e-05,4.1957473778902e-13,-5.4745581272872e-15
3944,0,0,3944,2.408331460889e-11,1.0238166102537e-05,4.2001748991841e-13,-5.4828459053172e-15
3945,0,0,3945,2.4088805752142e-11,1.0235843117826e-05,4.204602326675e-13,-5.4911432514357e-15
3946,0,0,3946,2.4094305202328e-11,1.0233517687075e-05,4.2090296601729e-13,-5.4994501862255e-15
3947,0,0,3947,2.4099812969058e-11,1.0231189810335e-05,4.2134568994598e-13,-5.5077667302885e-15
3948,0,0,3948,2.4105329061962e-11,1.0228859487658e-05,4.2178840443367e-13,-5.5160929042944e-15
3949,0,0,3949,2.4110853490691e-11,1.0226526719098e-05,4.2223110946072e-13,-5.5244287289519e-15
3950,0,0,3950,2.4116386264916e-11,1.0224191504705e-05,4.2267380500475e-13,-5.5327742250084e-15
3951,0,0,3951,2.412192739433e-11,1.0221853844534e-05,4.2311649104706e-13,-5.5411294132758e-15
3952,0,0,3952,2.4127476888644e-11,1.0219513738636e-05,4.2355916756557e-13,-5.549494314592e-15
3953,0,0,3953,2.4133034757594e-11,1.0217171187064e-05,4.2400183454034e-13,-5.5578689498562e-15
3954,0,0,3954,2.4138601010934e-11,1.0214826189871e-05,4.2444449195053e-13,-5.5662533400129e-15
3955,0,0,3955,2.414417565844e-11,1.0212478747109e-05,4.2488713977498e-13,-5.5746475060519e-15
3956,0,0,3956,2.4149758709909e-11,1.0210128858833e-05,4.2532977799346e-13,-5.5830514690079e-15
3957,0,0,3957,2.4155350175159e-11,1.0207776525095e-05,4.2577240658418e-13,-5.5914652499581e-15
3958,0,0,3958,2.4160950064029e-11,1.0205421745949e-05,4.2621502552754e-13,-5.5998888700504e-15
3959,0,0,3959,2.416655838638e-11,1.0203064521447e-05,4.2665763480114e-13,-5.6083223504555e-15
3960,0,0,3960,2.4172175152092e-11,1.0200704851644e-05,4.2710023438475e-13,-5.6167657123958e-15
3961,0,0,3961,2.4177800371069e-11,1.0198342736593e-05,4.2754282425751e-13,-5.6252189771581e-15
3962,0,0,3962,2.4183434053235e-11,1.0195978176347e-05,4.2798540439766e-13,-5.6336821660619e-15
3963,0,0,3963,2.4189076208536e-11,1.0193611170962e-05,4.2842797478404e-13,-5.642155300478e-15
3964,0,0,3964,2.4194726846937e-11,1.019124172049e-05,4.2887053539611e-13,-5.6506384018325e-15
3965,0,0,3965,2.4200385978429e-11,1.0188869824986e-05,4.2931308621209e-13,-5.6591314915867e-15
3966,0,0,3966,2.420605361302e-11,1.0186495484504e-05,4.2975562721083e-13,-5.6676345912668e-15
3967,0,0,3967,2.4211729760743e-11,1.0184118699099e-05,4.3019815837055e-13,-5.6761477224408e-15
3968,0,0,3968,2.4217414431649e-11,1.0181739468824e-05,4.3064067967041e-13,-5.6846709067189e-15
3969,0,0,3969,2.4223107635815e-11,1.0179357793736e-05,4.3108319108833e-13,-5.6932041657757e-15
3970,0,0,3970,2.4228809383337e-11,1.0176973673887e-05,4.3152569260377e-13,-5.701747521315e-15
3971,0,0,3971,2.4234519684332e-11,1.0174587109333e-05,4.3196818419434e-13,-5.7103009951118e-15
3972,0,0,3972,2.4240238548941e-11,1.017219810013e-05,4.3241066583858e-13,-5.7188646089764e-15
3973,0,0,3973,2.4245965987325e-11,1.0169806646331e-05,4.3285313751471e-13,-5.727438384771e-15
3974,0,0,3974,2.425170200967e-11,1.0167412747993e-05,4.3329559920128e-13,-5.7360223444191e-15
3975,0,0,3975,2.425744662618e-11,1.0165016405171e-05,4.3373805087682e-13,-5.7446165098733e-15
3976,0,0,3976,2.4263199847083e-11,1.0162617617919e-05,4.3418049251864e-13,-5.7532209031573e-15
3977,0,0,3977,2.4268961682629e-11,1.0160216386294e-05,4.3462292410558e-13,-5.7618355463335e-15
3978,0,0,3978,2.4274732143091e-11,1.0157812710352e-05,4.3506534561557e-13,-5.7704604615161e-15
3979,0,0,3979,2.4280511238762e-11,1.0155406590147e-05,4.3550775702653e-13,-5.779095670871e-15
3980,0,0,3980,2.4286298979958e-11,1.0152998025737e-05,4.3595015831637e-13,-5.7877411966189e-15
3981,0,0,3981,2.4292095377019e-11,1.0150587017176e-05,4.3639254946334e-13,-5.7963970610291e-15
3982,0,0,3982,2.4297900440306e-11,1.0148173564522e-05,4.3683493044474e-13,-5.8050632864193e-15
3983,0,0,3983,2.4303714180201e-11,1.014575766783e-05,4.3727730123941e-13,-5.8137398951589e-15
3984,0,0,3984,2.4309536607111e-11,1.0143339327157e-05,4.3771966182405e-13,-5.8224269096755e-15
3985,0,0,3985,2.4315367731463e-11,1.0140918542559e-05,4.381620121772e-13,-5.8311243524355e-15
3986,0,0,3986,2.4321207563709e-11,1.0138495314093e-05,4.3860435227586e-13,-5.8398322459731e-15
3987,0,0,3987,2.4327056114322e-11,1.0136069641817e-05,4.3904668209795e-13,-5.8485506128613e-15
3988,0,0,3988,2.4332913393798e-11,1.0133641525786e-05,4.3948900162109e-13,-5.8572794757343e-15
3989,0,0,3989,2.4338779412655e-11,1.0131210966057e-05,4.3993131082289e-13,-5.8660188572687e-15
3990,0,0,3990,2.4344654181435e-11,1.0128777962689e-05,4.4037360968066e-13,-5.8747687802086e-15
3991,0,0,3991,2.4350537710702e-11,1.0126342515738e-05,4.4081589817203e-13,-5.8835292673307e-15
3992,0,0,3992,2.4356430011044e-11,1.0123904625261e-05,4.4125817627369e-13,-5.8923003414824e-15
3993,0,0,3993,2.4362331093069e-11,1.0121464291316e-05,4.4170044396386e-13,-5.9010820255535e-15
3994,0,0,3994,2.4368240967412e-11,1.0119021513962e-05,4.4214270121893e-13,-5.9098743424951e-15
3995,0,0,3995,2.4374159644727e-11,1.0116576293254e-05,4.4258494801684e-13,-5.9186773153033e-15
3996,0,0,3996,2.4380087135694e-11,1.0114128629252e-05,4.4302718433458e-13,-5.9274909670261e-15
3997,0,0,3997,2.4386023451015e-11,1.0111678522014e-05,4.4346941014854e-13,-5.9363153207826e-15
3998,0,0,3998,2.4391968601415e-11,1.0109225971597e-05,4.4391162543696e-13,-5.9451503997177e-15
3999,0,0,3999,2.4397922597642e-11,1.010677097806e-05,4.443538301756e-13,-5.9539962270603e-15
4000,0,0,4000,2.4403885450468e-11,1.0104313541462e-05,4.4479602434239e-13,-5.9628528260651e-15
4001,0,0,4001,2.4409857170688e-11,1.010185366186e-05,4.4523820791342e-13,-5.9717202200645e-15
4002,0,0,4002,2.441583776912e-11,1.0099391339314e-05,4.456803808663e-13,-5.9805984324296e-15
4003,0,0,4003,2.4421827256607e-11,1.0096926573882e-05,4.4612254317711e-13,-5.9894874865928e-15
4004,0,0,4004,2.4427825644013e-11,1.0094459365623e-05,4.4656469482286e-13,-5.9983874060448e-15
4005,0,0,4005,2.4433832942227e-11,1.0091989714597e-05,4.4700683577993e-13,-6.0072982143181e-15
4006,0,0,4006,2.4439849162162e-11,1.0089517620862e-05,4.4744896602565e-13,-6.0162199350102e-15
4007,0,0,4007,2.4445874314754e-11,1.0087043084478e-05,4.4789108553577e-13,-6.0251525917828e-15
4008,0,0,4008,2.4451908410962e-11,1.0084566105504e-05,4.4833319428731e-13,-6.0340962083237e-15
4009,0,0,4009,2.4457951461771e-11,1.0082086684e-05,4.4877529225635e-13,-6.0430508084111e-15
4010,0,0,4010,2.4464003478187e-11,1.0079604820025e-05,4.4921737941929e-13,-6.0520164158556e-15
4011,0,0,4011,2.4470064471241e-11,1.007712051364e-05,4.496594557528e-13,-6.0609930545322e-15
4012,0,0,4012,2.447613445199e-11,1.0074633764903e-05,4.5010152123298e-13,-6.0699807483679e-15
4013,0,0,4013,2.4482213431511e-11,1.0072144573877e-05,4.5054357583592e-13,-6.0789795213475e-15
4014,0,0,4014,2.4488301420908e-11,1.006965294062e-05,4.50985619538e-13,-6.0879893975209e-15
4015,0,0,4015,2.4494398431309e-11,1.0067158865192e-05,4.5142765231469e-13,-6.0970104009763e-15
4016,0,0,4016,2.4500504473865e-11,1.0064662347656e-05,4.5186967414299e-13,-6.1060425558798e-15
4017,0,0,4017,2.4506619559752e-11,1.006216338807e-05,4.5231168499838e-13,-6.1150858864327e-15
4018,0,0,4018,2.4512743700169e-11,1.0059661986496e-05,4.5275368485694e-13,-6.124140416911e-15
4019,0,0,4019,2.451887690634e-11,1.0057158142995e-05,4.5319567369413e-13,-6.1332061716421e-15
4020,0,0,4020,2.4525019189515e-11,1.0054651857628e-05,4.5363765148605e-13,-6.1422831750053e-15
4021,0,0,4021,2.4531170560967e-11,1.0052143130455e-05,4.5407961820877e-13,-6.1513714514411e-15
4022,0,0,4022,2.4537331031992e-11,1.0049631961539e-05,4.5452157383776e-13,-6.1604710254581e-15
4023,0,0,4023,2.4543500613914e-11,1.0047118350941e-05,4.5496351834819e-13,-6.1695819216001e-15
4024,0,0,4024,2.4549679318078e-11,1.0044602298721e-05,4.5540545171645e-13,-6.1787041644953e-15
4025,0,0,4025,2.4555867155857e-11,1.0042083804943e-05,4.5584737391739e-13,-6.1878377788103e-15
4026,0,0,4026,2.4562064138646e-11,1.0039562869667e-05,4.5628928492679e-13,-6.1969827892767e-15
4027,0,0,4027,2.4568270277867e-11,1.0037039492956e-05,4.5673118472012e-13,-6.2061392206839e-15
4028,0,0,4028,2.4574485584965e-11,1.0034513674871e-05,4.5717307327285e-13,-6.2153070978927e-15
4029,0,0,4029,2.4580710071411e-11,1.0031985415476e-05,4.5761495055984e-13,-6.2244864457928e-15
4030,0,0,4030,2.45869437487e-11,1.0029454714832e-05,4.5805681655656e-13,-6.2336772893675e-15
4031,0,0,4031,2.4593186628354e-11,1.0026921573002e-05,4.5849867123816e-13,-6.2428796536392e-15
4032,0,0,4032,2.4599438721917e-11,1.0024385990048e-05,4.5894051457982e-13,-6.2520935636914e-15
4033,0,0,4033,2.4605700040962e-11,1.0021847966034e-05,4.5938234655639e-13,-6.2613190446724e-15
4034,0,0,4034,2.4611970597084e-11,1.0019307501022e-05,4.5982416714334e-13,-6.2705561217917e-15
4035,0,0,4035,2.4618250401904e-11,1.0016764595076e-05,4.6026597631491e-13,-6.2798048203075e-15
4036,0,0,4036,2.462453946707e-11,1.0014219248258e-05,4.6070777404657e-13,-6.2890651655554e-15
4037,0,0,4037,2.4630837804253e-11,1.0011671460632e-05,4.6114956031288e-13,-6.2983371829196e-15
4038,0,0,4038,2.463714542515e-11,1.0009121232261e-05,4.6159133508838e-13,-6.3076208978389e-15
4039,0,0,4039,2.4643462341486e-11,1.000656856321e-05,4.6203309834824e-13,-6.3169163358366e-15
4040,0,0,4040,2.4649788565009e-11,1.0004013453541e-05,4.624748500667e-13,-6.3262235224711e-15
4041,0,0,4041,2.4656124107492e-11,1.0001455903319e-05,4.6291659021831e-13,-6.3355424833787e-15
4042,0,0,4042,2.4662468980736e-11,9.9988959126072e-06,4.6335831877823e-13,-6.3448732442503e-15
4043,0,0,4043,2.4668823196567e-11,9.9963334814706e-06,4.638000357201e-13,-6.3542158308353e-15
4044,0,0,4044,2.4675186766836e-11,9.9937686099732e-06,4.6424174101877e-13,-6.3635702689538e-15
4045,0,0,4045,2.4681559703421e-11,9.9912012981796e-06,4.6468343464817e-13,-6.3729365844845e-15
4046,0,0,4046,2.4687942018224e-11,9.9886315461543e-06,4.6512511658286e-13,-6.3823148033607e-15
4047,0,0,4047,2.4694333723176e-11,9.986059353962e-06,4.6556678679708e-13,-6.3917049515901e-15
4048,0,0,4048,2.4700734830231e-11,9.9834847216678e-06,4.6600844526508e-13,-6.4011070552321e-15
4049,0,0,4049,2.4707145351371e-11,9.9809076493365e-06,4.6645009196017e-13,-6.4105211404206e-15
4050,0,0,4050,2.4713565298605e-11,9.9783281370334e-06,4.6689172685722e-13,-6.4199472333408e-15
4051,0,0,4051,2.4719994683965e-11,9.9757461848238e-06,4.6733334993015e-13,-6.4293853602429e-15
4052,0,0,4052,2.4726433519512e-11,9.9731617927733e-06,4.67774961152e-13,-6.4388355474481e-15
4053,0,0,4053,2.4732881817334e-11,9.9705749609473e-06,4.6821656049761e-13,-6.4482978213356e-15
4054,0,0,4054,2.4739339589542e-11,9.9679856894118e-06,4.6865814794e-13,-6.4577722083493e-15
4055,0,0,4055,2.4745806848277e-11,9.9653939782325e-06,4.6909972345311e-13,-6.4672587349914e-15
4056,0,0,4056,2.4752283605705e-11,9.9627998274755e-06,4.6954128701088e-13,-6.4767574278415e-15
4057,0,0,4057,2.4758769874018e-11,9.9602032372071e-06,4.6998283858632e-13,-6.4862683135309e-15
4058,0,0,4058,2.4765265665437e-11,9.9576042074935e-06,4.7042437815306e-13,-6.4957914187589e-15
4059,0,0,4059,2.4771770992207e-11,9.9550027384013e-06,4.7086590568534e-13,-6.5053267702924e-15
4060,0,0,4060,2.4778285866602e-11,9.9523988299971e-06,4.7130742115496e-13,-6.5148743949632e-15
4061,0,0,4061,2.4784810300922e-11,9.9497924823478e-06,4.7174892453678e-13,-6.524434319661e-15
4062,0,0,4062,2.4791344307493e-11,9.9471836955201e-06,4.7219041580349e-13,-6.5340065713468e-15
4063,0,0,4063,2.479788789867e-11,9.9445724695813e-06,4.7263189492752e-13,-6.5435911770526e-15
4064,0,0,4064,2.4804441086834e-11,9.9419588045985e-06,4.7307336188309e-13,-6.5531881638622e-15
4065,0,0,4065,2.4811003884393e-11,9.9393427006392e-06,4.7351481664262e-13,-6.5627975589366e-15
4066,0,0,4066,2.4817576303783e-11,9.9367241577708e-06,4.7395625917912e-13,-6.5724193895019e-15
4067,0,0,4067,2.4824158357466e-11,9.934103176061e-06,4.7439768946591e-13,-6.5820536828356e-15
4068,0,0,4068,2.4830750057932e-11,9.9314797555777e-06,4.748391074754e-13,-6.5917004663122e-15
4069,0,0,4069,2.4837351417699e-11,9.9288538963889e-06,4.752805131806e-13,-6.6013597673353e-15
4070,0,0,4070,2.4843962449313e-11,9.9262255985626e-06,4.7572190655393e-13,-6.6110316134119e-15
4071,0,0,4071,2.4850583165345e-11,9.9235948621672e-06,4.7616328756839e-13,-6.6207160320845e-15
4072,0,0,4072,2.4857213578396e-11,9.9209616872711e-06,4.7660465619608e-13,-6.6304130509861e-15
4073,0,0,4073,2.4863853701094e-11,9.9183260739429e-06,4.7704601241033e-13,-6.6401226978079e-15
4074,0,0,4074,2.4870503546094e-11,9.9156880222513e-06,4.7748735618292e-13,-6.6498450003024e-15
4075,0,0,4075,2.487716312608e-11,9.9130475322651e-06,4.7792868748596e-13,-6.6595799863062e-15
4076,0,0,4076,2.4883832453764e-11,9.9104046040536e-06,4.7837000629276e-13,-6.6693276837076e-15
4077,0,0,4077,2.4890511541884e-11,9.9077592376858e-06,4.7881131257482e-13,-6.6790881204755e-15
4078,0,0,4078,2.4897200403209e-11,9.905111433231e-06,4.7925260630422e-13,-6.6888613246341e-15
4079,0,0,4079,2.4903899050533e-11,9.9024611907589e-06,4.7969388745337e-13,-6.6986473242977e-15
4080,0,0,4080,2.4910607496681e-11,9.8998085103391e-06,4.8013515599407e-13,-6.7084461476292e-15
4081,0,0,4081,2.4917325754504e-11,9.8971533920413e-06,4.8057641189902e-13,-6.7182578228627e-15
4082,0,0,4082,2.4924053836882e-11,9.8944958359355e-06,4.8101765513909e-13,-6.7280823783194e-15
4083,0,0,4083,2.4930791756724e-11,9.891835842092e-06,4.8145888568638e-13,-6.7379198423658e-15
4084,0,0,4084,2.4937539526968e-11,9.8891734105809e-06,4.8190010351299e-13,-6.7477702434619e-15
4085,0,0,4085,2.4944297160578e-11,9.8865085414726e-06,4.823413085907e-13,-6.7576336101166e-15
4086,0,0,4086,2.4951064670549e-11,9.8838412348379e-06,4.8278250089039e-13,-6.7675099709257e-15
4087,0,0,4087,2.4957842069903e-11,9.8811714907473e-06,4.8322368038416e-13,-6.7773993545433e-15
4088,0,0,4088,2.4964629371693e-11,9.878499309272e-06,4.8366484704349e-13,-6.7873017897041e-15
4089,0,0,4089,2.4971426588998e-11,9.8758246904828e-06,4.8410600083955e-13,-6.7972173052044e-15
4090,0,0,4090,2.4978233734928e-11,9.8731476344511e-06,4.8454714174383e-13,-6.8071459299245e-15
4091,0,0,4091,2.4985050822621e-11,9.8704681412481e-06,4.8498826972751e-13,-6.8170876928027e-15
4092,0,0,4092,2.4991877865244e-11,9.8677862109456e-06,4.8542938476145e-13,-6.8270426228517e-15
4093,0,0,4093,2.4998714875993e-11,9.8651018436151e-06,4.8587048681745e-13,-6.8370107491651e-15
4094,0,0,4094,2.5005561868094e-11,9.8624150393286e-06,4.8631157586639e-13,-6.8469921008977e-15
4095,0,0,4095,2.5012418854801e-11,9.859725798158e-06,4.867526518785e-13,-6.8569867072852e-15
4096,0,0,4096,2.5019285849399e-11,9.8570341201755e-06,4.8719371482559e-13,-6.8669945976312e-15
4097,0,0,4097,2.50261628652e-11,9.8543400054535e-06,4.8763476467823e-13,-6.8770158013069e-15
4098,0,0,4098,2.5033049915548e-11,9.8516434540645e-06,4.8807580140665e-13,-6.8870503477742e-15
4099,0,0,4099,2.5039947013815e-11,9.8489444660812e-06,4.8851682498206e-13,-6.8970982665403e-15
4100,0,0,4100,2.5046854173402e-11,9.8462430415764e-06,4.88957835375e-13,-6.907159587222e-15
4101,0,0,4101,2.5053771407741e-11,9.843539180623e-06,4.8939883255604e-13,-6.9172343394686e-15
4102,0,0,4102,2.5060698730294e-11,9.8408328832943e-06,4.8983981649545e-13,-6.9273225530426e-15
4103,0,0,4103,2.5067636154552e-11,9.8381241496636e-06,4.9028078716377e-13,-6.9374242577481e-15
4104,0,0,4104,2.5074583694036e-11,9.8354129798043e-06,4.9072174453097e-13,-6.947539483493e-15
4105,0,0,4105,2.5081541362296e-11,9.8326993737901e-06,4.9116268856761e-13,-6.9576682602302e-15
4106,0,0,4106,2.5088509172914e-11,9.8299833316948e-06,4.9160361924394e-13,-6.9678106180129e-15
4107,0,0,4107,2.5095487139501e-11,9.8272648535925e-06,4.9204453652962e-13,-6.9779665869525e-15
4108,0,0,4108,2.5102475275698e-11,9.8245439395571e-06,4.9248544039519e-13,-6.9881361972441e-15
4109,0,0,4109,2.5109473595177e-11,9.8218205896632e-06,4.9292633081001e-13,-6.9983194791544e-15
4110,0,0,4110,2.511648211164e-11,9.819094803985e-06,4.9336720774463e-13,-7.0085164630336e-15
4111,0,0,4111,2.5123500838819e-11,9.8163665825973e-06,4.9380807116808e-13,-7.0187271792935e-15
4112,0,0,4112,2.5130529790478e-11,9.813635925575e-06,4.9424892105063e-13,-7.0289516584398e-15
4113,0,0,4113,2.5137568980409e-11,9.8109028329929e-06,4.946897573613e-13,-7.0391899310393e-15
4114,0,0,4114,2.5144618422437e-11,9.8081673049262e-06,4.9513058007066e-13,-7.0494420277396e-15
4115,0,0,4115,2.5151678130416e-11,9.8054293414502e-06,4.9557138914712e-13,-7.0597079792758e-15
4116,0,0,4116,2.5158748118232e-11,9.8026889426405e-06,4.9601218456033e-13,-7.0699878164474e-15
4117,0,0,4117,2.5165828399803e-11,9.7999461085726e-06,4.9645296628024e-13,-7.0802815701346e-15
4118,0,0,4118,2.5172918989074e-11,9.7972008393225e-06,4.9689373427558e-13,-7.0905892713019e-15
4119,0,0,4119,2.5180019900025e-11,9.7944531349661e-06,4.9733448851537e-13,-7.1009109509815e-15
4120,0,0,4120,2.5187131146665e-11,9.7917029955795e-06,4.9777522896864e-13,-7.1112466402927e-15
4121,0,0,4121,2.5194252743036e-11,9.7889504212391e-06,4.9821595560535e-13,-7.1215963704294e-15
4122,0,0,4122,2.5201384703208e-11,9.7861954120215e-06,4.9865666839299e-13,-7.1319601726596e-15
4123,0,0,4123,2.5208527041287e-11,9.7834379680032e-06,4.9909736730182e-13,-7.1423380783451e-15
4124,0,0,4124,2.5215679771405e-11,9.7806780892613e-06,4.9953805229935e-13,-7.1527301189026e-15
4125,0,0,4125,2.5222842907731e-11,9.7779157758726e-06,4.999787233552e-13,-7.1631363258587e-15
4126,0,0,4126,2.5230016464462e-11,9.7751510279143e-06,5.0041938043719e-13,-7.1735567307948e-15
4127,0,0,4127,2.5237200455827e-11,9.772383845464e-06,5.0086002351496e-13,-7.1839913653797e-15
4128,0,0,4128,2.5244394896089e-11,9.769614228599e-06,5.0130065255601e-13,-7.1944402613694e-15
4129,0,0,4129,2.5251599799539e-11,9.7668421773972e-06,5.0174126752876e-13,-7.204903450591e-15
4130,0,0,4130,2.5258815180504e-11,9.7640676919364e-06,5.0218186840162e-13,-7.215380964962e-15
4131,0,0,4131,2.5266041053341e-11,9.7612907722948e-06,5.0262245514362e-13,-7.2258728364677e-15
4132,0,0,4132,2.5273277432438e-11,9.7585114185504e-06,5.0306302772134e-13,-7.2363790971906e-15
4133,0,0,4133,2.5280524332217e-11,9.7557296307819e-06,5.0350358610413e-13,-7.2468997792775e-15
4134,0,0,4134,2.5287781767132e-11,9.7529454090678e-06,5.0394413025947e-13,-7.2574349149691e-15
4135,0,0,4135,2.5295049751669e-11,9.7501587534868e-06,5.0438466015487e-13,-7.2679845365934e-15
4136,0,0,4136,2.5302328300345e-11,9.747369664118e-06,5.0482517575904e-13,-7.2785486765364e-15
4137,0,0,4137,2.5309617427713e-11,9.7445781410404e-06,5.0526567703857e-13,-7.2891273673004e-15
4138,0,0,4138,2.5316917148354e-11,9.7417841843334e-06,5.0570616396218e-13,-7.2997206414363e-15
4139,0,0,4139,2.5324227476886e-11,9.7389877940765e-06,5.0614663649645e-13,-7.3103285316081e-15
4140,0,0,4140,2.5331548427956e-11,9.7361889703494e-06,5.065870946098e-13,-7.3209510705379e-15
4141,0,0,4141,2.5338880016247e-11,9.7333877132319e-06,5.070275382688e-13,-7.3315882910543e-15
4142,0,0,4142,2.5346222256473e-11,9.7305840228041e-06,5.0746796744126e-13,-7.3422402260508e-15
4143,0,0,4143,2.5353575163382e-11,9.7277778991461e-06,5.0790838209406e-13,-7.3529069085144e-15
4144,0,0,4144,2.5360938751753e-11,9.7249693423384e-06,5.083487821947e-13,-7.3635883715161e-15
4145,0,0,4145,2.5368313036402e-11,9.7221583524615e-06,5.0878916770945e-13,-7.3742846482143e-15
4146,0,0,4146,2.5375698032174e-11,9.7193449295963e-06,5.0922953860643e-13,-7.3849957718416e-15
4147,0,0,4147,2.5383093753949e-11,9.7165290738236e-06,5.0966989485159e-13,-7.3957217757309e-15
4148,0,0,4148,2.5390500216643e-11,9.7137107852247e-06,5.1011023641244e-13,-7.4064626932826e-15
4149,0,0,4149,2.5397917435201e-11,9.7108900638807e-06,5.1055056325462e-13,-7.4172185580042e-15
4150,0,0,4150,2.5405345424604e-11,9.7080669098733e-06,5.1099087534565e-13,-7.4279894034708e-15
4151,0,0,4151,2.5412784199867e-11,9.7052413232841e-06,5.114311726521e-13,-7.4387752633511e-15
4152,0,0,4152,2.5420233776039e-11,9.7024133041949e-06,5.1187145514023e-13,-7.4495761714078e-15
4153,0,0,4153,2.54276941682e-11,9.6995828526878e-06,5.1231172277571e-13,-7.4603921614777e-15
4154,0,0,4154,2.5435165391468e-11,9.6967499688452e-06,5.1275197552573e-13,-7.471223267488e-15
4155,0,0,4155,2.5442647460991e-11,9.6939146527493e-06,5.1319221335595e-13,-7.48206952346e-15
4156,0,0,4156,2.5450140391955e-11,9.6910769044828e-06,5.1363243623293e-13,-7.4929309634985e-15
4157,0,0,4157,2.5457644199576e-11,9.6882367241285e-06,5.1407264412235e-13,-7.5038076217959e-15
4158,0,0,4158,2.5465158899109e-11,9.6853941117695e-06,5.1451283699017e-13,-7.5146995326318e-15
4159,0,0,4159,2.5472684505839e-11,9.6825490674888e-06,5.1495301480204e-13,-7.525606730376e-15
4160,0,0,4160,2.5480221035089e-11,9.6797015913699e-06,5.1539317752423e-13,-7.5365292494924e-15
4161,0,0,4161,2.5487768502214e-11,9.6768516834963e-06,5.1583332512149e-13,-7.5474671245221e-15
4162,0,0,4162,2.5495326922604e-11,9.6739993439517e-06,5.1627345756069e-13,-7.5584203901034e-15
4163,0,0,4163,2.5502896311685e-11,9.6711445728202e-06,5.1671357480597e-13,-7.5693890809713e-15
4164,0,0,4164,2.5510476684917e-11,9.6682873701858e-06,5.1715367682359e-13,-7.5803732319354e-15
4165,0,0,4165,2.5518068057794e-11,9.6654277361329e-06,5.1759376357859e-13,-7.591372877902e-15
4166,0,0,4166,2.5525670445848e-11,9.662565670746e-06,5.1803383503573e-13,-7.6023880538776e-15
4167,0,0,4167,2.5533283864643e-11,9.6597011741097e-06,5.1847389116126e-13,-7.6134187949432e-15
4168,0,0,4168,2.554090832978e-11,9.6568342463091e-06,5.1891393191869e-13,-7.6244651362828e-15
4169,0,0,4169,2.5548543856893e-11,9.6539648874291e-06,5.1935395727401e-13,-7.6355271131714e-15
4170,0,0,4170,2.5556190461654e-11,9.6510930975551e-06,5.1979396719193e-13,-7.6466047609676e-15
4171,0,0,4171,2.5563848159769e-11,9.6482188767726e-06,5.2023396163689e-13,-7.6576981151271e-15
4172,0,0,4172,2.557151696698e-11,9.6453422251672e-06,5.2067394057364e-13,-7.6688072112057e-15
4173,0,0,4173,2.5579196899065e-11,9.6424631428248e-06,5.211139039669e-13,-7.6799320848369e-15
4174,0,0,4174,2.5586887971837e-11,9.6395816298316e-06,5.2155385178112e-13,-7.6910727717541e-15
4175,0,0,4175,2.5594590201144e-11,9.6366976862737e-06,5.2199378398041e-13,-7.7022293077912e-15
4176,0,0,4176,2.5602303602873e-11,9.6338113122376e-06,5.2243370052889e-13,-7.7134017288658e-15
4177,0,0,4177,2.5610028192944e-11,9.63092250781e-06,5.2287360139163e-13,-7.7245900709926e-15
4178,0,0,4178,2.5617763987315e-11,9.6280312730778e-06,5.2331348653181e-13,-7.73579437028e-15
4179,0,0,4179,2.5625511001977e-11,9.625137608128e-06,5.2375335591418e-13,-7.7470146629365e-15
4180,0,0,4180,2.5633269252963e-11,9.6222415130479e-06,5.2419320950163e-13,-7.7582509852547e-15
4181,0,0,4181,2.5641038756336e-11,9.6193429879249e-06,5.2463304725891e-13,-7.7695033736337e-15
4182,0,0,4182,2.5648819528201e-11,9.6164420328467e-06,5.2507286914921e-13,-7.7807718645568e-15
4183,0,0,4183,2.5656611584696e-11,9.6135386479012e-06,5.2551267513667e-13,-7.7920564946137e-15
4184,0,0,4184,2.5664414941996e-11,9.6106328331764e-06,5.2595246518418e-13,-7.8033573004848e-15
4185,0,0,4185,2.5672229616315e-11,9.6077245887607e-06,5.2639223925525e-13,-7.8146743189472e-15
4186,0,0,4186,2.5680055623902e-11,9.6048139147424e-06,5.2683199731401e-13,-7.8260075868785e-15
4187,0,0,4187,2.5687892981043e-11,9.6019008112102e-06,5.2727173932243e-13,-7.8373571412431e-15
4188,0,0,4188,2.5695741704062e-11,9.598985278253e-06,5.2771146524465e-13,-7.8487230191123e-15
4189,0,0,4189,2.570360180932e-11,9.59606731596e-06,5.2815117504355e-13,-7.8601052576609e-15
4190,0,0,4190,2.5711473313214e-11,9.5931469244203e-06,5.2859086868113e-13,-7.8715038941411e-15
4191,0,0,4191,2.571935623218e-11,9.5902241037235e-06,5.290305461218e-13,-7.8829189659212e-15
4192,0,0,4192,2.572725058269e-11,9.5872988539593e-06,5.2947020732662e-13,-7.8943505104637e-15
4193,0,0,4193,2.5735156381256e-11,9.5843711752175e-06,5.2990985225973e-13,-7.9057985653276e-15
4194,0,0,4194,2.5743073644424e-11,9.5814410675883e-06,5.303494808828e-13,-7.9172631681724e-15
4195,0,0,4195,2.5751002388781e-11,9.578508531162e-06,5.307890931581e-13,-7.9287443567606e-15
4196,0,0,4196,2.575894263095e-11,9.5755735660292e-06,5.3122868904884e-13,-7.9402421689456e-15
4197,0,0,4197,2.5766894387592e-11,9.5726361722805e-06,5.316682685167e-13,-7.9517566426905e-15
4198,0,0,4198,2.5774857675408e-11,9.5696963500068e-06,5.3210783152366e-13,-7.9632878160583e-15
4199,0,0,4199,2.5782832511136e-11,9.5667540992995e-06,5.325473780323e-13,-7.9748357272029e-15
4200,0,0,4200,2.579081891155e-11,9.5638094202497e-06,5.3298690800368e-13,-7.9864004143943e-15
4201,0,0,4201,2.5798816893466e-11,9.5608623129492e-06,5.3342642140071e-13,-7.9979819159929e-15
4202,0,0,4202,2.5806826473736e-11,9.5579127774896e-06,5.3386591818444e-13,-8.0095802704627e-15
4203,0,0,4203,2.5814847669253e-11,9.554960813963e-06,5.3430539831653e-13,-8.0211955163742e-15
4204,0,0,4204,2.5822880496945e-11,9.5520064224616e-06,5.3474486175868e-13,-8.0328276924013e-15
4205,0,0,4205,2.5830924973782e-11,9.5490496030777e-06,5.3518430847254e-13,-8.0444768373117e-15
4206,0,0,4206,2.5838981116772e-11,9.5460903559041e-06,5.3562373841917e-13,-8.0561429899861e-15
4207,0,0,4207,2.5847048942962e-11,9.5431286810336e-06,5.3606315155933e-13,-8.0678261894053e-15
4208,0,0,4208,2.5855128469437e-11,9.5401645785593e-06,5.36502547855e-13,-8.0795264746536e-15
4209,0,0,4209,2.5863219713321e-11,9.5371980485744e-06,5.3694192726692e-13,-8.0912438849188e-15
4210,0,0,4210,2.5871322691781e-11,9.5342290911724e-06,5.3738128975523e-13,-8.1029784594984e-15
4211,0,0,4211,2.5879437422019e-11,9.5312577064471e-06,5.3782063528192e-13,-8.1147302377868e-15
4212,0,0,4212,2.5887563921278e-11,9.5282838944924e-06,5.3825996380713e-13,-8.1264992592916e-15
4213,0,0,4213,2.5895702206842e-11,9.5253076554024e-06,5.3869927529129e-13,-8.1382855636205e-15
4214,0,0,4214,2.5903852296032e-11,9.5223289892715e-06,5.3913856969485e-13,-8.1500891904879e-15
4215,0,0,4215,2.5912014206212e-11,9.5193478961943e-06,5.3957784697887e-13,-8.1619101797181e-15
4216,0,0,4216,2.5920187954783e-11,9.5163643762655e-06,5.4001710710258e-13,-8.1737485712419e-15
4217,0,0,4217,2.5928373559188e-11,9.5133784295803e-06,5.4045635002702e-13,-8.1856044050967e-15
4218,0,0,4218,2.593657103691e-11,9.5103900562338e-06,5.4089557571203e-13,-8.197477721417e-15
4219,0,0,4219,2.594478040547e-11,9.5073992563216e-06,5.4133478411714e-13,-8.2093685604664e-15
4220,0,0,4220,2.5953001682433e-11,9.5044060299392e-06,5.4177397520279e-13,-8.2212769625959e-15
4221,0,0,4221,2.5961234885401e-11,9.5014103771827e-06,5.422131489282e-13,-8.2332029682791e-15
4222,0,0,4222,2.5969480032019e-11,9.4984122981482e-06,5.4265230525351e-13,-8.24514661809e-15
4223,0,0,4223,2.5977737139972e-11,9.4954117929319e-06,5.4309144413732e-13,-8.2571079527153e-15
4224,0,0,4224,2.5986006226985e-11,9.4924088616306e-06,5.4353056554039e-13,-8.2690870129552e-15
4225,0,0,4225,2.5994287310824e-11,9.489403504341e-06,5.4396966942101e-13,-8.2810838397099e-15
4226,0,0,4226,2.6002580409298e-11,9.4863957211601e-06,5.4440875573841e-13,-8.2930984739991e-15
4227,0,0,4227,2.6010885540255e-11,9.4833855121852e-06,5.448478244521e-13,-8.3051309569493e-15
4228,0,0,4228,2.6019202721585e-11,9.4803728775138e-06,5.452868755207e-13,-8.317181329803e-15
4229,0,0,4229,2.6027531971219e-11,9.4773578172437e-06,5.4572590890343e-13,-8.3292496339033e-15
4230,0,0,4230,2.603587330713e-11,9.4743403314726e-06,5.4616492455826e-13,-8.341335910719e-15
4231,0,0,4231,2.6044226747332e-11,9.4713204202989e-06,5.4660392244505e-13,-8.3534402018159e-15
4232,0,0,4232,2.605259230988e-11,9.4682980838209e-06,5.4704290252086e-13,-8.365562548889e-15
4233,0,0,4233,2.6060970012874e-11,9.4652733221372e-06,5.4748186474551e-13,-8.3777029937305e-15
4234,0,0,4234,2.6069359874452e-11,9.4622461353467e-06,5.4792080907609e-13,-8.3898615782615e-15
4235,0,0,4235,2.6077761912797e-11,9.4592165235485e-06,5.4835973547151e-13,-8.4020383445036e-15
4236,0,0,4236,2.6086176146132e-11,9.456184486842e-06,5.4879864388976e-13,-8.4142333345943e-15
4237,0,0,4237,2.6094602592722e-11,9.4531500253266e-06,5.4923753428821e-13,-8.4264465908007e-15
4238,0,0,4238,2.6103041270878e-11,9.4501131391021e-06,5.4967640662548e-13,-8.4386781554803e-15
4239,0,0,4239,2.6111492198949e-11,9.4470738282686e-06,5.5011526085894e-13,-8.4509280711231e-15
4240,0,0,4240,2.6119955395329e-11,9.4440320929264e-06,5.5055409694597e-13,-8.4631963803352e-15
4241,0,0,4241,2.6128430878455e-11,9.4409879331759e-06,5.5099291484426e-13,-8.4754831258295e-15
4242,0,0,4242,2.6136918666806e-11,9.4379413491178e-06,5.5143171451118e-13,-8.4877883504386e-15
4243,0,0,4243,2.6145418778903e-11,9.4348923408531e-06,5.5187049590381e-13,-8.5001120971177e-15
4244,0,0,4244,2.6153931233312e-11,9.4318409084831e-06,5.5230925897983e-13,-8.5124544089318e-15
4245,0,0,4245,2.6162456048641e-11,9.4287870521091e-06,5.527480036954e-13,-8.5248153290623e-15
4246,0,0,4246,2.6170993243542e-11,9.4257307718328e-06,5.531867300082e-13,-8.5371949008232e-15
4247,0,0,4247,2.6179542836709e-11,9.4226720677561e-06,5.536254378747e-13,-8.5495931676285e-15
4248,0,0,4248,2.6188104846882e-11,9.4196109399813e-06,5.5406412725134e-13,-8.5620101730182e-15
4249,0,0,4249,2.6196679292843e-11,9.4165473886106e-06,5.545027980949e-13,-8.5744459606585e-15
4250,0,0,4250,2.6205266193417e-11,9.4134814137467e-06,5.5494145036214e-13,-8.5869005743254e-15
4251,0,0,4251,2.6213865567475e-11,9.4104130154925e-06,5.5538008400829e-13,-8.5993740579207e-15
4252,0,0,4252,2.6222477433931e-11,9.4073421939511e-06,5.5581869899043e-13,-8.6118664554595e-15
4253,0,0,4253,2.6231101811742e-11,9.4042689492259e-06,5.5625729526502e-13,-8.6243778110862e-15
4254,0,0,4254,2.6239738719911e-11,9.4011932814204e-06,5.5669587278667e-13,-8.6369081690678e-15
4255,0,0,4255,2.6248388177484e-11,9.3981151906386e-06,5.5713443151215e-13,-8.6494575737813e-15
4256,0,0,4256,2.6257050203554e-11,9.3950346769845e-06,5.57572971397e-13,-8.6620260697328e-15
4257,0,0,4257,2.6265724817256e-11,9.3919517405624e-06,5.5801149239645e-13,-8.6746137015578e-15
4258,0,0,4258,2.627441203777e-11,9.388866381477e-06,5.5844999446636e-13,-8.6872205140017e-15
4259,0,0,4259,2.6283111884322e-11,9.385778599833e-06,5.5888847756225e-13,-8.6998465519421e-15
4260,0,0,4260,2.6291824376182e-11,9.3826883957355e-06,5.5932694163844e-13,-8.7124918603732e-15
4261,0,0,4261,2.6300549532666e-11,9.3795957692899e-06,5.5976538665077e-13,-8.7251564844249e-15
4262,0,0,4262,2.6309287373136e-11,9.3765007206018e-06,5.6020381255388e-13,-8.7378404693399e-15
4263,0,0,4263,2.6318037916996e-11,9.3734032497769e-06,5.6064221930267e-13,-8.7505438604905e-15
4264,0,0,4264,2.63268011837e-11,9.3703033569214e-06,5.6108060685208e-13,-8.763266703378e-15
4265,0,0,4265,2.6335577192743e-11,9.3672010421415e-06,5.6151897515612e-13,-8.7760090436202e-15
4266,0,0,4266,2.634436596367e-11,9.3640963055439e-06,5.619573241697e-13,-8.7887709269769e-15
4267,0,0,4267,2.635316751607e-11,9.3609891472353e-06,5.6239565384746e-13,-8.8015523993115e-15
4268,0,0,4268,2.6361981869576e-11,9.3578795673229e-06,5.6283396414216e-13,-8.8143535066423e-15
4269,0,0,4269,2.6370809043871e-11,9.3547675659141e-06,5.6327225500996e-13,-8.8271742950879e-15
4270,0,0,4270,2.6379649058682e-11,9.3516531431162e-06,5.6371052640303e-13,-8.8400148109187e-15
4271,0,0,4271,2.6388501933783e-11,9.3485362990374e-06,5.6414877827568e-13,-8.8528751005149e-15
4272,0,0,4272,2.6397367688993e-11,9.3454170337855e-06,5.6458701058254e-13,-8.8657552103991e-15
4273,0,0,4273,2.640624634418e-11,9.3422953474691e-06,5.6502522327575e-13,-8.8786551872132e-15
4274,0,0,4274,2.6415137919258e-11,9.3391712401967e-06,5.6546341630965e-13,-8.8915750777349e-15
4275,0,0,4275,2.6424042434187e-11,9.3360447120771e-06,5.65901589637e-13,-8.9045149288744e-15
4276,0,0,4276,2.6432959908975e-11,9.3329157632196e-06,5.6633974321151e-13,-8.9174747876614e-15
4277,0,0,4277,2.6441890363676e-11,9.3297843937335e-06,5.6677787698596e-13,-8.9304547012712e-15
4278,0,0,4278,2.6450833818393e-11,9.3266506037285e-06,5.6721599091282e-13,-8.9434547169984e-15
4279,0,0,4279,2.6459790293275e-11,9.3235143933144e-06,5.6765408494549e-13,-8.9564748822798e-15
4280,0,0,4280,2.646875980852e-11,9.3203757626015e-06,5.6809215903642e-13,-8.9695152446784e-15
4281,0,0,4281,2.6477742384372e-11,9.3172347117002e-06,5.6853021313811e-13,-8.9825758518863e-15
4282,0,0,4282,2.6486738041124e-11,9.3140912407211e-06,5.6896824720241e-13,-8.995656751741e-15
4283,0,0,4283,2.6495746799116e-11,9.3109453497754e-06,5.6940626118271e-13,-9.0087579922028e-15
4284,0,0,4284,2.6504768678737e-11,9.3077970389741e-06,5.6984425502995e-13,-9.0218796213742e-15
4285,0,0,4285,2.6513803700425e-11,9.3046463084288e-06,5.702822286966e-13,-9.0350216874871e-15
4286,0,0,4286,2.6522851884663e-11,9.3014931582513e-06,5.7072018213484e-13,-9.0481842389119e-15
4287,0,0,4287,2.6531913251988e-11,9.2983375885535e-06,5.7115811529529e-13,-9.0613673241488e-15
4288,0,0,4288,2.6540987822979e-11,9.2951795994478e-06,5.7159602813104e-13,-9.0745709918462e-15
4289,0,0,4289,2.655007561827e-11,9.2920191910468e-06,5.7203392059181e-13,-9.0877952907754e-15
4290,0,0,4290,2.655917665854e-11,9.2888563634632e-06,5.7247179263036e-13,-9.1010402698533e-15
4291,0,0,4291,2.6568290964518e-11,9.2856911168102e-06,5.7290964419735e-13,-9.1143059781322e-15
4292,0,0,4292,2.6577418556983e-11,9.2825234512011e-06,5.7334747524278e-13,-9.1275924648037e-15
4293,0,0,4293,2.6586559456762e-11,9.2793533667496e-06,5.7378528571944e-13,-9.1408997791979e-15
4294,0,0,4294,2.6595713684733e-11,9.2761808635696e-06,5.7422307557642e-13,-9.1542279707746e-15
4295,0,0,4295,2.6604881261822e-11,9.2730059417753e-06,5.7466084476498e-13,-9.167577089158e-15
4296,0,0,4296,2.6614062209006e-11,9.2698286014812e-06,5.7509859323574e-13,-9.180947184076e-15
4297,0,0,4297,2.6623256547312e-11,9.266648842802e-06,5.7553632093842e-13,-9.1943383054307e-15
4298,0,0,4298,2.6632464297815e-11,9.2634666658527e-06,5.7597402782396e-13,-9.2077505032473e-15
4299,0,0,4299,2.6641685481643e-11,9.2602820707486e-06,5.7641171384177e-13,-9.221183827693e-15
4300,0,0,4300,2.6650920119972e-11,9.2570950576053e-06,5.7684937894186e-13,-9.2346383290836e-15
4301,0,0,4301,2.666016823403e-11,9.2539056265385e-06,5.7728702307426e-13,-9.2481140578803e-15
4302,0,0,4302,2.6669429845094e-11,9.2507137776646e-06,5.7772464618807e-13,-9.2616110646672e-15
4303,0,0,4303,2.6678704974494e-11,9.2475195110998e-06,5.781622482336e-13,-9.2751294001931e-15
4304,0,0,4304,2.668799364361e-11,9.2443228269608e-06,5.7859982915936e-13,-9.288669115349e-15
4305,0,0,4305,2.6697295873871e-11,9.2411237253645e-06,5.7903738891444e-13,-9.3022302611551e-15
4306,0,0,4306,2.670661168676e-11,9.2379222064284e-06,5.7947492744854e-13,-9.31581288879e-15
4307,0,0,4307,2.6715941103809e-11,9.2347182702697e-06,5.7991244471017e-13,-9.3294170495778e-15
4308,0,0,4308,2.6725284146604e-11,9.2315119170065e-06,5.8034994064812e-13,-9.343042794978e-15
4309,0,0,4309,2.6734640836781e-11,9.2283031467567e-06,5.8078741521086e-13,-9.3566901766054e-15
4310,0,0,4310,2.6744011196027e-11,9.2250919596388e-06,5.8122486834719e-13,-9.3703592462267e-15
4311,0,0,4311,2.6753395246083e-11,9.2218783557713e-06,5.8166230000469e-13,-9.3840500557378e-15
4312,0,0,4312,2.676279300874e-11,9.2186623352734e-06,5.8209971013214e-13,-9.3977626572025e-15
4313,0,0,4313,2.6772204505843e-11,9.2154438982641e-06,5.8253709867742e-13,-9.4114971028206e-15
4314,0,0,4314,2.6781629759288e-11,9.2122230448631e-06,5.8297446558839e-13,-9.4252534449435e-15
4315,0,0,4315,2.6791068791024e-11,9.2089997751901e-06,5.8341181081233e-13,-9.4390317360809e-15
4316,0,0,4316,2.6800521623053e-11,9.2057740893652e-06,5.8384913429741e-13,-9.4528320288785e-15
4317,0,0,4317,2.6809988277429e-11,9.2025459875089e-06,5.8428643599059e-13,-9.4666543761433e-15
4318,0,0,4318,2.681946877626e-11,9.1993154697418e-06,5.8472371583943e-13,-9.4804988308246e-15
4319,0,0,4319,2.6828963141706e-11,9.196082536185e-06,5.8516097379058e-13,-9.4943654460331e-15
4320,0,0,4320,2.6838471395981e-11,9.1928471869596e-06,5.855982097916e-13,-9.5082542750284e-15
4321,0,0,4321,2.6847993561352e-11,9.1896094221873e-06,5.8603542378885e-13,-9.5221653712184e-15
4322,0,0,4322,2.685752966014e-11,9.1863692419899e-06,5.8647261572864e-13,-9.5360987881664e-15
4323,0,0,4323,2.686707971472e-11,9.1831266464896e-06,5.8690978555826e-13,-9.5500545795939e-15
4324,0,0,4324,2.6876643747519e-11,9.1798816358088e-06,5.8734693322373e-13,-9.564032799371e-15
4325,0,0,4325,2.6886221781021e-11,9.1766342100703e-06,5.8778405867078e-13,-9.5780335015262e-15
4326,0,0,4326,2.6895813837761e-11,9.1733843693971e-06,5.8822116184605e-13,-9.592056740243e-15
4327,0,0,4327,2.6905419940331e-11,9.1701321139126e-06,5.8865824269497e-13,-9.6061025698633e-15
4328,0,0,4328,2.6915040111376e-11,9.1668774437404e-06,5.8909530116326e-13,-9.6201710448745e-15
4329,0,0,4329,2.6924674373596e-11,9.1636203590045e-06,5.8953233719727e-13,-9.6342622199382e-15
4330,0,0,4330,2.6934322749745e-11,9.1603608598292e-06,5.8996935074088e-13,-9.6483761498585e-15
4331,0,0,4331,2.6943985262635e-11,9.1570989463389e-06,5.9040634174073e-13,-9.6625128896106e-15
4332,0,0,4332,2.6953661935129e-11,9.1538346186586e-06,5.9084331014103e-13,-9.6766724943117e-15
4333,0,0,4333,2.6963352790149e-11,9.1505678769133e-06,5.9128025588689e-13,-9.6908550192603e-15
4334,0,0,4334,2.6973057850669e-11,9.1472987212287e-06,5.9171717892372e-13,-9.7050605198968e-15
4335,0,0,4335,2.698277713972e-11,9.1440271517303e-06,5.9215407919511e-13,-9.7192890518264e-15
4336,0,0,4336,2.6992510680391e-11,9.1407531685445e-06,5.9259095664618e-13,-9.7335406708259e-15
4337,0,0,4337,2.7002258495824e-11,9.1374767717974e-06,5.930278112208e-13,-9.7478154328169e-15
4338,0,0,4338,2.7012020609218e-11,9.1341979616158e-06,5.9346464286318e-13,-9.7621133938928e-15
4339,0,0,4339,2.7021797043828e-11,9.1309167381268e-06,5.939014515175e-13,-9.7764346103148e-15
4340,0,0,4340,2.7031587822967e-11,9.1276331014576e-06,5.9433823712735e-13,-9.7907791384926e-15
4341,0,0,4341,2.7041392970002e-11,9.1243470517358e-06,5.9477499963601e-13,-9.8051470350171e-15
4342,0,0,4342,2.7051212508358e-11,9.1210585890895e-06,5.9521173898797e-13,-9.8195383566309e-15
4343,0,0,4343,2.7061046461519e-11,9.1177677136468e-06,5.9564845512528e-13,-9.8339531602415e-15
4344,0,0,4344,2.7070894853022e-11,9.1144744255363e-06,5.9608514799152e-13,-9.8483915029341e-15
4345,0,0,4345,2.7080757706463e-11,9.111178724887e-06,5.9652181753027e-13,-9.8628534419488e-15
4346,0,0,4346,2.7090635045498e-11,9.107880611828e-06,5.9695846368328e-13,-9.8773390347004e-15
4347,0,0,4347,2.7100526893837e-11,9.1045800864888e-06,5.9739508639413e-13,-9.8918483387587e-15
4348,0,0,4348,2.7110433275249e-11,9.1012771489993e-06,5.9783168560454e-13,-9.9063814118811e-15
4349,0,0,4349,2.7120354213561e-11,9.0979717994895e-06,5.982682612572e-13,-9.9209383119733e-15
4350,0,0,4350,2.7130289732658e-11,9.0946640380901e-06,5.9870481329383e-13,-9.9355190971286e-15
4351,0,0,4351,2.7140239856484e-11,9.0913538649318e-06,5.991413416571e-13,-9.950123825589e-15
4352,0,0,4352,2.7150204609039e-11,9.0880412801457e-06,5.9957784628814e-13,-9.9647525557934e-15
4353,0,0,4353,2.7160184014386e-11,9.0847262838632e-06,6.0001432712838e-13,-9.9794053463264e-15
4354,0,0,4354,2.7170178096642e-11,9.0814088762161e-06,6.0045078412018e-13,-9.9940822559629e-15
4355,0,0,4355,2.7180186879985e-11,9.0780890573365e-06,6.0088721720404e-13,-1.000878334364e-14
4356,0,0,4356,2.7190210388654e-11,9.0747668273569e-06,6.013236263211e-13,-1.0023508668471e-14
4357,0,0,4357,2.7200248646943e-11,9.0714421864098e-06,6.0176001141249e-13,-1.0038258289742e-14
4358,0,0,4358,2.721030167921e-11,9.0681151346285e-06,6.0219637241902e-13,-1.0053032266917e-14
4359,0,0,4359,2.722036950987e-11,9.0647856721463e-06,6.0263270928091e-13,-1.0067830659626e-14
4360,0,0,4360,2.7230452163398e-11,9.0614537990969e-06,6.0306902193898e-13,-1.0082653527682e-14
4361,0,0,4361,2.7240549664329e-11,9.0581195156144e-06,6.0350531033312e-13,-1.0097500931076e-14
4362,0,0,4362,2.7250662037259e-11,9.0547828218332e-06,6.0394157440324e-13,-1.0112372929967e-14
4363,0,0,4363,2.7260789306843e-11,9.0514437178879e-06,6.0437781408985e-13,-1.0127269584699e-14
4364,0,0,4364,2.7270931497799e-11,9.0481022039137e-06,6.0481402933163e-13,-1.0142190955791e-14
4365,0,0,4365,2.7281088634903e-11,9.0447582800459e-06,6.052502200694e-13,-1.0157137103941e-14
4366,0,0,4366,2.7291260742993e-11,9.0414119464203e-06,6.0568638624092e-13,-1.0172108090024e-14
4367,0,0,4367,2.7301447846968e-11,9.0380632031729e-06,6.0612252778669e-13,-1.0187103975104e-14
4368,0,0,4368,2.7311649971789e-11,9.03471205044e-06,6.0655864464509e-13,-1.0202124820406e-14
4369,0,0,4369,2.7321867142476e-11,9.0313584883585e-06,6.0699473675479e-13,-1.0217170687363e-14
4370,0,0,4370,2.7332099384114e-11,9.0280025170654e-06,6.0743080405447e-13,-1.0232241637568e-14
4371,0,0,4371,2.7342346721846e-11,9.0246441366981e-06,6.0786684648249e-13,-1.0247337732806e-14
4372,0,0,4372,2.7352609180881e-11,9.0212833473943e-06,6.0830286397784e-13,-1.0262459035042e-14
4373,0,0,4373,2.7362886786488e-11,9.0179201492922e-06,6.0873885647735e-13,-1.027760560643e-14
4374,0,0,4374,2.7373179563997e-11,9.0145545425303e-06,6.0917482391969e-13,-1.0292777509308e-14
4375,0,0,4375,2.7383487538803e-11,9.0111865272472e-06,6.0961076624201e-13,-1.0307974806184e-14
4376,0,0,4376,2.7393810736363e-11,9.0078161035821e-06,6.1004668338268e-13,-1.0323197559776e-14
4377,0,0,4377,2.7404149182196e-11,9.0044432716744e-06,6.1048257527822e-13,-1.0338445832976e-14
4378,0,0,4378,2.7414502901885e-11,9.0010680316641e-06,6.1091844186548e-13,-1.0353719688859e-14
4379,0,0,4379,2.7424871921076e-11,8.9976903836913e-06,6.1135428308281e-13,-1.0369019190692e-14
4380,0,0,4380,2.7435256265478e-11,8.9943103278965e-06,6.1179009886521e-13,-1.0384344401941e-14
4381,0,0,4381,2.7445655960864e-11,8.9909278644205e-06,6.1222588915013e-13,-1.0399695386242e-14
4382,0,0,4382,2.7456071033071e-11,8.9875429934046e-06,6.1266165387441e-13,-1.0415072207435e-14
4383,0,0,4383,2.7466501508001e-11,8.9841557149904e-06,6.1309739297335e-13,-1.043047492955e-14
4384,0,0,4384,2.7476947411618e-11,8.9807660293198e-06,6.1353310638286e-13,-1.0445903616799e-14
4385,0,0,4385,2.7487408769951e-11,8.977373936535e-06,6.1396879403977e-13,-1.0461358333594e-14
4386,0,0,4386,2.7497885609096e-11,8.9739794367788e-06,6.1440445587879e-13,-1.0476839144538e-14
4387,0,0,4387,2.750837795521e-11,8.9705825301941e-06,6.148400918352e-13,-1.0492346114432e-14
4388,0,0,4388,2.7518885834518e-11,8.9671832169242e-06,6.1527570184524e-13,-1.0507879308262e-14
4389,0,0,4389,2.752940927331e-11,8.9637814971129e-06,6.1571128584236e-13,-1.052343879121e-14
4390,0,0,4390,2.7539948297938e-11,8.9603773709043e-06,6.1614684376309e-13,-1.0539024628666e-14
4391,0,0,4391,2.7550502934825e-11,8.9569708384427e-06,6.1658237554089e-13,-1.0554636886199e-14
4392,0,0,4392,2.7561073210454e-11,8.9535618998731e-06,6.1701788111076e-13,-1.057027562959e-14
4393,0,0,4393,2.7571659151379e-11,8.9501505553404e-06,6.1745336040616e-13,-1.0585940924807e-14
4394,0,0,4394,2.7582260784217e-11,8.9467368049904e-06,6.1788881336209e-13,-1.0601632838027e-14
4395,0,0,4395,2.7592878135653e-11,8.9433206489687e-06,6.1832423991201e-13,-1.0617351435609e-14
4396,0,0,4396,2.7603511232437e-11,8.9399020874218e-06,6.1875963998907e-13,-1.0633096784134e-14
4397,0,0,4397,2.7614160101387e-11,8.9364811204963e-06,6.1919501352766e-13,-1.0648868950365e-14
4398,0,0,4398,2.7624824769388e-11,8.933057748339e-06,6.196303604597e-13,-1.0664668001282e-14
4399,0,0,4399,2.7635505263392e-11,8.9296319710975e-06,6.2006568071989e-13,-1.0680494004056e-14
4400,0,0,4400,2.7646201610418e-11,8.9262037889194e-06,6.2050097423922e-13,-1.0696347026058e-14
4401,0,0,4401,2.7656913837553e-11,8.9227732019528e-06,6.209362409521e-13,-1.0712227134877e-14
4402,0,0,4402,2.7667641971952e-11,8.9193402103462e-06,6.2137148078952e-13,-1.0728134398295e-14
4403,0,0,4403,2.7678386040836e-11,8.9159048142485e-06,6.2180669368402e-13,-1.0744068884307e-14
4404,0,0,4404,2.7689146071497e-11,8.9124670138089e-06,6.2224187956846e-13,-1.0760030661102e-14
4405,0,0,4405,2.7699922091294e-11,8.909026809177e-06,6.2267703837384e-13,-1.0776019797092e-14
4406,0,0,4406,2.7710714127655e-11,8.9055842005028e-06,6.2311217003149e-13,-1.0792036360879e-14
4407,0,0,4407,2.7721522208076e-11,8.9021391879367e-06,6.2354727447363e-13,-1.0808080421291e-14
4408,0,0,4408,2.7732346360124e-11,8.8986917716293e-06,6.2398235163066e-13,-1.0824152047347e-14
4409,0,0,4409,2.7743186611432e-11,8.8952419517319e-06,6.2441740143451e-13,-1.0840251308293e-14
4410,0,0,4410,2.7754042989706e-11,8.8917897283959e-06,6.2485242381466e-13,-1.0856378273573e-14
4411,0,0,4411,2.7764915522718e-11,8.8883351017732e-06,6.2528741870243e-13,-1.0872533012847e-14
4412,0,0,4412,2.7775804238314e-11,8.8848780720162e-06,6.257223860282e-13,-1.0888715595987e-14
4413,0,0,4413,2.7786709164407e-11,8.8814186392774e-06,6.2615732572176e-13,-1.0904926093077e-14
4414,0,0,4414,2.7797630328982e-11,8.8779568037099e-06,6.2659223771351e-13,-1.092116457442e-14
4415,0,0,4415,2.7808567760092e-11,8.8744925654672e-06,6.2702712193231e-13,-1.0937431110528e-14
4416,0,0,4416,2.7819521485865e-11,8.871025924703e-06,6.2746197830825e-13,-1.095372577212e-14
4417,0,0,4417,2.7830491534495e-11,8.8675568815717e-06,6.2789680677081e-13,-1.0970048630155e-14
4418,0,0,4418,2.784147793425e-11,8.8640854362278e-06,6.2833160724792e-13,-1.0986399755784e-14
4419,0,0,4419,2.7852480713471e-11,8.8606115888263e-06,6.2876637966968e-13,-1.1002779220388e-14
4420,0,0,4420,2.7863499900566e-11,8.8571353395226e-06,6.2920112396434e-13,-1.1019187095571e-14
4421,0,0,4421,2.787453552402e-11,8.8536566884726e-06,6.2963584005953e-13,-1.1035623453141e-14
4422,0,0,4422,2.7885587612385e-11,8.8501756358323e-06,6.3007052788412e-13,-1.1052088365141e-14
4423,0,0,4423,2.7896656194289e-11,8.8466921817585e-06,6.3050518736605e-13,-1.1068581903826e-14
4424,0,0,4424,2.790774129843e-11,8.843206326408e-06,6.3093981843295e-13,-1.1085104141678e-14
4425,0,0,4425,2.7918842953582e-11,8.8397180699383e-06,6.3137442101216e-13,-1.1101655151403e-14
4426,0,0,4426,2.7929961188588e-11,8.8362274125072e-06,6.318089950313e-13,-1.1118235005916e-14
4427,0,0,4427,2.7941096032366e-11,8.8327343542729e-06,6.322435404168e-13,-1.1134843778383e-14
4428,0,0,4428,2.7952247513908e-11,8.8292388953939e-06,6.3267805709598e-13,-1.1151481542167e-14
4429,0,0,4429,2.7963415662279e-11,8.8257410360293e-06,6.3311254499525e-13,-1.1168148370873e-14
4430,0,0,4430,2.7974600506617e-11,8.8222407763385e-06,6.3354700404133e-13,-1.1184844338332e-14
4431,0,0,4431,2.7985802076136e-11,8.8187381164812e-06,6.3398143415971e-13,-1.1201569518605e-14
4432,0,0,4432,2.7997020400122e-11,8.8152330566178e-06,6.3441583527709e-13,-1.121832398596e-14
4433,0,0,4433,2.8008255507937e-11,8.8117255969089e-06,6.3485020731837e-13,-1.1235107814932e-14
4434,0,0,4434,2.8019507429017e-11,8.8082157375154e-06,6.3528455020964e-13,-1.1251921080253e-14
4435,0,0,4435,2.8030776192874e-11,8.804703478599e-06,6.3571886387578e-13,-1.12687638569e-14
4436,0,0,4436,2.8042061829094e-11,8.8011888203214e-06,6.3615314824197e-13,-1.1285636220081e-14
4437,0,0,4437,2.8053364367339e-11,8.797671762845e-06,6.3658740323248e-13,-1.1302538245239e-14
4438,0,0,4438,2.8064683837347e-11,8.7941523063324e-06,6.370216287728e-13,-1.1319470008051e-14
4439,0,0,4439,2.8076020268932e-11,8.7906304509469e-06,6.3745582478596e-13,-1.1336431584419e-14
4440,0,0,4440,2.8087373691982e-11,8.7871061968519e-06,6.3788999119745e-13,-1.1353423050491e-14
4441,0,0,4441,2.8098744136465e-11,8.7835795442114e-06,6.383241279297e-13,-1.137044448265e-14
4442,0,0,4442,2.8110131632422e-11,8.7800504931898e-06,6.3875823490727e-13,-1.1387495957512e-14
4443,0,0,4443,2.8121536209974e-11,8.7765190439519e-06,6.3919231205321e-13,-1.1404577551935e-14
4444,0,0,4444,2.8132957899317e-11,8.772985196663e-06,6.3962635929024e-13,-1.1421689343014e-14
4445,0,0,4445,2.8144396730725e-11,8.7694489514888e-06,6.4006037654171e-13,-1.1438831408085e-14
4446,0,0,4446,2.815585273455e-11,8.7659103085952e-06,6.4049436373035e-13,-1.1456003824727e-14
4447,0,0,4447,2.8167325941221e-11,8.7623692681489e-06,6.4092832077766e-13,-1.1473206670755e-14
4448,0,0,4448,2.8178816381245e-11,8.7588258303169e-06,6.4136224760729e-13,-1.1490440024235e-14
4449,0,0,4449,2.8190324085209e-11,8.7552799952664e-06,6.4179614413952e-13,-1.1507703963471e-14
4450,0,0,4450,2.8201849083776e-11,8.7517317631653e-06,6.4223001029677e-13,-1.1524998567007e-14
4451,0,0,4451,2.8213391407689e-11,8.7481811341818e-06,6.4266384600085e-13,-1.1542323913646e-14
4452,0,0,4452,2.8224951087772e-11,8.7446281084848e-06,6.4309765117205e-13,-1.1559680082432e-14
4453,0,0,4453,2.8236528154924e-11,8.7410726862431e-06,6.4353142573186e-13,-1.1577067152643e-14
4454,0,0,4454,2.8248122640128e-11,8.7375148676266e-06,6.4396516960086e-13,-1.1594485203824e-14
4455,0,0,4455,2.8259734574444e-11,8.733954652805e-06,6.4439888269934e-13,-1.161193431577e-14
4456,0,0,4456,2.8271363989012e-11,8.730392041949e-06,6.4483256494727e-13,-1.1629414568501e-14
4457,0,0,4457,2.8283010915055e-11,8.7268270352293e-06,6.4526621626492e-13,-1.1646926042324e-14
4458,0,0,4458,2.8294675383873e-11,8.7232596328173e-06,6.4569983657196e-13,-1.1664468817766e-14
4459,0,0,4459,2.8306357426848e-11,8.7196898348847e-06,6.4613342578774e-13,-1.1682042975629e-14
4460,0,0,4460,2.8318057075445e-11,8.7161176416039e-06,6.465669838307e-13,-1.1699648596959e-14
4461,0,0,4461,2.8329774361208e-11,8.7125430531474e-06,6.4700051062112e-13,-1.1717285763056e-14
4462,0,0,4462,2.8341509315764e-11,8.7089660696885e-06,6.4743400607652e-13,-1.1734954555484e-14
4463,0,0,4463,2.835326197082e-11,8.7053866914005e-06,6.4786747011594e-13,-1.1752655056064e-14
4464,0,0,4464,2.8365032358167e-11,8.7018049184577e-06,6.4830090265661e-13,-1.177038734686e-14
4465,0,0,4465,2.8376820509677e-11,8.6982207510344e-06,6.4873430361756e-13,-1.178815151021e-14
4466,0,0,4466,2.8388626457305e-11,8.6946341893055e-06,6.4916767291571e-13,-1.1805947628715e-14
4467,0,0,4467,2.8400450233091e-11,8.6910452334466e-06,6.4960101046826e-13,-1.1823775785219e-14
4468,0,0,4468,2.8412291869154e-11,8.6874538836334e-06,6.5003431619304e-13,-1.1841636062844e-14
4469,0,0,4469,2.8424151397699e-11,8.6838601400422e-06,6.5046759000603e-13,-1.1859528544971e-14
4470,0,0,4470,2.8436028851014e-11,8.6802640028498e-06,6.5090083182414e-13,-1.1877453315241e-14
4471,0,0,4471,2.8447924261471e-11,8.6766654722334e-06,6.5133404156366e-13,-1.1895410457567e-14
4472,0,0,4472,2.8459837661527e-11,8.6730645483708e-06,6.5176721914088e-13,-1.191340005612e-14
4473,0,0,4473,2.8471769083723e-11,8.66946123144e-06,6.5220036447117e-13,-1.1931422195348e-14
4474,0,0,4474,2.8483718560683e-11,8.6658555216197e-06,6.5263347747021e-13,-1.1949476959953e-14
4475,0,0,4475,2.8495686125118e-11,8.662247419089e-06,6.5306655805307e-13,-1.1967564434927e-14
4476,0,0,4476,2.8507671809823e-11,8.6586369240275e-06,6.534996061348e-13,-1.1985684705509e-14
4477,0,0,4477,2.851967564768e-11,8.6550240366152e-06,6.5393262163016e-13,-1.2003837857221e-14
4478,0,0,4478,2.8531697671656e-11,8.6514087570326e-06,6.5436560445301e-13,-1.2022023975868e-14
4479,0,0,4479,2.8543737914804e-11,8.6477910854606e-06,6.5479855451869e-13,-1.2040243147508e-14
4480,0,0,4480,2.8555796410262e-11,8.6441710220809e-06,6.5523147173984e-13,-1.2058495458479e-14
4481,0,0,4481,2.8567873191258e-11,8.6405485670752e-06,6.5566435603028e-13,-1.2076780995408e-14
4482,0,0,4482,2.8579968291103e-11,8.636923720626e-06,6.5609720730416e-13,-1.2095099845184e-14
4483,0,0,4483,2.8592081743198e-11,8.6332964829162e-06,6.5653002547348e-13,-1.2113452094979e-14
4484,0,0,4484,2.860421358103e-11,8.6296668541292e-06,6.5696281045177e-13,-1.2131837832241e-14
4485,0,0,4485,2.8616363838175e-11,8.6260348344488e-06,6.5739556215041e-13,-1.2150257144702e-14
4486,0,0,4486,2.8628532548295e-11,8.6224004240594e-06,6.5782828048294e-13,-1.2168710120377e-14
4487,0,0,4487,2.8640719745143e-11,8.6187636231458e-06,6.5826096536074e-13,-1.2187196847551e-14
4488,0,0,4488,2.8652925462558e-11,8.6151244318933e-06,6.5869361669459e-13,-1.2205717414803e-14
4489,0,0,4489,2.8665149734469e-11,8.6114828504878e-06,6.591262343974e-13,-1.2224271911001e-14
4490,0,0,4490,2.8677392594894e-11,8.6078388791155e-06,6.5955881837902e-13,-1.224286042528e-14
4491,0,0,4491,2.8689654077941e-11,8.6041925179633e-06,6.5999136855022e-13,-1.2261483047077e-14
4492,0,0,4492,2.8701934217807e-11,8.6005437672184e-06,6.604238848224e-13,-1.2280139866111e-14
4493,0,0,4493,2.8714233048779e-11,8.5968926270687e-06,6.6085636710509e-13,-1.2298830972396e-14
4494,0,0,4494,2.8726550605236e-11,8.5932390977024e-06,6.6128881530846e-13,-1.2317556456219e-14
4495,0,0,4495,2.8738886921644e-11,8.5895831793082e-06,6.6172122934143e-13,-1.2336316408177e-14
4496,0,0,4496,2.8751242032563e-11,8.5859248720755e-06,6.6215360911417e-13,-1.235511091915e-14
4497,0,0,4497,2.8763615972643e-11,8.5822641761941e-06,6.6258595453561e-13,-1.2373940080318e-14
4498,0,0,4498,2.8776008776626e-11,8.5786010918543e-06,6.6301826551376e-13,-1.2392803983136e-14
4499,0,0,4499,2.8788420479346e-11,8.5749356192468e-06,6.6345054195785e-13,-1.2411702719383e-14
4500,0,0,4500,2.8800851115727e-11,8.5712677585629e-06,6.6388278377591e-13,-1.2430636381115e-14
4501,0,0,4501,2.8813300720788e-11,8.5675975099945e-06,6.6431499087532e-13,-1.2449605060688e-14
4502,0,0,4502,2.8825769329638e-11,8.563924873734e-06,6.647471631638e-13,-1.2468608850763e-14
4503,0,0,4503,2.8838256977483e-11,8.560249849974e-06,6.6517930054905e-13,-1.2487647844301e-14
4504,0,0,4504,2.8850763699617e-11,8.5565724389081e-06,6.6561140293725e-13,-1.2506722134556e-14
4505,0,0,4505,2.8863289531432e-11,8.55289264073e-06,6.6604347023578e-13,-1.2525831815098e-14
4506,0,0,4506,2.8875834508412e-11,8.5492104556341e-06,6.6647550235022e-13,-1.2544976979787e-14
4507,0,0,4507,2.8888398666135e-11,8.5455258838154e-06,6.6690749918735e-13,-1.2564157722798e-14
4508,0,0,4508,2.8900982040273e-11,8.5418389254693e-06,6.6733946065272e-13,-1.2583374138606e-14
4509,0,0,4509,2.8913584666595e-11,8.5381495807916e-06,6.6777138665098e-13,-1.2602626321997e-14
4510,0,0,4510,2.8926206580964e-11,8.534457849979e-06,6.6820327708829e-13,-1.2621914368063e-14
4511,0,0,4511,2.8938847819336e-11,8.5307637332283e-06,6.6863513186869e-13,-1.2641238372212e-14
4512,0,0,4512,2.8951508417766e-11,8.5270672307372e-06,6.6906695089712e-13,-1.2660598430153e-14
4513,0,0,4513,2.8964188412404e-11,8.5233683427036e-06,6.694987340776e-13,-1.2679994637919e-14
4514,0,0,4514,2.8976887839496e-11,8.5196670693262e-06,6.6993048131417e-13,-1.2699427091845e-14
4515,0,0,4515,2.8989606735384e-11,8.515963410804e-06,6.7036219250993e-13,-1.2718895888584e-14
4516,0,0,4516,2.9002345136509e-11,8.5122573673368e-06,6.7079386756829e-13,-1.2738401125114e-14
4517,0,0,4517,2.9015103079408e-11,8.5085489391247e-06,6.7122550639235e-13,-1.2757942898722e-14
4518,0,0,4518,2.9027880600715e-11,8.5048381263684e-06,6.7165710888431e-13,-1.2777521307012e-14
4519,0,0,4519,2.9040677737163e-11,8.5011249292693e-06,6.7208867494758e-13,-1.2797136447912e-14
4520,0,0,4520,2.9053494525583e-11,8.497409348029e-06,6.7252020448219e-13,-1.2816788419668e-14
4521,0,0,4521,2.9066331002904e-11,8.4936913828501e-06,6.7295169739156e-13,-1.2836477320857e-14
4522,0,0,4522,2.9079187206154e-11,8.4899710339353e-06,6.7338315357604e-13,-1.2856203250364e-14
4523,0,0,4523,2.9092063172461e-11,8.4862483014881e-06,6.7381457293689e-13,-1.2875966307416e-14
4524,0,0,4524,2.9104958939053e-11,8.4825231857126e-06,6.7424595537446e-13,-1.2895766591554e-14
4525,0,0,4525,2.9117874543256e-11,8.4787956868132e-06,6.7467730078971e-13,-1.2915604202644e-14
4526,0,0,4526,2.9130810022496e-11,8.475065804995e-06,6.7510860908207e-13,-1.2935479240907e-14
4527,0,0,4527,2.9143765414303e-11,8.4713335404638e-06,6.7553988015126e-13,-1.2955391806855e-14
4528,0,0,4528,2.9156740756305e-11,8.4675988934257e-06,6.7597111389703e-13,-1.2975342001366e-14
4529,0,0,4529,2.916973608623e-11,8.4638618640875e-06,6.7640231021787e-13,-1.299532992562e-14
4530,0,0,4530,2.9182751441911e-11,8.4601224526565e-06,6.7683346901292e-13,-1.301535568116e-14
4531,0,0,4531,2.9195786861281e-11,8.4563806593406e-06,6.7726459018005e-13,-1.3035419369852e-14
4532,0,0,4532,2.9208842382375e-11,8.4526364843482e-06,6.7769567361748e-13,-1.3055521093886e-14
4533,0,0,4533,2.9221918043331e-11,8.4488899278884e-06,6.781267192231e-13,-1.3075660955825e-14
4534,0,0,4534,2.923501388239e-11,8.4451409901708e-06,6.7855772689388e-13,-1.3095839058517e-14
4535,0,0,4535,2.9248129937895e-11,8.4413896714054e-06,6.7898869652709e-13,-1.3116055505219e-14
4536,0,0,4536,2.9261266248294e-11,8.4376359718031e-06,6.7941962801911e-13,-1.3136310399476e-14
4537,0,0,4537,2.9274422852139e-11,8.4338798915751e-06,6.7985052126598e-13,-1.3156603845189e-14
4538,0,0,4538,2.9287599788086e-11,8.4301214309333e-06,6.8028137616438e-13,-1.3176935946617e-14
4539,0,0,4539,2.9300797094894e-11,8.4263605900902e-06,6.8071219260943e-13,-1.3197306808371e-14
4540,0,0,4540,2.931401481143e-11,8.4225973692587e-06,6.8114297049658e-13,-1.3217716535381e-14
4541,0,0,4541,2.9327252976663e-11,8.4188317686525e-06,6.8157370972065e-13,-1.3238165232943e-14
4542,0,0,4542,2.9340511629669e-11,8.4150637884858e-06,6.8200441017586e-13,-1.3258653006718e-14
4543,0,0,4543,2.9353790809632e-11,8.4112934289733e-06,6.8243507175672e-13,-1.3279179962695e-14
4544,0,0,4544,2.9367090555839e-11,8.4075206903305e-06,6.8286569435746e-13,-1.3299746207217e-14
4545,0,0,4545,2.9380410907686e-11,8.4037455727732e-06,6.8329627787106e-13,-1.3320351847011e-14
4546,0,0,4546,2.9393751904675e-11,8.399968076518e-06,6.8372682219051e-13,-1.3340996989125e-14
4547,0,0,4547,2.9407113586416e-11,8.396188201782e-06,6.841573272094e-13,-1.3361681740984e-14
4548,0,0,4548,2.9420495992627e-11,8.392405948783e-06,6.845877928192e-13,-1.3382406210371e-14
4549,0,0,4549,2.9433899163132e-11,8.3886213177393e-06,6.8501821891227e-13,-1.3403170505436e-14
4550,0,0,4550,2.9447323137867e-11,8.3848343088698e-06,6.85448605381e-13,-1.3423974734654e-14
4551,0,0,4551,2.9460767956874e-11,8.381044922394e-06,6.8587895211561e-13,-1.3444819006924e-14
4552,0,0,4552,2.9474233660305e-11,8.3772531585321e-06,6.8630925900785e-13,-1.3465703431458e-14
4553,0,0,4553,2.9487720288423e-11,8.3734590175048e-06,6.8673952594796e-13,-1.3486628117864e-14
4554,0,0,4554,2.9501227881599e-11,8.3696624995333e-06,6.8716975282648e-13,-1.35075931761e-14
4555,0,0,4555,2.9514756480316e-11,8.3658636048398e-06,6.8759993953271e-13,-1.3528598716522e-14
4556,0,0,4556,2.9528306125166e-11,8.3620623336467e-06,6.8803008595718e-13,-1.3549644849813e-14
4557,0,0,4557,2.9541876856853e-11,8.3582586861771e-06,6.8846019198737e-13,-1.3570731687065e-14
4558,0,0,4558,2.9555468716192e-11,8.3544526626549e-06,6.8889025751411e-13,-1.3591859339734e-14
4559,0,0,4559,2.9569081744112e-11,8.3506442633045e-06,6.8932028242365e-13,-1.3613027919653e-14
4560,0,0,4560,2.9582715981651e-11,8.3468334883509e-06,6.897502666056e-13,-1.3634237539013e-14
4561,0,0,4561,2.9596371469961e-11,8.3430203380197e-06,6.9018020994681e-13,-1.3655488310428e-14
4562,0,0,4562,2.9610048250308e-11,8.3392048125372e-06,6.9061011233476e-13,-1.3676780346833e-14
4563,0,0,4563,2.962374636407e-11,8.3353869121303e-06,6.9103997365599e-13,-1.3698113761598e-14
4564,0,0,4564,2.9637465852738e-11,8.3315666370264e-06,6.9146979379706e-13,-1.3719488668447e-14
4565,0,0,4565,2.965120675792e-11,8.3277439874538e-06,6.9189957264481e-13,-1.3740905181491e-14
4566,0,0,4566,2.9664969121335e-11,8.3239189636412e-06,6.9232931008365e-13,-1.3762363415258e-14
4567,0,0,4567,2.967875298482e-11,8.320091565818e-06,6.9275900600012e-13,-1.3783863484602e-14
4568,0,0,4568,2.9692558390325e-11,8.3162617942142e-06,6.9318866027802e-13,-1.380540550483e-14
4569,0,0,4569,2.9706385379916e-11,8.3124296490606e-06,6.9361827280267e-13,-1.3826989591613e-14
4570,0,0,4570,2.9720233995777e-11,8.3085951305885e-06,6.9404784345786e-13,-1.3848615861014e-14
4571,0,0,4571,2.9734104280207e-11,8.3047582390298e-06,6.9447737212768e-13,-1.3870284429478e-14
4572,0,0,4572,2.9747996275621e-11,8.3009189746171e-06,6.9490685869499e-13,-1.3891995413891e-14
4573,0,0,4573,2.9761910024552e-11,8.2970773375837e-06,6.9533630304299e-13,-1.3913748931477e-14
4574,0,0,4574,2.9775845569652e-11,8.2932333281635e-06,6.9576570505453e-13,-1.3935545099912e-14
4575,0,0,4575,2.9789802953689e-11,8.2893869465911e-06,6.9619506461064e-13,-1.3957384037248e-14
4576,0,0,4576,2.9803782219551e-11,8.2855381931016e-06,6.966243815945e-13,-1.3979265861922e-14
4577,0,0,4577,2.9817783410244e-11,8.2816870679309e-06,6.9705365588684e-13,-1.4001190692827e-14
4578,0,0,4578,2.9831806568893e-11,8.2778335713156e-06,6.9748288736806e-13,-1.4023158649213e-14
4579,0,0,4579,2.9845851738744e-11,8.2739777034929e-06,6.9791207591951e-13,-1.4045169850757e-14
4580,0,0,4580,2.9859918963161e-11,8.2701194647005e-06,6.9834122142098e-13,-1.4067224417548e-14
4581,0,0,4581,2.9874008285632e-11,8.266258855177e-06,6.9877032375198e-13,-1.4089322470077e-14
4582,0,0,4582,2.9888119749761e-11,8.2623958751616e-06,6.9919938279199e-13,-1.4111464129274e-14
4583,0,0,4583,2.9902253399277e-11,8.2585305248941e-06,6.9962839841991e-13,-1.4133649516444e-14
4584,0,0,4584,2.9916409278031e-11,8.254662804615e-06,7.000573705143e-13,-1.4155878753323e-14
4585,0,0,4585,2.9930587429993e-11,8.2507927145655e-06,7.0048629895283e-13,-1.417815196209e-14
4586,0,0,4586,2.9944787899258e-11,8.2469202549876e-06,7.0091518361376e-13,-1.4200469265316e-14
4587,0,0,4587,2.9959010730044e-11,8.2430454261236e-06,7.0134402437321e-13,-1.4222830785992e-14
4588,0,0,4588,2.9973255966692e-11,8.2391682282169e-06,7.0177282110916e-13,-1.4245236647549e-14
4589,0,0,4589,2.9987523653665e-11,8.2352886615114e-06,7.022015736971e-13,-1.4267686973851e-14
4590,0,0,4590,3.0001813835554e-11,8.2314067262517e-06,7.0263028201378e-13,-1.4290181889136e-14
4591,0,0,4591,3.0016126557073e-11,8.227522422683e-06,7.0305894593348e-13,-1.4312721518154e-14
4592,0,0,4592,3.0030461863059e-11,8.2236357510513e-06,7.0348756533263e-13,-1.4335305986003e-14
4593,0,0,4593,3.0044819798477e-11,8.2197467116033e-06,7.0391614008489e-13,-1.4357935418265e-14
4594,0,0,4594,3.0059200408418e-11,8.2158553045864e-06,7.0434467006456e-13,-1.4380609940944e-14
4595,0,0,4595,3.0073603738098e-11,8.2119615302486e-06,7.0477315514622e-13,-1.4403329680482e-14
4596,0,0,4596,3.0088029832862e-11,8.2080653888386e-06,7.0520159520232e-13,-1.4426094763728e-14
4597,0,0,4597,3.010247873818e-11,8.204166880606e-06,7.056299901056e-13,-1.4448905318023e-14
4598,0,0,4598,3.0116950499651e-11,8.2002660058009e-06,7.0605833972973e-13,-1.4471761471114e-14
4599,0,0,4599,3.0131445163002e-11,8.1963627646741e-06,7.0648664394533e-13,-1.4494663351196e-14
4600,0,0,4600,3.0145962774089e-11,8.1924571574773e-06,7.0691490262453e-13,-1.4517611086914e-14
4601,0,0,4601,3.0160503378897e-11,8.1885491844627e-06,7.0734311563884e-13,-1.4540604807366e-14
4602,0,0,4602,3.0175067023539e-11,8.1846388458834e-06,7.0777128285827e-13,-1.4563644642084e-14
4603,0,0,4603,3.018965375426e-11,8.180726141993e-06,7.0819940415341e-13,-1.4586730721058e-14
4604,0,0,4604,3.0204263617435e-11,8.1768110730461e-06,7.0862747939364e-13,-1.4609863174737e-14
4605,0,0,4605,3.0218896659569e-11,8.1728936392977e-06,7.0905550844865e-13,-1.4633042134009e-14
4606,0,0,4606,3.0233552927299e-11,8.1689738410039e-06,7.094834911872e-13,-1.4656267730241e-14
4607,0,0,4607,3.0248232467394e-11,8.1650516784211e-06,7.0991142747775e-13,-1.4679540095239e-14
4608,0,0,4608,3.0262935326755e-11,8.1611271518068e-06,7.1033931718783e-13,-1.4702859361262e-14
4609,0,0,4609,3.0277661552416e-11,8.1572002614191e-06,7.107671601853e-13,-1.4726225661071e-14
4610,0,0,4610,3.0292411191544e-11,8.1532710075167e-06,7.1119495633706e-13,-1.474963912785e-14
4611,0,0,4611,3.0307184291439e-11,8.1493393903592e-06,7.1162270550945e-13,-1.4773099895259e-14
4612,0,0,4612,3.0321980899537e-11,8.1454054102068e-06,7.1205040756906e-13,-1.4796608097444e-14
4613,0,0,4613,3.0336801063406e-11,8.1414690673208e-06,7.12478062381e-13,-1.4820163868995e-14
4614,0,0,4614,3.0351644830751e-11,8.1375303619627e-06,7.1290566981033e-13,-1.4843767345003e-14
4615,0,0,4615,3.0366512249412e-11,8.1335892943952e-06,7.1333322972215e-13,-1.4867418661001e-14
4616,0,0,4616,3.0381403367365e-11,8.1296458648815e-06,7.1376074198032e-13,-1.4891117953029e-14
4617,0,0,4617,3.0396318232723e-11,8.1257000736856e-06,7.1418820644869e-13,-1.4914865357584e-14
4618,0,0,4618,3.0411256893734e-11,8.1217519210724e-06,7.1461562298989e-13,-1.4938661011649e-14
4619,0,0,4619,3.0426219398787e-11,8.1178014073074e-06,7.1504299146779e-13,-1.4962505052697e-14
4620,0,0,4620,3.0441205796406e-11,8.1138485326569e-06,7.1547031174379e-13,-1.4986397618661e-14
4621,0,0,4621,3.0456216135254e-11,8.1098932973879e-06,7.158975836799e-13,-1.5010338847997e-14
4622,0,0,4622,3.0471250464133e-11,8.1059357017684e-06,7.1632480713722e-13,-1.5034328879625e-14
4623,0,0,4623,3.0486308831986e-11,8.1019757460669e-06,7.1675198197655e-13,-1.5058367852958e-14
4624,0,0,4624,3.0501391287894e-11,8.0980134305527e-06,7.1717910805868e-13,-1.5082455907899e-14
4625,0,0,4625,3.0516497881079e-11,8.0940487554961e-06,7.1760618524256e-13,-1.5106593184862e-14
4626,0,0,4626,3.0531628660904e-11,8.090081721168e-06,7.1803321338868e-13,-1.5130779824739e-14
4627,0,0,4627,3.0546783676873e-11,8.0861123278401e-06,7.1846019235445e-13,-1.5155015968933e-14
4628,0,0,4628,3.0561962978632e-11,8.0821405757848e-06,7.1888712199913e-13,-1.5179301759332e-14
4629,0,0,4629,3.057716661597e-11,8.0781664652756e-06,7.1931400218014e-13,-1.5203637338352e-14
4630,0,0,4630,3.0592394638819e-11,8.0741899965863e-06,7.1974083275491e-13,-1.5228022848902e-14
4631,0,0,4631,3.0607647097254e-11,8.0702111699919e-06,7.2016761358023e-13,-1.5252458434381e-14
4632,0,0,4632,3.0622924041492e-11,8.0662299857681e-06,7.205943445123e-13,-1.5276944238732e-14
4633,0,0,4633,3.0638225521899e-11,8.0622464441913e-06,7.2102102540701e-13,-1.5301480406388e-14
4634,0,0,4634,3.0653551588981e-11,8.0582605455387e-06,7.2144765611901e-13,-1.5326067082286e-14
4635,0,0,4635,3.0668902293393e-11,8.0542722900884e-06,7.2187423650419e-13,-1.5350704411908e-14
4636,0,0,4636,3.0684277685934e-11,8.0502816781192e-06,7.2230076641568e-13,-1.5375392541238e-14
4637,0,0,4637,3.0699677817551e-11,8.0462887099109e-06,7.2272724570782e-13,-1.5400131616776e-14
4638,0,0,4638,3.0715102739336e-11,8.0422933857439e-06,7.2315367423344e-13,-1.5424921785555e-14
4639,0,0,4639,3.0730552502532e-11,8.0382957058994e-06,7.2358005184506e-13,-1.5449763195136e-14
4640,0,0,4640,3.0746027158525e-11,8.0342956706597e-06,7.2400637839548e-13,-1.5474655993583e-14
4641,0,0,4641,3.0761526758855e-11,8.0302932803075e-06,7.244326537357e-13,-1.5499600329532e-14
4642,0,0,4642,3.0777051355207e-11,8.0262885351268e-06,7.2485887771699e-13,-1.5524596352106e-14
4643,0,0,4643,3.0792600999418e-11,8.022281435402e-06,7.2528505018942e-13,-1.5549644210994e-14
4644,0,0,4644,3.0808175743474e-11,8.0182719814185e-06,7.2571117100367e-13,-1.55747440564e-14
4645,0,0,4645,3.0823775639513e-11,8.0142601734627e-06,7.2613724000916e-13,-1.5599896039097e-14
4646,0,0,4646,3.0839400739824e-11,8.0102460118215e-06,7.2656325705383e-13,-1.5625100310362e-14
4647,0,0,4647,3.0855051096846e-11,8.0062294967829e-06,7.2698922198712e-13,-1.5650357022035e-14
4648,0,0,4648,3.0870726763172e-11,8.0022106286356e-06,7.2741513465663e-13,-1.567566632651e-14
4649,0,0,4649,3.0886427791549e-11,7.9981894076693e-06,7.2784099490905e-13,-1.5701028376712e-14
4650,0,0,4650,3.0902154234875e-11,7.9941658341743e-06,7.2826680259168e-13,-1.5726443326129e-14
4651,0,0,4651,3.0917906146204e-11,7.990139908442e-06,7.2869255755059e-13,-1.5751911328792e-14
4652,0,0,4652,3.0933683578743e-11,7.9861116307645e-06,7.2911825963095e-13,-1.5777432539304e-14
4653,0,0,4653,3.0949486585856e-11,7.9820810014347e-06,7.2954390867882e-13,-1.5803007112795e-14
4654,0,0,4654,3.0965315221061e-11,7.9780480207467e-06,7.2996950453721e-13,-1.5828635204994e-14
4655,0,0,4655,3.0981169538033e-11,7.974012688995e-06,7.3039504705127e-13,-1.5854316972161e-14
4656,0,0,4656,3.0997049590604e-11,7.9699750064753e-06,7.3082053606402e-13,-1.5880052571151e-14
4657,0,0,4657,3.1012955432764e-11,7.9659349734841e-06,7.3124597141784e-13,-1.5905842159359e-14
4658,0,0,4658,3.1028887118658e-11,7.9618925903186e-06,7.3167135295574e-13,-1.5931685894746e-14
4659,0,0,4659,3.1044844702594e-11,7.957847857277e-06,7.320966805189e-13,-1.595758393589e-14
4660,0,0,4660,3.1060828239036e-11,7.9538007746585e-06,7.3252195394786e-13,-1.5983536441902e-14
4661,0,0,4661,3.1076837782609e-11,7.949751342763e-06,7.3294717308441e-13,-1.6009543572473e-14
4662,0,0,4662,3.1092873388096e-11,7.9456995618914e-06,7.3337233776726e-13,-1.6035605487894e-14
4663,0,0,4663,3.1108935110446e-11,7.9416454323453e-06,7.3379744783635e-13,-1.6061722349039e-14
4664,0,0,4664,3.1125023004763e-11,7.9375889544275e-06,7.342225031304e-13,-1.6087894317344e-14
4665,0,0,4665,3.1141137126318e-11,7.9335301284414e-06,7.3464750348721e-13,-1.6114121554846e-14
4666,0,0,4666,3.1157277530542e-11,7.9294689546914e-06,7.3507244874486e-13,-1.6140404224177e-14
4667,0,0,4667,3.117344427303e-11,7.9254054334829e-06,7.3549733874025e-13,-1.6166742488563e-14
4668,0,0,4668,3.1189637409542e-11,7.9213395651221e-06,7.3592217330932e-13,-1.619313651181e-14
4669,0,0,4669,3.1205856996001e-11,7.9172713499161e-06,7.3634695228803e-13,-1.6219586458342e-14
4670,0,0,4670,3.1222103088494e-11,7.9132007881729e-06,7.3677167551203e-13,-1.6246092493166e-14
4671,0,0,4671,3.1238375743276e-11,7.9091278802015e-06,7.3719634281543e-13,-1.6272654781901e-14
4672,0,0,4672,3.1254675016766e-11,7.9050526263119e-06,7.3762095403204e-13,-1.6299273490784e-14
4673,0,0,4673,3.1271000965553e-11,7.9009750268147e-06,7.3804550899598e-13,-1.632594878664e-14
4674,0,0,4674,3.128735364639e-11,7.8968950820216e-06,7.3847000753922e-13,-1.6352680836909e-14
4675,0,0,4675,3.13037331162e-11,7.8928127922454e-06,7.3889444949433e-13,-1.6379469809657e-14
4676,0,0,4676,3.1320139432073e-11,7.8887281577996e-06,7.3931883469238e-13,-1.6406315873557e-14
4677,0,0,4677,3.1336572651271e-11,7.8846411789987e-06,7.3974316296532e-13,-1.6433219197912e-14
4678,0,0,4678,3.1353032831224e-11,7.8805518561581e-06,7.4016743414206e-13,-1.6460179952627e-14
4679,0,0,4679,3.1369520029532e-11,7.8764601895943e-06,7.4059164805303e-13,-1.6487198308253e-14
4680,0,0,4680,3.1386034303968e-11,7.8723661796245e-06,7.4101580452745e-13,-1.6514274435968e-14
4681,0,0,4681,3.1402575712476e-11,7.8682698265671e-06,7.4143990339299e-13,-1.654140850755e-14
4682,0,0,4682,3.1419144313171e-11,7.8641711307413e-06,7.4186394447825e-13,-1.6568600695465e-14
4683,0,0,4683,3.1435740164344e-11,7.8600700924672e-06,7.4228792760967e-13,-1.6595851172756e-14
4684,0,0,4684,3.1452363324457e-11,7.855966712066e-06,7.4271185261432e-13,-1.662316011315e-14
4685,0,0,4685,3.1469013852148e-11,7.8518609898598e-06,7.4313571931743e-13,-1.6650527690988e-14
4686,0,0,4686,3.1485691806229e-11,7.8477529261717e-06,7.4355952754452e-13,-1.6677954081277e-14
4687,0,0,4687,3.1502397245689e-11,7.8436425213257e-06,7.4398327712051e-13,-1.6705439459658e-14
4688,0,0,4688,3.1519130229691e-11,7.8395297756469e-06,7.4440696786878e-13,-1.6732984002416e-14
4689,0,0,4689,3.1535890817578e-11,7.8354146894612e-06,7.4483059961241e-13,-1.6760587886503e-14
4690,0,0,4690,3.1552679068867e-11,7.8312972630956e-06,7.4525417217447e-13,-1.6788251289532e-14
4691,0,0,4691,3.1569495043257e-11,7.8271774968781e-06,7.4567768537713e-13,-1.6815974389752e-14
4692,0,0,4692,3.1586338800623e-11,7.8230553911375e-06,7.4610113904101e-13,-1.6843757366101e-14
4693,0,0,4693,3.1603210401021e-11,7.8189309462039e-06,7.4652453298704e-13,-1.6871600398152e-14
4694,0,0,4694,3.1620109904687e-11,7.8148041624081e-06,7.4694786703491e-13,-1.6899503666181e-14
4695,0,0,4695,3.1637037372039e-11,7.8106750400821e-06,7.4737114100465e-13,-1.6927467351101e-14
4696,0,0,4696,3.1653992863673e-11,7.8065435795588e-06,7.4779435471381e-13,-1.6955491634529e-14
4697,0,0,4697,3.1670976440372e-11,7.8024097811722e-06,7.4821750798087e-13,-1.698357669873e-14
4698,0,0,4698,3.1687988163098e-11,7.7982736452571e-06,7.4864060062338e-13,-1.7011722726678e-14
4699,0,0,4699,3.1705028093e-11,7.7941351721496e-06,7.4906363245706e-13,-1.7039929901995e-14
4700,0,0,4700,3.172209629141e-11,7.7899943621867e-06,7.4948660329856e-13,-1.7068198409032e-14
4701,0,0,4701,3.1739192819842e-11,7.7858512157062e-06,7.4990951296266e-13,-1.7096528432787e-14
4702,0,0,4702,3.1756317740001e-11,7.7817057330473e-06,7.5033236126386e-13,-1.7124920158988e-14
4703,0,0,4703,3.1773471113775e-11,7.77755791455e-06,7.5075514801604e-13,-1.7153373774021e-14
4704,0,0,4704,3.179065300324e-11,7.7734077605553e-06,7.5117787303277e-13,-1.7181889464997e-14
4705,0,0,4705,3.180786347066e-11,7.7692552714054e-06,7.5160053612517e-13,-1.7210467419727e-14
4706,0,0,4706,3.1825102578487e-11,7.7651004474435e-06,7.520231371065e-13,-1.7239107826715e-14
4707,0,0,4707,3.1842370389362e-11,7.7609432890138e-06,7.5244567578665e-13,-1.7267810875173e-14
4708,0,0,4708,3.1859666966117e-11,7.7567837964614e-06,7.5286815197613e-13,-1.729657675503e-14
4709,0,0,4709,3.1876992371774e-11,7.7526219701328e-06,7.5329056548453e-13,-1.7325405656937e-14
4710,0,0,4710,3.1894346669546e-11,7.7484578103752e-06,7.5371291612082e-13,-1.7354297772246e-14
4711,0,0,4711,3.1911729922839e-11,7.7442913175371e-06,7.5413520369335e-13,-1.7383253293029e-14
4712,0,0,4712,3.1929142195251e-11,7.740122491968e-06,7.5455742800895e-13,-1.7412272412117e-14
4713,0,0,4713,3.1946583550574e-11,7.7359513340184e-06,7.5497958887445e-13,-1.7441355323006e-14
4714,0,0,4714,3.1964054052794e-11,7.73177784404e-06,7.5540168609636e-13,-1.7470502219985e-14
4715,0,0,4715,3.1981553766092e-11,7.7276020223854e-06,7.5582371947876e-13,-1.7499713298031e-14
4716,0,0,4716,3.1999082754845e-11,7.7234238694085e-06,7.5624568882723e-13,-1.7528988752889e-14
4717,0,0,4717,3.2016641083626e-11,7.719243385464e-06,7.5666759394463e-13,-1.7558328781025e-14
4718,0,0,4718,3.2034228817206e-11,7.715060570908e-06,7.5708943463502e-13,-1.7587733579646e-14
4719,0,0,4719,3.2051846020553e-11,7.7108754260975e-06,7.5751121069939e-13,-1.7617203346732e-14
4720,0,0,4720,3.2069492758834e-11,7.7066879513907e-06,7.5793292193997e-13,-1.7646738280987e-14
4721,0,0,4721,3.2087169097415e-11,7.7024981471467e-06,7.5835456815746e-13,-1.7676338581872e-14
4722,0,0,4722,3.2104875101865e-11,7.698306013726e-06,7.5877614915163e-13,-1.7706004449628e-14
4723,0,0,4723,3.212261083795e-11,7.69411155149e-06,7.5919766472164e-13,-1.773573608521e-14
4724,0,0,4724,3.2140376371641e-11,7.6899147608012e-06,7.5961911466634e-13,-1.7765533690404e-14
4725,0,0,4725,3.2158171769108e-11,7.6857156420234e-06,7.6004049878275e-13,-1.7795397467694e-14
4726,0,0,4726,3.2175997096729e-11,7.6815141955214e-06,7.6046181686849e-13,-1.7825327620386e-14
4727,0,0,4727,3.2193852421081e-11,7.677310421661e-06,7.6088306871966e-13,-1.7855324352536e-14
4728,0,0,4728,3.221173780895e-11,7.6731043208095e-06,7.6130425413081e-13,-1.7885387868974e-14
4729,0,0,4729,3.2229653327326e-11,7.6688958933349e-06,7.6172537289713e-13,-1.7915518375338e-14
4730,0,0,4730,3.2247599043404e-11,7.6646851396067e-06,7.6214642481286e-13,-1.7945716078016e-14
4731,0,0,4731,3.2265575024588e-11,7.6604720599952e-06,7.6256740966981e-13,-1.7975981184218e-14
4732,0,0,4732,3.228358133849e-11,7.6562566548722e-06,7.6298832726131e-13,-1.800631390192e-14
4733,0,0,4733,3.230161805293e-11,7.6520389246105e-06,7.6340917737824e-13,-1.8036714439902e-14
4734,0,0,4734,3.2319685235937e-11,7.6478188695839e-06,7.6382995981117e-13,-1.8067183007751e-14
4735,0,0,4735,3.2337782955753e-11,7.6435964901676e-06,7.6425067435038e-13,-1.8097719815862e-14
4736,0,0,4736,3.2355911280829e-11,7.6393717867378e-06,7.646713207843e-13,-1.8128325075404e-14
4737,0,0,4737,3.2374070279827e-11,7.6351447596721e-06,7.6509189890134e-13,-1.8158998998395e-14
4738,0,0,4738,3.2392260021625e-11,7.6309154093489e-06,7.6551240848933e-13,-1.8189741797645e-14
4739,0,0,4739,3.2410480575312e-11,7.6266837361482e-06,7.6593284933393e-13,-1.8220553686788e-14
4740,0,0,4740,3.2428732010192e-11,7.6224497404508e-06,7.6635322122173e-13,-1.8251434880276e-14
4741,0,0,4741,3.2447014395785e-11,7.618213422639e-06,7.6677352393733e-13,-1.828238559339e-14
4742,0,0,4742,3.2465327801827e-11,7.6139747830961e-06,7.6719375726471e-13,-1.8313406042243e-14
4743,0,0,4743,3.2483672298271e-11,7.6097338222067e-06,7.6761392098709e-13,-1.8344496443777e-14
4744,0,0,4744,3.2502047955287e-11,7.6054905403565e-06,7.6803401488721e-13,-1.8375657015766e-14
4745,0,0,4745,3.2520454843264e-11,7.6012449379325e-06,7.6845403874646e-13,-1.8406887976825e-14
4746,0,0,4746,3.253889303281e-11,7.5969970153228e-06,7.688739923456e-13,-1.8438189546421e-14
4747,0,0,4747,3.2557362594755e-11,7.592746772917e-06,7.6929387546432e-13,-1.8469561944876e-14
4748,0,0,4748,3.2575863600148e-11,7.5884942111055e-06,7.6971368788215e-13,-1.8501005393332e-14
4749,0,0,4749,3.2594396120262e-11,7.5842393302802e-06,7.7013342937664e-13,-1.8532520113827e-14
4750,0,0,4750,3.2612960226591e-11,7.5799821308342e-06,7.7055309972578e-13,-1.8564106329229e-14
4751,0,0,4751,3.2631555990855e-11,7.5757226131618e-06,7.7097269870529e-13,-1.8595764263278e-14
4752,0,0,4752,3.2650183484995e-11,7.5714607776585e-06,7.7139222609148e-13,-1.8627494140598e-14
4753,0,0,4753,3.2668842781182e-11,7.5671966247212e-06,7.7181168165852e-13,-1.8659296186654e-14
4754,0,0,4754,3.268753395181e-11,7.5629301547478e-06,7.7223106518057e-13,-1.8691170627809e-14
4755,0,0,4755,3.2706257069501e-11,7.5586613681377e-06,7.7265037643059e-13,-1.8723117691312e-14
4756,0,0,4756,3.2725012207106e-11,7.5543902652914e-06,7.7306961518029e-13,-1.8755137605265e-14
4757,0,0,4757,3.2743799437705e-11,7.5501168466107e-06,7.7348878120138e-13,-1.8787230598692e-14
4758,0,0,4758,3.2762618834607e-11,7.5458411124987e-06,7.739078742639e-13,-1.8819396901479e-14
4759,0,0,4759,3.2781470471351e-11,7.5415630633599e-06,7.7432689413712e-13,-1.8851636744442e-14
4760,0,0,4760,3.280035442171e-11,7.5372826995997e-06,7.7474584058982e-13,-1.8883950359256e-14
4761,0,0,4761,3.2819270759689e-11,7.5330000216252e-06,7.751647133893e-13,-1.8916337978532e-14
4762,0,0,4762,3.2838219559525e-11,7.5287150298445e-06,7.7558351230265e-13,-1.8948799835789e-14
4763,0,0,4763,3.285720089569e-11,7.5244277246672e-06,7.7600223709532e-13,-1.8981336165429e-14
4764,0,0,4764,3.2876214842893e-11,7.520138106504e-06,7.7642088753213e-13,-1.9013947202803e-14
4765,0,0,4765,3.2895261476077e-11,7.5158461757671e-06,7.7683946337742e-13,-1.9046633184169e-14
4766,0,0,4766,3.2914340870424e-11,7.5115519328699e-06,7.7725796439372e-13,-1.9079394346707e-14
4767,0,0,4767,3.2933453101352e-11,7.5072553782271e-06,7.7767639034355e-13,-1.9112230928537e-14
4768,0,0,4768,3.2952598244521e-11,7.5029565122548e-06,7.7809474098759e-13,-1.9145143168706e-14
4769,0,0,4769,3.2971776375828e-11,7.4986553353704e-06,7.7851301608651e-13,-1.9178131307201e-14
4770,0,0,4770,3.2990987571413e-11,7.4943518479925e-06,7.7893121539946e-13,-1.9211195584943e-14
4771,0,0,4771,3.3010231907657e-11,7.4900460505412e-06,7.7934933868435e-13,-1.9244336243814e-14
4772,0,0,4772,3.3029509461184e-11,7.4857379434379e-06,7.7976738569927e-13,-1.9277553526635e-14
4773,0,0,4773,3.3048820308861e-11,7.4814275271053e-06,7.8018535620013e-13,-1.9310847677204e-14
4774,0,0,4774,3.3068164527801e-11,7.4771148019675e-06,7.8060324994241e-13,-1.9344218940239e-14
4775,0,0,4775,3.3087542195362e-11,7.4727997684499e-06,7.810210666808e-13,-1.9377667561469e-14
4776,0,0,4776,3.310695338915e-11,7.4684824269794e-06,7.8143880616877e-13,-1.9411193787557e-14
4777,0,0,4777,3.3126398187016e-11,7.464162777984e-06,7.8185646815872e-13,-1.9444797866145e-14
4778,0,0,4778,3.3145876667062e-11,7.4598408218934e-06,7.8227405240244e-13,-1.947848004588e-14
4779,0,0,4779,3.3165388907638e-11,7.4555165591384e-06,7.8269155865049e-13,-1.951224057635e-14
4780,0,0,4780,3.3184934987347e-11,7.4511899901514e-06,7.8310898665221e-13,-1.9546079708171e-14
4781,0,0,4781,3.3204514985039e-11,7.446861115366e-06,7.8352633615661e-13,-1.9579997692903e-14
4782,0,0,4782,3.3224128979823e-11,7.4425299352173e-06,7.8394360691105e-13,-1.9613994783166e-14
4783,0,0,4783,3.3243777051055e-11,7.4381964501418e-06,7.8436079866224e-13,-1.9648071232511e-14
4784,0,0,4784,3.3263459278351e-11,7.4338606605774e-06,7.8477791115554e-13,-1.968222729554e-14
4785,0,0,4785,3.3283175741579e-11,7.4295225669634e-06,7.8519494413598e-13,-1.9716463227859e-14
4786,0,0,4786,3.3302926520865e-11,7.4251821697405e-06,7.8561189734676e-13,-1.9750779286075e-14
4787,0,0,4787,3.3322711696592e-11,7.4208394693508e-06,7.8602877053079e-13,-1.9785175727822e-14
4788,0,0,4788,3.3342531349404e-11,7.416494466238e-06,7.8644556342941e-13,-1.9819652811763e-14
4789,0,0,4789,3.3362385560202e-11,7.4121471608469e-06,7.8686227578292e-13,-1.9854210797573e-14
4790,0,0,4790,3.3382274410148e-11,7.4077975536241e-06,7.8727890733146e-13,-1.9888849945984e-14
4791,0,0,4791,3.3402197980667e-11,7.4034456450174e-06,7.876954578127e-13,-1.9923570518758e-14
4792,0,0,4792,3.3422156353445e-11,7.3990914354761e-06,7.8811192696448e-13,-1.995837277868e-14
4793,0,0,4793,3.3442149610435e-11,7.3947349254511e-06,7.8852831452295e-13,-1.999325698961e-14
4794,0,0,4794,3.3462177833851e-11,7.3903761153947e-06,7.8894462022379e-13,-2.0028223416463e-14
4795,0,0,4795,3.3482241106176e-11,7.3860150057604e-06,7.8936084380086e-13,-2.0063272325184e-14
4796,0,0,4796,3.3502339510159e-11,7.3816515970036e-06,7.8977698498723e-13,-2.0098403982799e-14
4797,0,0,4797,3.3522473128817e-11,7.3772858895808e-06,7.9019304351553e-13,-2.0133618657411e-14
4798,0,0,4798,3.3542642045435e-11,7.3729178839503e-06,7.9060901911609e-13,-2.0168916618169e-14
4799,0,0,4799,3.356284634357e-11,7.3685475805718e-06,7.9102491151968e-13,-2.020429813533e-14
4800,0,0,4800,3.358308610705e-11,7.3641749799063e-06,7.9144072045448e-13,-2.0239763480208e-14
4801,0,0,4801,3.3603361419976e-11,7.3598000824165e-06,7.9185644564866e-13,-2.0275312925225e-14
4802,0,0,4802,3.3623672366719e-11,7.3554228885666e-06,7.9227208682872e-13,-2.0310946743885e-14
4803,0,0,4803,3.364401903193e-11,7.3510433988223e-06,7.9268764372038e-13,-2.0346665210787e-14
4804,0,0,4804,3.3664401500532e-11,7.3466616136508e-06,7.9310311604814e-13,-2.0382468601641e-14
4805,0,0,4805,3.3684819857725e-11,7.3422775335208e-06,7.9351850353526e-13,-2.0418357193267e-14
4806,0,0,4806,3.3705274188989e-11,7.3378911589025e-06,7.939338059041e-13,-2.0454331263586e-14
4807,0,0,4807,3.372576458008e-11,7.3335024902678e-06,7.9434902287593e-13,-2.0490391091648e-14
4808,0,0,4808,3.3746291117038e-11,7.3291115280901e-06,7.9476415417034e-13,-2.0526536957622e-14
4809,0,0,4809,3.3766853886181e-11,7.3247182728442e-06,7.9517919950693e-13,-2.0562769142821e-14
4810,0,0,4810,3.378745297411e-11,7.3203227250066e-06,7.9559415860267e-13,-2.0599087929655e-14
4811,0,0,4811,3.3808088467712e-11,7.3159248850554e-06,7.9600903117487e-13,-2.0635493601724e-14
4812,0,0,4812,3.3828760454156e-11,7.3115247534701e-06,7.9642381693866e-13,-2.0671986443735e-14
4813,0,0,4813,3.3849469020898e-11,7.3071223307319e-06,7.9683851560842e-13,-2.0708566741555e-14
4814,0,0,4814,3.387021425568e-11,7.3027176173236e-06,7.972531268973e-13,-2.0745234782202e-14
4815,0,0,4815,3.3890996246534e-11,7.2983106137296e-06,7.9766765051739e-13,-2.0781990853886e-14
4816,0,0,4816,3.391181508178e-11,7.2939013204358e-06,7.9808208617968e-13,-2.0818835245938e-14
4817,0,0,4817,3.3932670850028e-11,7.2894897379298e-06,7.9849643359334e-13,-2.0855768248885e-14
4818,0,0,4818,3.3953563640183e-11,7.2850758667007e-06,7.9891069246739e-13,-2.0892790154439e-14
4819,0,0,4819,3.3974493541438e-11,7.2806597072393e-06,7.9932486250899e-13,-2.092990125548e-14
4820,0,0,4820,3.3995460643284e-11,7.2762412600381e-06,7.9973894342425e-13,-2.096710184607e-14
4821,0,0,4821,3.4016465035506e-11,7.271820525591e-06,8.0015293491788e-13,-2.1004392221486e-14
4822,0,0,4822,3.4037506808184e-11,7.2673975043938e-06,8.00566836694e-13,-2.1041772678196e-14
4823,0,0,4823,3.4058586051698e-11,7.2629721969438e-06,8.0098064845501e-13,-2.1079243513868e-14
4824,0,0,4824,3.4079702856725e-11,7.2585446037399e-06,8.0139436990196e-13,-2.111680502738e-14
4825,0,0,4825,3.4100857314244e-11,7.2541147252828e-06,8.0180800073528e-13,-2.1154457518842e-14
4826,0,0,4826,3.4122049515534e-11,7.2496825620747e-06,8.0222154065386e-13,-2.1192201289562e-14
4827,0,0,4827,3.4143279552176e-11,7.2452481146197e-06,8.0263498935505e-13,-2.1230036642088e-14
4828,0,0,4828,3.4164547516056e-11,7.2408113834234e-06,8.0304834653546e-13,-2.126796388022e-14
4829,0,0,4829,3.4185853499365e-11,7.2363723689931e-06,8.034616118903e-13,-2.1305983308951e-14
4830,0,0,4830,3.42071975946e-11,7.2319310718378e-06,8.038747851134e-13,-2.1344095234581e-14
4831,0,0,4831,3.4228579894564e-11,7.2274874924682e-06,8.0428786589752e-13,-2.138229996459e-14
4832,0,0,4832,3.4250000492372e-11,7.2230416313967e-06,8.047008539342e-13,-2.142059780778e-14
4833,0,0,4833,3.4271459481446e-11,7.2185934891375e-06,8.0511374891343e-13,-2.1458989074184e-14
4834,0,0,4834,3.4292956955521e-11,7.2141430662064e-06,8.05526550524e-13,-2.1497474075092e-14
4835,0,0,4835,3.4314493008644e-11,7.2096903631211e-06,8.059392584536e-13,-2.1536053123095e-14
4836,0,0,4836,3.4336067735176e-11,7.2052353804007e-06,8.0635187238901e-13,-2.1574726532049e-14
4837,0,0,4837,3.4357681229793e-11,7.2007781185663e-06,8.0676439201457e-13,-2.1613494617104e-14
4838,0,0,4838,3.4379333587488e-11,7.1963185781409e-06,8.071768170146e-13,-2.1652357694695e-14
4839,0,0,4839,3.4401024903571e-11,7.1918567596487e-06,8.0758914707129e-13,-2.1691316082557e-14
4840,0,0,4840,3.442275527367e-11,7.1873926636163e-06,8.0800138186574e-13,-2.1730370099742e-14
4841,0,0,4841,3.4444524793737e-11,7.1829262905717e-06,8.0841352107814e-13,-2.1769520066582e-14
4842,0,0,4842,3.4466333560042e-11,7.1784576410447e-06,8.0882556438669e-13,-2.1808766304773e-14
4843,0,0,4843,3.4488181669179e-11,7.173986715567e-06,8.0923751146867e-13,-2.1848109137283e-14
4844,0,0,4844,3.4510069218068e-11,7.169513514672e-06,8.0964936199996e-13,-2.1887548888446e-14
4845,0,0,4845,3.4531996303951e-11,7.1650380388949e-06,8.1006111565525e-13,-2.1927085883906e-14
4846,0,0,4846,3.4553963024402e-11,7.1605602887727e-06,8.1047277210767e-13,-2.1966720450675e-14
4847,0,0,4847,3.4575969477319e-11,7.1560802648444e-06,8.1088433102882e-13,-2.2006452917088e-14
4848,0,0,4848,3.4598015760932e-11,7.1515979676505e-06,8.1129579208969e-13,-2.2046283612847e-14
4849,0,0,4849,3.4620101973801e-11,7.1471133977336e-06,8.1170715495897e-13,-2.2086212869004e-14
4850,0,0,4850,3.4642228214819e-11,7.142626555638e-06,8.1211841930459e-13,-2.2126241018003e-14
4851,0,0,4851,3.4664394583213e-11,7.1381374419099e-06,8.125295847931e-13,-2.216636839363e-14
4852,0,0,4852,3.4686601178544e-11,7.1336460570972e-06,8.1294065108934e-13,-2.2206595331061e-14
4853,0,0,4853,3.4708848100711e-11,7.1291524017499e-06,8.1335161785695e-13,-2.2246922166869e-14
4854,0,0,4854,3.473113544995e-11,7.1246564764198e-06,8.1376248475834e-13,-2.2287349239008e-14
4855,0,0,4855,3.4753463326836e-11,7.1201582816604e-06,8.1417325145422e-13,-2.2327876886829e-14
4856,0,0,4856,3.4775831832288e-11,7.1156578180272e-06,8.1458391760393e-13,-2.2368505451098e-14
4857,0,0,4857,3.4798241067562e-11,7.1111550860777e-06,8.1499448286559e-13,-2.2409235273985e-14
4858,0,0,4858,3.4820691134261e-11,7.1066500863711e-06,8.1540494689593e-13,-2.2450066699091e-14
4859,0,0,4859,3.4843182134332e-11,7.1021428194686e-06,8.1581530935014e-13,-2.2491000071422e-14
4860,0,0,4860,3.486571417007e-11,7.0976332859333e-06,8.1622556988173e-13,-2.2532035737432e-14
4861,0,0,4861,3.4888287344115e-11,7.0931214863303e-06,8.1663572814316e-13,-2.2573174045001e-14
4862,0,0,4862,3.4910901759458e-11,7.0886074212265e-06,8.1704578378517e-13,-2.2614415343464e-14
4863,0,0,4863,3.4933557519442e-11,7.0840910911908e-06,8.1745573645759e-13,-2.2655759983611e-14
4864,0,0,4864,3.4956254727759e-11,7.0795724967941e-06,8.1786558580781e-13,-2.2697208317679e-14
4865,0,0,4865,3.4978993488459e-11,7.0750516386091e-06,8.1827533148259e-13,-2.2738760699377e-14
4866,0,0,4866,3.5001773905943e-11,7.0705285172106e-06,8.1868497312716e-13,-2.2780417483877e-14
4867,0,0,4867,3.502459608497e-11,7.0660031331754e-06,8.1909451038477e-13,-2.2822179027861e-14
4868,0,0,4868,3.504746013066e-11,7.061475487082e-06,8.1950394289743e-13,-2.2864045689446e-14
4869,0,0,4869,3.5070366148488e-11,7.0569455795113e-06,8.1991327030593e-13,-2.2906017828283e-14
4870,0,0,4870,3.5093314244294e-11,7.0524134110458e-06,8.2032249224937e-13,-2.2948095805518e-14
4871,0,0,4871,3.5116304524277e-11,7.0478789822703e-06,8.2073160836485e-13,-2.2990279983775e-14
4872,0,0,4872,3.5139337095005e-11,7.0433422937715e-06,8.2114061828904e-13,-2.3032570727225e-14
4873,0,0,4873,3.5162412063406e-11,7.038803346138e-06,8.2154952165595e-13,-2.3074968401547e-14
4874,0,0,4874,3.518552953678e-11,7.0342621399607e-06,8.2195831809888e-13,-2.3117473373951e-14
4875,0,0,4875,3.5208689622793e-11,7.0297186758322e-06,8.2236700724896e-13,-2.316008601316e-14
4876,0,0,4876,3.5231892429483e-11,7.0251729543475e-06,8.2277558873669e-13,-2.3202806689472e-14
4877,0,0,4877,3.5255138065257e-11,7.0206249761033e-06,8.2318406218984e-13,-2.3245635774724e-14
4878,0,0,4878,3.52784266389e-11,7.0160747416987e-06,8.2359242723554e-13,-2.3288573642292e-14
4879,0,0,4879,3.5301758259567e-11,7.0115222517346e-06,8.2400068349895e-13,-2.3331620667134e-14
4880,0,0,4880,3.5325133036793e-11,7.0069675068142e-06,8.2440883060368e-13,-2.3374777225773e-14
4881,0,0,4881,3.5348551080489e-11,7.0024105075425e-06,8.2481686817197e-13,-2.3418043696306e-14
4882,0,0,4882,3.5372012500947e-11,6.9978512545269e-06,8.2522479582422e-13,-2.3461420458424e-14
4883,0,0,4883,3.5395517408841e-11,6.9932897483767e-06,8.2563261317945e-13,-2.3504907893411e-14
4884,0,0,4884,3.5419065915225e-11,6.9887259897035e-06,8.2604031985482e-13,-2.3548506384122e-14
4885,0,0,4885,3.544265813154e-11,6.9841599791208e-06,8.264479154663e-13,-2.3592216315074e-14
4886,0,0,4886,3.5466294169612e-11,6.9795917172444e-06,8.2685539962784e-13,-2.3636038072347e-14
4887,0,0,4887,3.5489974141656e-11,6.9750212046922e-06,8.2726277195172e-13,-2.3679972043669e-14
4888,0,0,4888,3.5513698160274e-11,6.9704484420842e-06,8.2767003204912e-13,-2.3724018618396e-14
4889,0,0,4889,3.5537466338462e-11,6.9658734300426e-06,8.2807717952926e-13,-2.3768178187513e-14
4890,0,0,4890,3.5561278789606e-11,6.9612961691918e-06,8.284842139992e-13,-2.381245114366e-14
4891,0,0,4891,3.5585135627487e-11,6.9567166601583e-06,8.2889113506553e-13,-2.3856837881111e-14
4892,0,0,4892,3.5609036966283e-11,6.9521349035708e-06,8.2929794233209e-13,-2.3901338795828e-14
4893,0,0,4893,3.5632982920568e-11,6.9475509000603e-06,8.2970463540165e-13,-2.3945954285418e-14
4894,0,0,4894,3.5656973605317e-11,6.9429646502599e-06,8.3011121387468e-13,-2.3990684749171e-14
4895,0,0,4895,3.5681009135905e-11,6.9383761548049e-06,8.3051767735118e-13,-2.403553058805e-14
4896,0,0,4896,3.570508962811e-11,6.9337854143329e-06,8.3092402542809e-13,-2.4080492204731e-14
4897,0,0,4897,3.5729215198113e-11,6.9291924294837e-06,8.3133025770144e-13,-2.4125570003575e-14
4898,0,0,4898,3.5753385962504e-11,6.9245972008994e-06,8.317363737654e-13,-2.4170764390625e-14
4899,0,0,4899,3.5777602038278e-11,6.9199997292242e-06,8.3214237321231e-13,-2.42160757737e-14
4900,0,0,4900,3.580186354284e-11,6.9154000151047e-06,8.3254825563283e-13,-2.4261504562261e-14
4901,0,0,4901,3.5826170594008e-11,6.9107980591897e-06,8.3295402061608e-13,-2.4307051167572e-14
4902,0,0,4902,3.585052331001e-11,6.9061938621303e-06,8.3335966774919e-13,-2.435271600259e-14
4903,0,0,4903,3.5874921809492e-11,6.9015874245799e-06,8.337651966176e-13,-2.4398499482023e-14
4904,0,0,4904,3.5899366211515e-11,6.8969787471942e-06,8.3417060680522e-13,-2.4444402022344e-14
4905,0,0,4905,3.5923856635556e-11,6.8923678306313e-06,8.3457589789381e-13,-2.4490424041783e-14
4906,0,0,4906,3.5948393201517e-11,6.8877546755514e-06,8.349810694636e-13,-2.453656596034e-14
4907,0,0,4907,3.5972976029717e-11,6.8831392826172e-06,8.3538612109344e-13,-2.4582828199789e-14
4908,0,0,4908,3.59976052409e-11,6.8785216524936e-06,8.3579105235911e-13,-2.4629211183689e-14
4909,0,0,4909,3.6022280956238e-11,6.8739017858481e-06,8.361958628364e-13,-2.4675715337394e-14
4910,0,0,4910,3.6047003297326e-11,6.8692796833504e-06,8.3660055209771e-13,-2.4722341088064e-14
4911,0,0,4911,3.607177238619e-11,6.8646553456724e-06,8.3700511971438e-13,-2.4769088864663e-14
4912,0,0,4912,3.6096588345288e-11,6.8600287734886e-06,8.3740956525607e-13,-2.4815959097972e-14
4913,0,0,4913,3.6121451297509e-11,6.855399967476e-06,8.3781388829012e-13,-2.4862952220606e-14
4914,0,0,4914,3.6146361366176e-11,6.8507689283137e-06,8.382180883825e-13,-2.491006866701e-14
4915,0,0,4915,3.6171318675049e-11,6.8461356566833e-06,8.3862216509689e-13,-2.4957308873463e-14
4916,0,0,4916,3.6196323348327e-11,6.8415001532689e-06,8.3902611799558e-13,-2.5004673278112e-14
4917,0,0,4917,3.6221375510648e-11,6.8368624187571e-06,8.3942994663855e-13,-2.5052162320953e-14
4918,0,0,4918,3.6246475287092e-11,6.8322224538368e-06,8.3983365058428e-13,-2.5099776443842e-14
4919,0,0,4919,3.6271622803183e-11,6.8275802591993e-06,8.4023722938922e-13,-2.5147516090543e-14
4920,0,0,4920,3.6296818184889e-11,6.8229358355384e-06,8.4064068260799e-13,-2.5195381706659e-14
4921,0,0,4921,3.6322061558629e-11,6.8182891835506e-06,8.4104400979309e-13,-2.5243373739716e-14
4922,0,0,4922,3.6347353051268e-11,6.8136403039346e-06,8.4144721049545e-13,-2.5291492639144e-14
4923,0,0,4923,3.6372692790125e-11,6.8089891973918e-06,8.4185028426388e-13,-2.533973885626e-14
4924,0,0,4924,3.6398080902969e-11,6.8043358646258e-06,8.4225323064518e-13,-2.5388112844321e-14
4925,0,0,4925,3.6423517518027e-11,6.799680306343e-06,8.4265604918493e-13,-2.5436615058501e-14
4926,0,0,4926,3.6449002763983e-11,6.7950225232522e-06,8.4305873942549e-13,-2.5485245955922e-14
4927,0,0,4927,3.6474536769979e-11,6.7903625160649e-06,8.4346130090846e-13,-2.5534005995618e-14
4928,0,0,4928,3.6500119665618e-11,6.7857002854949e-06,8.4386373317298e-13,-2.5582895638611e-14
4929,0,0,4929,3.6525751580965e-11,6.7810358322586e-06,8.4426603575604e-13,-2.5631915347885e-14
4930,0,0,4930,3.6551432646554e-11,6.7763691570753e-06,8.4466820819326e-13,-2.5681065588353e-14
4931,0,0,4931,3.6577162993381e-11,6.7717002606663e-06,8.4507025001765e-13,-2.5730346826959e-14
4932,0,0,4932,3.6602942752913e-11,6.767029143756e-06,8.4547216076053e-13,-2.5779759532598e-14
4933,0,0,4933,3.662877205709e-11,6.7623558070712e-06,8.4587393995138e-13,-2.5829304176175e-14
4934,0,0,4934,3.665465103832e-11,6.7576802513413e-06,8.4627558711723e-13,-2.5878981230617e-14
4935,0,0,4935,3.6680579829491e-11,6.7530024772983e-06,8.4667710178343e-13,-2.5928791170817e-14
4936,0,0,4936,3.6706558563965e-11,6.7483224856769e-06,8.4707848347347e-13,-2.5978734473748e-14
4937,0,0,4937,3.6732587375583e-11,6.7436402772144e-06,8.4747973170826e-13,-2.6028811618386e-14
4938,0,0,4938,3.6758666398669e-11,6.7389558526508e-06,8.4788084600716e-13,-2.6079023085736e-14
4939,0,0,4939,3.6784795768028e-11,6.7342692127288e-06,8.4828182588723e-13,-2.6129369358885e-14
4940,0,0,4940,3.6810975618951e-11,6.7295803581936e-06,8.486826708637e-13,-2.6179850922955e-14
4941,0,0,4941,3.6837206087216e-11,6.7248892897934e-06,8.4908338044902e-13,-2.6230468265136e-14
4942,0,0,4942,3.6863487309091e-11,6.7201960082787e-06,8.4948395415491e-13,-2.6281221874718e-14
4943,0,0,4943,3.6889819421334e-11,6.7155005144031e-06,8.4988439148984e-13,-2.6332112243046e-14
4944,0,0,4944,3.6916202561197e-11,6.7108028089226e-06,8.502846919603e-13,-2.6383139863574e-14
4945,0,0,4945,3.6942636866429e-11,6.7061028925963e-06,8.5068485507123e-13,-2.6434305231871e-14
4946,0,0,4946,3.6969122475275e-11,6.7014007661856e-06,8.5108488032513e-13,-2.6485608845604e-14
4947,0,0,4947,3.6995659526479e-11,6.6966964304551e-06,8.5148476722252e-13,-2.6537051204557e-14
4948,0,0,4948,3.702224815929e-11,6.6919898861719e-06,8.5188451526145e-13,-2.6588632810675e-14
4949,0,0,4949,3.7048888513458e-11,6.687281134106e-06,8.5228412393797e-13,-2.6640354168001e-14
4950,0,0,4950,3.7075580729241e-11,6.68257017503e-06,8.5268359274646e-13,-2.669221578277e-14
4951,0,0,4951,3.7102324947404e-11,6.6778570097196e-06,8.5308292117838e-13,-2.6744218163342e-14
4952,0,0,4952,3.7129121309224e-11,6.6731416389532e-06,8.5348210872351e-13,-2.6796361820275e-14
4953,0,0,4953,3.7155969956491e-11,6.6684240635119e-06,8.5388115486947e-13,-2.6848647266272e-14
4954,0,0,4954,3.7182871031507e-11,6.6637042841799e-06,8.5428005910144e-13,-2.690107501626e-14
4955,0,0,4955,3.7209824677094e-11,6.658982301744e-06,8.546788209023e-13,-2.6953645587324e-14
4956,0,0,4956,3.7236831036593e-11,6.6542581169939e-06,8.5507743975322e-13,-2.7006359498791e-14
4957,0,0,4957,3.7263890253865e-11,6.6495317307225e-06,8.5547591513281e-13,-2.7059217272172e-14
4958,0,0,4958,3.7291002473296e-11,6.6448031437252e-06,8.5587424651763e-13,-2.7112219431221e-14
4959,0,0,4959,3.7318167839798e-11,6.6400723568004e-06,8.5627243338154e-13,-2.7165366501916e-14
4960,0,0,4960,3.7345386498811e-11,6.6353393707496e-06,8.5667047519697e-13,-2.7218659012489e-14
4961,0,0,4961,3.7372658596304e-11,6.630604186377e-06,8.570683714333e-13,-2.7272097493421e-14
4962,0,0,4962,3.7399984278782e-11,6.62586680449e-06,8.5746612155825e-13,-2.7325682477448e-14
4963,0,0,4963,3.7427363693281e-11,6.6211272258986e-06,8.5786372503658e-13,-2.737941449957e-14
4964,0,0,4964,3.7454796987378e-11,6.6163854514161e-06,8.5826118133171e-13,-2.7433294097104e-14
4965,0,0,4965,3.7482284309188e-11,6.6116414818586e-06,8.5865848990398e-13,-2.7487321809618e-14
4966,0,0,4966,3.7509825807367e-11,6.6068953180453e-06,8.5905565021172e-13,-2.7541498178986e-14
4967,0,0,4967,3.7537421631116e-11,6.6021469607983e-06,8.5945266171114e-13,-2.7595823749435e-14
4968,0,0,4968,3.7565071930184e-11,6.5973964109427e-06,8.5984952385553e-13,-2.7650299067441e-14
4969,0,0,4969,3.7592776854866e-11,6.5926436693068e-06,8.6024623609663e-13,-2.7704924681863e-14
4970,0,0,4970,3.7620536556009e-11,6.5878887367218e-06,8.6064279788313e-13,-2.7759701143889e-14
4971,0,0,4971,3.7648351185016e-11,6.583131614022e-06,8.6103920866219e-13,-2.7814629007024e-14
4972,0,0,4972,3.7676220893844e-11,6.5783723020448e-06,8.6143546787744e-13,-2.7869708827181e-14
4973,0,0,4973,3.7704145835006e-11,6.5736108016306e-06,8.6183157497143e-13,-2.7924941162594e-14
4974,0,0,4974,3.773212616158e-11,6.568847113623e-06,8.6222752938348e-13,-2.7980326573894e-14
4975,0,0,4975,3.7760162027204e-11,6.5640812388685e-06,8.626233305508e-13,-2.8035865624111e-14
4976,0,0,4976,3.7788253586083e-11,6.5593131782171e-06,8.6301897790812e-13,-2.809155887865e-14
4977,0,0,4977,3.7816400992988e-11,6.5545429325216e-06,8.6341447088786e-13,-2.8147406905325e-14
4978,0,0,4978,3.7844604403263e-11,6.5497705026381e-06,8.6380980892017e-13,-2.8203410274387e-14
4979,0,0,4979,3.7872863972821e-11,6.5449958894257e-06,8.6420499143212e-13,-2.8259569558483e-14
4980,0,0,4980,3.7901179858154e-11,6.540219093747e-06,8.6460001784924e-13,-2.8315885332711e-14
4981,0,0,4981,3.7929552216328e-11,6.5354401164675e-06,8.6499488759401e-13,-2.8372358174623e-14
4982,0,0,4982,3.7957981204993e-11,6.530658958456e-06,8.6538960008689e-13,-2.8428988664204e-14
4983,0,0,4983,3.7986466982377e-11,6.5258756205844e-06,8.6578415474516e-13,-2.8485777383923e-14
4984,0,0,4984,3.8015009707295e-11,6.5210901037282e-06,8.6617855098437e-13,-2.8542724918707e-14
4985,0,0,4985,3.8043609539151e-11,6.5163024087656e-06,8.6657278821734e-13,-2.859983185599e-14
4986,0,0,4986,3.8072266637937e-11,6.5115125365786e-06,8.6696686585427e-13,-2.8657098785669e-14
4987,0,0,4987,3.8100981164237e-11,6.5067204880521e-06,8.6736078330292e-13,-2.8714526300172e-14
4988,0,0,4988,3.8129753279232e-11,6.5019262640743e-06,8.6775453996843e-13,-2.877211499443e-14
4989,0,0,4989,3.8158583144697e-11,6.497129865537e-06,8.6814813525396e-13,-2.8829865465893e-14
4990,0,0,4990,3.8187470923012e-11,6.492331293335e-06,8.6854156855944e-13,-2.8887778314552e-14
4991,0,0,4991,3.8216416777155e-11,6.4875305483666e-06,8.6893483928235e-13,-2.894585414293e-14
4992,0,0,4992,3.8245420870711e-11,6.4827276315334e-06,8.6932794681817e-13,-2.9004093556136e-14
4993,0,0,4993,3.8274483367873e-11,6.4779225437402e-06,8.6972089055932e-13,-2.9062497161786e-14
4994,0,0,4994,3.8303604433443e-11,6.4731152858955e-06,8.7011366989578e-13,-2.9121065570118e-14
4995,0,0,4995,3.8332784232837e-11,6.4683058589109e-06,8.7050628421475e-13,-2.9179799393926e-14
4996,0,0,4996,3.8362022932086e-11,6.4634942637015e-06,8.7089873290145e-13,-2.9238699248618e-14
4997,0,0,4997,3.8391320697838e-11,6.4586805011858e-06,8.7129101533756e-13,-2.9297765752164e-14
4998,0,0,4998,3.8420677697363e-11,6.4538645722858e-06,8.7168313090325e-13,-2.9356999525201e-14
4999,0,0,4999,3.8450094098554e-11,6.4490464779268e-06,8.7207507897513e-13,-2.9416401190944e-14
5000,0,0,5000,3.8479570069929e-11,6.4442262190377e-06,8.7246685892739e-13,-2.947597137526e-14
5001,0,0,5001,3.8509105780636e-11,6.4394037965508e-06,8.7285847013222e-13,-2.9535710706657e-14
5002,0,0,5002,3.8538701400452e-11,6.4345792114019e-06,8.7324991195826e-13,-2.9595619816266e-14
5003,0,0,5003,3.856835709979e-11,6.4297524645302e-06,8.7364118377203e-13,-2.9655699337943e-14
5004,0,0,5004,3.8598073049698e-11,6.4249235568786e-06,8.7403228493728e-13,-2.9715949908142e-14
5005,0,0,5005,3.8627849421864e-11,6.4200924893934e-06,8.7442321481484e-13,-2.977637216605e-14
5006,0,0,5006,3.8657686388618e-11,6.4152592630246e-06,8.7481397276342e-13,-2.9836966753519e-14
5007,0,0,5007,3.8687584122933e-11,6.4104238787255e-06,8.7520455813817e-13,-2.9897734315104e-14
5008,0,0,5008,3.8717542798431e-11,6.4055863374531e-06,8.7559497029258e-13,-2.9958675498081e-14
5009,0,0,5009,3.8747562589383e-11,6.4007466401682e-06,8.7598520857644e-13,-3.0019790952444e-14
5010,0,0,5010,3.8777643670714e-11,6.3959047878348e-06,8.7637527233741e-13,-3.0081081330899e-14
5011,0,0,5011,3.8807786218003e-11,6.3910607814209e-06,8.7676516092008e-13,-3.0142547288927e-14
5012,0,0,5012,3.8837990407488e-11,6.3862146218979e-06,8.7715487366673e-13,-3.0204189484712e-14
5013,0,0,5013,3.8868256416067e-11,6.3813663102409e-06,8.7754440991612e-13,-3.0266008579243e-14
5014,0,0,5014,3.8898584421303e-11,6.3765158474287e-06,8.7793376900533e-13,-3.0328005236235e-14
5015,0,0,5015,3.8928974601426e-11,6.3716632344438e-06,8.783229502676e-13,-3.0390180122227e-14
5016,0,0,5016,3.8959427135332e-11,6.3668084722723e-06,8.7871195303387e-13,-3.0452533906506e-14
5017,0,0,5017,3.8989942202593e-11,6.3619515619042e-06,8.7910077663233e-13,-3.0515067261176e-14
5018,0,0,5018,3.9020519983454e-11,6.357092504333e-06,8.7948942038824e-13,-3.057778086115e-14
5019,0,0,5019,3.9051160658839e-11,6.3522313005561e-06,8.7987788362412e-13,-3.0640675384155e-14
5020,0,0,5020,3.9081864410349e-11,6.3473679515745e-06,8.8026616565971e-13,-3.0703751510742e-14
5021,0,0,5021,3.9112631420274e-11,6.3425024583933e-06,8.8065426581155e-13,-3.0767009924302e-14
5022,0,0,5022,3.9143461871585e-11,6.3376348220209e-06,8.8104218339356e-13,-3.083045131106e-14
5023,0,0,5023,3.9174355947945e-11,6.33276504347e-06,8.8142991771751e-13,-3.0894076360129e-14
5024,0,0,5024,3.9205313833708e-11,6.3278931237568e-06,8.8181746809075e-13,-3.0957885763439e-14
5025,0,0,5025,3.9236335713924e-11,6.3230190639014e-06,8.8220483381922e-13,-3.1021880215847e-14
5026,0,0,5026,3.9267421774339e-11,6.3181428649279e-06,8.825920142052e-13,-3.1086060415048e-14
5027,0,0,5027,3.9298572201401e-11,6.3132645278641e-06,8.829790085485e-13,-3.1150427061657e-14
5028,0,0,5028,3.932978718226e-11,6.3083840537418e-06,8.8336581614542e-13,-3.1214980859185e-14
5029,0,0,5029,3.9361066904774e-11,6.3035014435965e-06,8.837524362901e-13,-3.1279722514064e-14
5030,0,0,5030,3.939241155751e-11,6.2986166984679e-06,8.8413886827317e-13,-3.1344652735626e-14
5031,0,0,5031,3.9423821329746e-11,6.2937298193995e-06,8.8452511138265e-13,-3.1409772236153e-14
5032,0,0,5032,3.9455296411477e-11,6.2888408074387e-06,8.8491116490362e-13,-3.1475081730864e-14
5033,0,0,5033,3.9486836993415e-11,6.283949663637e-06,8.8529702811798e-13,-3.154058193792e-14
5034,0,0,5034,3.9518443266993e-11,6.2790563890497e-06,8.856827003047e-13,-3.1606273578454e-14
5035,0,0,5035,3.955011542437e-11,6.2741609847362e-06,8.8606818074013e-13,-3.1672157376541e-14
5036,0,0,5036,3.9581853658429e-11,6.2692634517599e-06,8.8645346869727e-13,-3.1738234059272e-14
5037,0,0,5037,3.9613658162786e-11,6.2643637911884e-06,8.8683856344619e-13,-3.1804504356686e-14
5038,0,0,5038,3.9645529131787e-11,6.2594620040931e-06,8.8722346425422e-13,-3.1870969001839e-14
5039,0,0,5039,3.9677466760518e-11,6.2545580915495e-06,8.8760817038544e-13,-3.1937628730787e-14
5040,0,0,5040,3.9709471244801e-11,6.2496520546374e-06,8.879926811009e-13,-3.2004484282595e-14
5041,0,0,5041,3.97415427812e-11,6.2447438944404e-06,8.8837699565885e-13,-3.2071536399349e-14
5042,0,0,5042,3.9773681567026e-11,6.2398336120464e-06,8.8876111331421e-13,-3.2138785826188e-14
5043,0,0,5043,3.9805887800338e-11,6.2349212085474e-06,8.8914503331911e-13,-3.2206233311241e-14
5044,0,0,5044,3.9838161679943e-11,6.2300066850395e-06,8.8952875492262e-13,-3.2273879605729e-14
5045,0,0,5045,3.9870503405407e-11,6.2250900426231e-06,8.8991227737045e-13,-3.2341725463931e-14
5046,0,0,5046,3.990291317705e-11,6.2201712824026e-06,8.9029559990568e-13,-3.2409771643163e-14
5047,0,0,5047,3.9935391195954e-11,6.2152504054868e-06,8.9067872176805e-13,-3.2478018903818e-14
5048,0,0,5048,3.9967937663964e-11,6.2103274129885e-06,8.9106164219419e-13,-3.2546468009409e-14
5049,0,0,5049,4.000055278369e-11,6.2054023060248e-06,8.9144436041787e-13,-3.2615119726486e-14
5050,0,0,5050,4.0033236758515e-11,6.2004750857173e-06,8.9182687566943e-13,-3.2683974824755e-14
5051,0,0,5051,4.0065989792592e-11,6.1955457531914e-06,8.922091871765e-13,-3.275303407697e-14
5052,0,0,5052,4.0098812090851e-11,6.1906143095773e-06,8.9259129416332e-13,-3.2822298259059e-14
5053,0,0,5053,4.0131703859001e-11,6.185680756009e-06,8.9297319585073e-13,-3.2891768150038e-14
5054,0,0,5054,4.0164665303533e-11,6.1807450936253e-06,8.9335489145731e-13,-3.2961444532046e-14
5055,0,0,5055,4.0197696631723e-11,6.1758073235689e-06,8.9373638019764e-13,-3.3031328190406e-14
5056,0,0,5056,4.0230798051637e-11,6.1708674469873e-06,8.9411766128369e-13,-3.3101419913552e-14
5057,0,0,5057,4.026396977213e-11,6.1659254650319e-06,8.9449873392358e-13,-3.3171720493087e-14
5058,0,0,5058,4.0297212002854e-11,6.1609813788588e-06,8.9487959732333e-13,-3.3242230723772e-14
5059,0,0,5059,4.0330524954257e-11,6.1560351896285e-06,8.9526025068478e-13,-3.3312951403551e-14
5060,0,0,5060,4.0363908837591e-11,6.1510868985058e-06,8.9564069320732e-13,-3.3383883333536e-14
5061,0,0,5061,4.0397363864909e-11,6.14613650666e-06,8.9602092408654e-13,-3.345502731803e-14
5062,0,0,5062,4.0430890249073e-11,6.1411840152649e-06,8.9640094251553e-13,-3.3526384164531e-14
5063,0,0,5063,4.0464488203757e-11,6.1362294254987e-06,8.9678074768359e-13,-3.3597954683739e-14
5064,0,0,5064,4.0498157943447e-11,6.1312727385442e-06,8.9716033877661e-13,-3.3669739689561e-14
5065,0,0,5065,4.0531899683446e-11,6.1263139555885e-06,8.9753971497852e-13,-3.3741739999123e-14
5066,0,0,5066,4.0565713639879e-11,6.1213530778235e-06,8.9791887546832e-13,-3.3813956432762e-14
5067,0,0,5067,4.0599600029693e-11,6.1163901064454e-06,8.9829781942334e-13,-3.3886389814059e-14
5068,0,0,5068,4.0633559070662e-11,6.1114250426553e-06,8.986765460163e-13,-3.3959040969839e-14
5069,0,0,5069,4.0667590981393e-11,6.1064578876585e-06,8.9905505441809e-13,-3.4031910730151e-14
5070,0,0,5070,4.0701695981321e-11,6.1014886426652e-06,8.9943334379482e-13,-3.4104999928297e-14
5071,0,0,5071,4.0735874290722e-11,6.09651730889e-06,8.9981141331065e-13,-3.4178309400847e-14
5072,0,0,5072,4.0770126130709e-11,6.0915438875522e-06,9.0018926212588e-13,-3.4251839987627e-14
5073,0,0,5073,4.0804451723241e-11,6.086568379876e-06,9.0056688939758e-13,-3.4325592531743e-14
5074,0,0,5074,4.0838851291121e-11,6.0815907870899e-06,9.0094429427918e-13,-3.4399567879568e-14
5075,0,0,5075,4.0873325058001e-11,6.0766111104274e-06,9.0132147592192e-13,-3.4473766880745e-14
5076,0,0,5076,4.090787324839e-11,6.0716293511264e-06,9.0169843347262e-13,-3.4548190388233e-14
5077,0,0,5077,4.0942496087648e-11,6.0666455104299e-06,9.0207516607534e-13,-3.4622839258262e-14
5078,0,0,5078,4.0977193801998e-11,6.0616595895853e-06,9.024516728706e-13,-3.4697714350375e-14
5079,0,0,5079,4.1011966618526e-11,6.056671589845e-06,9.0282795299602e-13,-3.4772816527406e-14
5080,0,0,5080,4.1046814765181e-11,6.0516815124661e-06,9.0320400558552e-13,-3.4848146655522e-14
5081,0,0,5081,4.1081738470785e-11,6.0466893587104e-06,9.0357982976984e-13,-3.4923705604188e-14
5082,0,0,5082,4.1116737965032e-11,6.0416951298448e-06,9.039554246763e-13,-3.4999494246183e-14
5083,0,0,5083,4.1151813478489e-11,6.0366988271408e-06,9.0433078942904e-13,-3.5075513457652e-14
5084,0,0,5084,4.1186965242607e-11,6.0317004518748e-06,9.0470592314895e-13,-3.515176411801e-14
5085,0,0,5085,4.1222193489717e-11,6.0267000053281e-06,9.0508082495311e-13,-3.5228247110067e-14
5086,0,0,5086,4.1257498453037e-11,6.0216974887869e-06,9.0545549395598e-13,-3.5304963319947e-14
5087,0,0,5087,4.1292880366674e-11,6.0166929035423e-06,9.0582992926819e-13,-3.53819136371e-14
5088,0,0,5088,4.1328339465629e-11,6.0116862508904e-06,9.0620412999685e-13,-3.5459098954372e-14
5089,0,0,5089,4.1363875985797e-11,6.0066775321321e-06,9.0657809524631e-13,-3.5536520167923e-14
5090,0,0,5090,4.1399490163974e-11,6.0016667485735e-06,9.0695182411691e-13,-3.5614178177284e-14
5091,0,0,5091,4.1435182237859e-11,5.9966539015254e-06,9.0732531570643e-13,-3.5692073885344e-14
5092,0,0,5092,4.1470952446058e-11,5.9916389923038e-06,9.0769856910846e-13,-3.5770208198376e-14
5093,0,0,5093,4.1506801028084e-11,5.9866220222297e-06,9.0807158341356e-13,-3.5848582025987e-14
5094,0,0,5094,4.1542728224365e-11,5.9816029926291e-06,9.0844435770906e-13,-3.5927196281192e-14
5095,0,0,5095,4.1578734276245e-11,5.976581904833e-06,9.088168910789e-13,-3.6006051880344e-14
5096,0,0,5096,4.1614819425988e-11,5.9715587601778e-06,9.0918918260307e-13,-3.6085149743216e-14
5097,0,0,5097,4.1650983916781e-11,5.9665335600045e-06,9.0956123135923e-13,-3.6164490792924e-14
5098,0,0,5098,4.1687227992737e-11,5.9615063056596e-06,9.0993303642075e-13,-3.6244075955986e-14
5099,0,0,5099,4.17235518989e-11,5.9564769984947e-06,9.1030459685779e-13,-3.6323906162303e-14
5100,0,0,5100,4.1759955881245e-11,5.9514456398663e-06,9.106759117376e-13,-3.6403982345167e-14
5101,0,0,5101,4.1796440186686e-11,5.9464122311363e-06,9.1104698012358e-13,-3.6484305441243e-14
5102,0,0,5102,4.1833005063077e-11,5.9413767736718e-06,9.1141780107578e-13,-3.6564876390609e-14
5103,0,0,5103,4.1869650759213e-11,5.936339268845e-06,9.1178837365071e-13,-3.6645696136724e-14
5104,0,0,5104,4.190637752484e-11,5.9312997180334e-06,9.1215869690242e-13,-3.6726765626456e-14
5105,0,0,5105,4.194318561065e-11,5.9262581226197e-06,9.1252876988023e-13,-3.6808085810036e-14
5106,0,0,5106,4.1980075268291e-11,5.9212144839919e-06,9.1289859163067e-13,-3.6889657641139e-14
5107,0,0,5107,4.2017046750368e-11,5.9161688035433e-06,9.1326816119755e-13,-3.697148207678e-14
5108,0,0,5108,4.2054100310445e-11,5.9111210826725e-06,9.1363747761973e-13,-3.7053560077426e-14
5109,0,0,5109,4.2091236203052e-11,5.9060713227833e-06,9.1400653993425e-13,-3.7135892606917e-14
5110,0,0,5110,4.2128454683685e-11,5.9010195252851e-06,9.1437534717388e-13,-3.7218480632478e-14
5111,0,0,5111,4.2165756008809e-11,5.8959656915925e-06,9.1474389836813e-13,-3.7301325124755e-14
5112,0,0,5112,4.2203140435867e-11,5.8909098231254e-06,9.1511219254301e-13,-3.7384427057785e-14
5113,0,0,5113,4.2240608223276e-11,5.8858519213093e-06,9.1548022872176e-13,-3.7467787408999e-14
5114,0,0,5114,4.2278159630435e-11,5.8807919875749e-06,9.1584800592303e-13,-3.7551407159212e-14
5115,0,0,5115,4.2315794917728e-11,5.8757300233585e-06,9.1621552316361e-13,-3.763528729266e-14
5116,0,0,5116,4.2353514346525e-11,5.8706660301019e-06,9.1658277945542e-13,-3.7719428796951e-14
5117,0,0,5117,4.2391318179188e-11,5.8656000092521e-06,9.1694977380819e-13,-3.7803832663074e-14
5118,0,0,5118,4.2429206679074e-11,5.8605319622619e-06,9.1731650522724e-13,-3.7888499885455e-14
5119,0,0,5119,4.2467180110535e-11,5.8554618905894e-06,9.1768297271542e-13,-3.7973431461841e-14
5120,0,0,5120,4.2505238738929e-11,5.8503897956984e-06,9.1804917527143e-13,-3.8058628393412e-14
5121,0,0,5121,4.2543382830613e-11,5.8453156790581e-06,9.1841511189109e-13,-3.814409168472e-14
5122,0,0,5122,4.2581612652957e-11,5.8402395421434e-06,9.187807815665e-13,-3.8229822343667e-14
5123,0,0,5123,4.2619928474339e-11,5.8351613864346e-06,9.1914618328704e-13,-3.8315821381576e-14
5124,0,0,5124,4.2658330564152e-11,5.8300812134179e-06,9.1951131603762e-13,-3.8402089813102e-14
5125,0,0,5125,4.2696819192808e-11,5.8249990245847e-06,9.1987617880084e-13,-3.8488628656277e-14
5126,0,0,5126,4.2735394631741e-11,5.8199148214325e-06,9.202407705552e-13,-3.8575438932515e-14
5127,0,0,5127,4.2774057153407e-11,5.8148286054641e-06,9.2060509027639e-13,-3.8662521666543e-14
5128,0,0,5128,4.2812807031294e-11,5.8097403781882e-06,9.2096913693662e-13,-3.8749877886508e-14
5129,0,0,5129,4.2851644539917e-11,5.8046501411191e-06,9.2133290950409e-13,-3.8837508623828e-14
5130,0,0,5130,4.2890569954831e-11,5.7995578957769e-06,9.216964069447e-13,-3.892541491333e-14
5131,0,0,5131,4.2929583552624e-11,5.7944636436873e-06,9.2205962822022e-13,-3.9013597793127e-14
5132,0,0,5132,4.2968685610929e-11,5.7893673863818e-06,9.224225722898e-13,-3.9102058304697e-14
5133,0,0,5133,4.3007876408421e-11,5.7842691253978e-06,9.2278523810831e-13,-3.9190797492814e-14
5134,0,0,5134,4.3047156224827e-11,5.7791688622783e-06,9.2314762462816e-13,-3.9279816405575e-14
5135,0,0,5135,4.3086525340921e-11,5.7740665985722e-06,9.2350973079824e-13,-3.936911609441e-14
5136,0,0,5136,4.3125984038535e-11,5.7689623358343e-06,9.2387155556376e-13,-3.9458697614006e-14
5137,0,0,5137,4.3165532600558e-11,5.7638560756251e-06,9.24233097867e-13,-3.9548562022379e-14
5138,0,0,5138,4.3205171310939e-11,5.758747819511e-06,9.245943566472e-13,-3.9638710380802e-14
5139,0,0,5139,4.3244900454692e-11,5.7536375690644e-06,9.2495533083945e-13,-3.972914375385e-14
5140,0,0,5140,4.3284720317902e-11,5.7485253258634e-06,9.2531601937638e-13,-3.9819863209336e-14
5141,0,0,5141,4.332463118772e-11,5.7434110914922e-06,9.256764211874e-13,-3.9910869818355e-14
5142,0,0,5142,4.3364633352375e-11,5.7382948675408e-06,9.2603653519779e-13,-4.0002164655227e-14
5143,0,0,5143,4.3404727101173e-11,5.7331766556053e-06,9.2639636033084e-13,-4.0093748797517e-14
5144,0,0,5144,4.3444912724499e-11,5.7280564572876e-06,9.2675589550539e-13,-4.0185623326013e-14
5145,0,0,5145,4.3485190513824e-11,5.7229342741957e-06,9.271151396378e-13,-4.0277789324717e-14
5146,0,0,5146,4.3525560761704e-11,5.7178101079435e-06,9.2747409164141e-13,-4.0370247880827e-14
5147,0,0,5147,4.3566023761789e-11,5.7126839601511e-06,9.278327504257e-13,-4.046300008475e-14
5148,0,0,5148,4.3606579808819e-11,5.7075558324445e-06,9.2819111489709e-13,-4.0556047030037e-14
5149,0,0,5149,4.3647229198633e-11,5.7024257264558e-06,9.2854918395969e-13,-4.0649389813433e-14
5150,0,0,5150,4.3687972228168e-11,5.6972936438231e-06,9.2890695651318e-13,-4.0743029534816e-14
5151,0,0,5151,4.3728809195465e-11,5.6921595861907e-06,9.2926443145525e-13,-4.08369672972e-14
5152,0,0,5152,4.3769740399671e-11,5.6870235552091e-06,9.2962160767942e-13,-4.0931204206732e-14
5153,0,0,5153,4.3810766141044e-11,5.6818855525346e-06,9.2997848407709e-13,-4.1025741372661e-14
5154,0,0,5154,4.3851886720951e-11,5.67674557983e-06,9.3033505953613e-13,-4.1120579907325e-14
5155,0,0,5155,4.3893102441878e-11,5.671603638764e-06,9.3069133294073e-13,-4.1215720926133e-14
5156,0,0,5156,4.3934413607425e-11,5.6664597310117e-06,9.3104730317355e-13,-4.1311165547567e-14
5157,0,0,5157,4.3975820522318e-11,5.6613138582542e-06,9.3140296911248e-13,-4.1406914893143e-14
5158,0,0,5158,4.4017323492406e-11,5.6561660221789e-06,9.3175832963344e-13,-4.1502970087387e-14
5159,0,0,5159,4.4058922824664e-11,5.6510162244794e-06,9.3211338360927e-13,-4.1599332257863e-14
5160,0,0,5160,4.4100618827199e-11,5.6458644668555e-06,9.3246812990944e-13,-4.1696002535106e-14
5161,0,0,5161,4.4142411809251e-11,5.6407107510135e-06,9.3282256740065e-13,-4.1792982052625e-14
5162,0,0,5162,4.4184302081198e-11,5.6355550786658e-06,9.3317669494672e-13,-4.1890271946864e-14
5163,0,0,5163,4.4226289954555e-11,5.6303974515309e-06,9.3353051140821e-13,-4.1987873357231e-14
5164,0,0,5164,4.4268375741981e-11,5.625237871334e-06,9.3388401564356e-13,-4.2085787425991e-14
5165,0,0,5165,4.431055975728e-11,5.6200763398063e-06,9.3423720650721e-13,-4.2184015298371e-14
5166,0,0,5166,4.4352842315402e-11,5.6149128586856e-06,9.3459008285161e-13,-4.2282558122385e-14
5167,0,0,5167,4.4395223732451e-11,5.6097474297159e-06,9.34942643526e-13,-4.2381417048947e-14
5168,0,0,5168,4.4437704325683e-11,5.6045800546475e-06,9.3529488737701e-13,-4.248059323178e-14
5169,0,0,5169,4.448028441351e-11,5.5994107352373e-06,9.3564681324789e-13,-4.2580087827385e-14
5170,0,0,5170,4.4522964315505e-11,5.5942394732484e-06,9.3599841998005e-13,-4.2679901995063e-14
5171,0,0,5171,4.4565744352402e-11,5.5890662704506e-06,9.3634970641153e-13,-4.278003689684e-14
5172,0,0,5172,4.46086248461e-11,5.5838911286198e-06,9.3670067137731e-13,-4.2880493697497e-14
5173,0,0,5173,4.4651606119664e-11,5.5787140495385e-06,9.3705131371098e-13,-4.2981273564477e-14
5174,0,0,5174,4.4694688497332e-11,5.5735350349957e-06,9.374016322417e-13,-4.3082377667916e-14
5175,0,0,5175,4.4737872304513e-11,5.5683540867869e-06,9.3775162579768e-13,-4.3183807180597e-14
5176,0,0,5176,4.478115786779e-11,5.5631712067139e-06,9.3810129320303e-13,-4.3285563277896e-14
5177,0,0,5177,4.4824545514928e-11,5.5579863965853e-06,9.384506332806e-13,-4.3387647137809e-14
5178,0,0,5178,4.4868035574869e-11,5.552799658216e-06,9.3879964484958e-13,-4.349005994086e-14
5179,0,0,5179,4.4911628377739e-11,5.5476109934274e-06,9.3914832672746e-13,-4.359280287011e-14
5180,0,0,5180,4.495532425485e-11,5.5424204040477e-06,9.3949667772852e-13,-4.3695877111135e-14
5181,0,0,5181,4.4999123538702e-11,5.5372278919114e-06,9.398446966652e-13,-4.3799283851954e-14
5182,0,0,5182,4.5043026562985e-11,5.5320334588598e-06,9.4019238234734e-13,-4.3903024283029e-14
5183,0,0,5183,4.5087033662583e-11,5.5268371067406e-06,9.4053973358184e-13,-4.4007099597218e-14
5184,0,0,5184,4.5131145173572e-11,5.5216388374081e-06,9.4088674917395e-13,-4.4111510989766e-14
5185,0,0,5185,4.5175361433231e-11,5.5164386527234e-06,9.4123342792643e-13,-4.4216259658222e-14
5186,0,0,5186,4.5219682780033e-11,5.5112365545542e-06,9.4157976863947e-13,-4.4321346802452e-14
5187,0,0,5187,4.5264109553658e-11,5.5060325447745e-06,9.4192577011109e-13,-4.4426773624581e-14
5188,0,0,5188,4.5308642094987e-11,5.5008266252655e-06,9.4227143113702e-13,-4.4532541328964e-14
5189,0,0,5189,4.5353280746109e-11,5.4956187979146e-06,9.4261675051144e-13,-4.4638651122124e-14
5190,0,0,5190,4.5398025850321e-11,5.4904090646161e-06,9.4296172702534e-13,-4.4745104212763e-14
5191,0,0,5191,4.5442877752133e-11,5.485197427271e-06,9.4330635946816e-13,-4.4851901811674e-14
5192,0,0,5192,4.5487836797265e-11,5.4799838877869e-06,9.4365064662764e-13,-4.4959045131724e-14
5193,0,0,5193,4.5532903332653e-11,5.4747684480781e-06,9.4399458728879e-13,-4.5066535387822e-14
5194,0,0,5194,4.557807770645e-11,5.4695511100657e-06,9.4433818023476e-13,-4.5174373796852e-14
5195,0,0,5195,4.5623360268027e-11,5.4643318756776e-06,9.4468142424717e-13,-4.5282561577648e-14
5196,0,0,5196,4.5668751367978e-11,5.4591107468483e-06,9.4502431810549e-13,-4.5391099950965e-14
5197,0,0,5197,4.5714251358118e-11,5.4538877255191e-06,9.4536686058722e-13,-4.549999013937e-14
5198,0,0,5198,4.5759860591485e-11,5.4486628136381e-06,9.4570905046798e-13,-4.5609233367317e-14
5199,0,0,5199,4.5805579422346e-11,5.44343601316e-06,9.4605088652221e-13,-4.5718830860952e-14
5200,0,0,5200,4.5851408206194e-11,5.4382073260467e-06,9.4639236752185e-13,-4.5828783848198e-14
5201,0,0,5201,4.5897347299753e-11,5.4329767542663e-06,9.4673349223765e-13,-4.5939093558629e-14
5202,0,0,5202,4.5943397060976e-11,5.4277442997943e-06,9.4707425943866e-13,-4.6049761223443e-14
5203,0,0,5203,4.5989557849051e-11,5.4225099646126e-06,9.4741466789224e-13,-4.6160788075425e-14
5204,0,0,5204,4.60358300244e-11,5.41727375071e-06,9.4775471636407e-13,-4.6272175348863e-14
5205,0,0,5205,4.608221394868e-11,5.4120356600823e-06,9.4809440361906e-13,-4.6383924279547e-14
5206,0,0,5206,4.6128709984785e-11,5.4067956947319e-06,9.4843372841998e-13,-4.6496036104672e-14
5207,0,0,5207,4.6175318496847e-11,5.4015538566682e-06,9.487726895282e-13,-4.6608512062787e-14
5208,0,0,5208,4.6222039850241e-11,5.3963101479074e-06,9.4911128570435e-13,-4.6721353393791e-14
5209,0,0,5209,4.626887441158e-11,5.3910645704726e-06,9.4944951570751e-13,-4.6834561338791e-14
5210,0,0,5210,4.631582254872e-11,5.3858171263936e-06,9.4978737829538e-13,-4.6948137140153e-14
5211,0,0,5211,4.6362884630761e-11,5.3805678177073e-06,9.5012487222476e-13,-4.7062082041317e-14
5212,0,0,5212,4.6410061028048e-11,5.3753166464572e-06,9.5046199625151e-13,-4.7176397286861e-14
5213,0,0,5213,4.6457352112171e-11,5.3700636146941e-06,9.5079874912964e-13,-4.7291084122384e-14
5214,0,0,5214,4.6504758255965e-11,5.3648087244752e-06,9.5113512961351e-13,-4.7406143794394e-14
5215,0,0,5215,4.6552279833515e-11,5.359551977865e-06,9.5147113645543e-13,-4.7521577550383e-14
5216,0,0,5216,4.6599917220154e-11,5.3542933769346e-06,9.5180676840746e-13,-4.7637386638599e-14
5217,0,0,5217,4.6647670792462e-11,5.3490329237621e-06,9.5214202422069e-13,-4.7753572308117e-14
5218,0,0,5218,4.6695540928271e-11,5.3437706204325e-06,9.5247690264563e-13,-4.7870135808711e-14
5219,0,0,5219,4.6743528006662e-11,5.3385064690379e-06,9.5281140243201e-13,-4.7987078390779e-14
5220,0,0,5220,4.6791632407967e-11,5.333240471677e-06,9.531455223291e-13,-4.8104401305304e-14
5221,0,0,5221,4.6839854513771e-11,5.3279726304555e-06,9.5347926108542e-13,-4.8222105803777e-14
5222,0,0,5222,4.6888194706909e-11,5.3227029474862e-06,9.5381261744961e-13,-4.8340193138111e-14
5223,0,0,5223,4.6936653371469e-11,5.3174314248885e-06,9.5414559016927e-13,-4.8458664560598e-14
5224,0,0,5224,4.6985230892793e-11,5.3121580647891e-06,9.5447817799229e-13,-4.8577521323804e-14
5225,0,0,5225,4.7033927657474e-11,5.3068828693214e-06,9.5481037966565e-13,-4.8696764680525e-14
5226,0,0,5226,4.7082744053357e-11,5.3016058406256e-06,9.5514219393707e-13,-4.8816395883682e-14
5227,0,0,5227,4.7131680469544e-11,5.296326980849e-06,9.5547361955369e-13,-4.8936416186292e-14
5228,0,0,5228,4.7180737296385e-11,5.2910462921459e-06,9.5580465526233e-13,-4.9056826841307e-14
5229,0,0,5229,4.7229914925487e-11,5.2857637766774e-06,9.5613529981089e-13,-4.9177629101642e-14
5230,0,0,5230,4.7279213749707e-11,5.2804794366114e-06,9.5646555194632e-13,-4.9298824219989e-14
5231,0,0,5231,4.7328634163156e-11,5.2751932741229e-06,9.5679541041669e-13,-4.9420413448836e-14
5232,0,0,5232,4.7378176561196e-11,5.2699052913938e-06,9.5712487397004e-13,-4.954239804029e-14
5233,0,0,5233,4.7427841340442e-11,5.2646154906128e-06,9.5745394135486e-13,-4.9664779246048e-14
5234,0,0,5234,4.7477628898759e-11,5.2593238739757e-06,9.5778261131984e-13,-4.9787558317318e-14
5235,0,0,5235,4.7527539635264e-11,5.254030443685e-06,9.5811088261514e-13,-4.9910736504682e-14
5236,0,0,5236,4.7577573950322e-11,5.2487352019502e-06,9.5843875399052e-13,-5.003431505806e-14
5237,0,0,5237,4.7627732245548e-11,5.2434381509878e-06,9.5876622419738e-13,-5.0158295226586e-14
5238,0,0,5238,4.7678014923807e-11,5.238139293021e-06,9.5909329198761e-13,-5.0282678258521e-14
5239,0,0,5239,4.7728422389208e-11,5.2328386302801e-06,9.5941995611401e-13,-5.0407465401189e-14
5240,0,0,5240,4.7778955047109e-11,5.227536165002e-06,9.597462153306e-13,-5.0532657900833e-14
5241,0,0,5241,4.7829613304112e-11,5.2222318994308e-06,9.6007206839232e-13,-5.0658257002562e-14
5242,0,0,5242,4.7880397568062e-11,5.2169258358172e-06,9.6039751405567e-13,-5.0784263950221e-14
5243,0,0,5243,4.7931308248048e-11,5.211617976419e-06,9.6072255107833e-13,-5.0910679986328e-14
5244,0,0,5244,4.79823457544e-11,5.2063083235006e-06,9.6104717821955e-13,-5.1037506351923e-14
5245,0,0,5245,4.8033510498687e-11,5.2009968793336e-06,9.6137139423964e-13,-5.1164744286519e-14
5246,0,0,5246,4.8084802893715e-11,5.195683646196e-06,9.6169519790136e-13,-5.1292395027971e-14
5247,0,0,5247,4.8136223353527e-11,5.1903686263729e-06,9.6201858796871e-13,-5.142045981234e-14
5248,0,0,5248,4.8187772293401e-11,5.1850518221563e-06,9.6234156320767e-13,-5.1548939873868e-14
5249,0,0,5249,4.8239450129846e-11,5.1797332358448e-06,9.6266412238591e-13,-5.1677836444772e-14
5250,0,0,5250,4.8291257280601e-11,5.1744128697438e-06,9.6298626427417e-13,-5.1807150755197e-14
5251,0,0,5251,4.8343194164634e-11,5.1690907261657e-06,9.6330798764394e-13,-5.1936884033106e-14
5252,0,0,5252,4.8395261202138e-11,5.1637668074294e-06,9.6362929127011e-13,-5.2067037504111e-14
5253,0,0,5253,4.8447458814529e-11,5.1584411158607e-06,9.6395017393001e-13,-5.2197612391403e-14
5254,0,0,5254,4.8499787424445e-11,5.1531136537922e-06,9.642706344028e-13,-5.2328609915636e-14
5255,0,0,5255,4.855224745574e-11,5.1477844235631e-06,9.6459067147072e-13,-5.246003129477e-14
5256,0,0,5256,4.8604839333484e-11,5.1424534275193e-06,9.6491028391892e-13,-5.2591877744004e-14
5257,0,0,5257,4.8657563483959e-11,5.1371206680136e-06,9.6522947053514e-13,-5.2724150475583e-14
5258,0,0,5258,4.8710420334658e-11,5.1317861474053e-06,9.6554823011084e-13,-5.285685069875e-14
5259,0,0,5259,4.8763410314278e-11,5.1264498680603e-06,9.6586656143957e-13,-5.2989979619546e-14
5260,0,0,5260,4.8816533852718e-11,5.1211118323514e-06,9.6618446331908e-13,-5.3123538440737e-14
5261,0,0,5261,4.886979138108e-11,5.1157720426577e-06,9.6650193455028e-13,-5.3257528361664e-14
5262,0,0,5262,4.8923183331658e-11,5.1104305013652e-06,9.6681897393736e-13,-5.339195057808e-14
5263,0,0,5263,4.897671013794e-11,5.1050872108664e-06,9.6713558028874e-13,-5.3526806282084e-14
5264,0,0,5264,4.9030372234602e-11,5.0997421735602e-06,9.6745175241612e-13,-5.3662096661906e-14
5265,0,0,5265,4.9084170057504e-11,5.0943953918523e-06,9.6776748913544e-13,-5.3797822901824e-14
5266,0,0,5266,4.9138104043686e-11,5.0890468681547e-06,9.6808278926712e-13,-5.3933986181998e-14
5267,0,0,5267,4.9192174631364e-11,5.083696604886e-06,9.683976516348e-13,-5.407058767833e-14
5268,0,0,5268,4.9246382259927e-11,5.0783446044713e-06,9.6871207506792e-13,-5.4207628562335e-14
5269,0,0,5269,4.9300727369928e-11,5.072990869342e-06,9.69026058399e-13,-5.4345110000969e-14
5270,0,0,5270,4.9355210403084e-11,5.0676354019361e-06,9.6933960046656e-13,-5.4483033156487e-14
5271,0,0,5271,4.940983180227e-11,5.0622782046979e-06,9.6965270011292e-13,-5.4621399186308e-14
5272,0,0,5272,4.9464592011513e-11,5.0569192800781e-06,9.6996535618623e-13,-5.4760209242849e-14
5273,0,0,5273,4.9519491475987e-11,5.0515586305337e-06,9.7027756753943e-13,-5.4899464473352e-14
5274,0,0,5274,4.9574530642006e-11,5.046196258528e-06,9.7058933303031e-13,-5.5039166019766e-14
5275,0,0,5275,4.9629709957025e-11,5.0408321665306e-06,9.7090065152315e-13,-5.517931501856e-14
5276,0,0,5276,4.9685029869625e-11,5.0354663570174e-06,9.712115218871e-13,-5.531991260054e-14
5277,0,0,5277,4.9740490829516e-11,5.0300988324705e-06,9.7152194299731e-13,-5.5460959890737e-14
5278,0,0,5278,4.9796093287524e-11,5.024729595378e-06,9.7183191373505e-13,-5.5602458008198e-14
5279,0,0,5279,4.985183769559e-11,5.0193586482344e-06,9.7214143298757e-13,-5.5744408065835e-14
5280,0,0,5280,4.990772450676e-11,5.0139859935402e-06,9.7245049964827e-13,-5.5886811170236e-14
5281,0,0,5281,4.9963754175182e-11,5.008611633802e-06,9.7275911261758e-13,-5.6029668421517e-14
5282,0,0,5282,5.0019927156095e-11,5.0032355715324e-06,9.7306727080193e-13,-5.6172980913116e-14
5283,0,0,5283,5.0076243905827e-11,4.99785780925e-06,9.7337497311523e-13,-5.6316749731644e-14
5284,0,0,5284,5.0132704881783e-11,4.9924783494794e-06,9.7368221847802e-13,-5.6460975956668e-14
5285,0,0,5285,5.0189310542444e-11,4.9870971947511e-06,9.7398900581788e-13,-5.6605660660556e-14
5286,0,0,5286,5.0246061347352e-11,4.9817143476016e-06,9.7429533407019e-13,-5.6750804908279e-14
5287,0,0,5287,5.0302957757109e-11,4.976329810573e-06,9.7460120217801e-13,-5.6896409757225e-14
5288,0,0,5288,5.0360000233366e-11,4.9709435862133e-06,9.7490660909162e-13,-5.7042476256989e-14
5289,0,0,5289,5.0417189238816e-11,4.9655556770765e-06,9.7521155376971e-13,-5.7189005449211e-14
5290,0,0,5290,5.0474525237183e-11,4.9601660857219e-06,9.7551603517896e-13,-5.7335998367357e-14
5291,0,0,5291,5.053200869322e-11,4.9547748147148e-06,9.7582005229461e-13,-5.7483456036516e-14
5292,0,0,5292,5.0589640072693e-11,4.9493818666258e-06,9.7612360410005e-13,-5.7631379473203e-14
5293,0,0,5293,5.0647419842378e-11,4.9439872440314e-06,9.7642668958817e-13,-5.7779769685157e-14
5294,0,0,5294,5.0705348470049e-11,4.9385909495134e-06,9.7672930776013e-13,-5.7928627671147e-14
5295,0,0,5295,5.076342642447e-11,4.9331929856591e-06,9.7703145762645e-13,-5.8077954420719e-14
5296,0,0,5296,5.0821654175384e-11,4.9277933550613e-06,9.7733313820762e-13,-5.8227750914006e-14
5297,0,0,5297,5.0880032193505e-11,4.922392060318e-06,9.7763434853301e-13,-5.8378018121535e-14
5298,0,0,5298,5.0938560950509e-11,4.9169891040327e-06,9.7793508764211e-13,-5.852875700398e-14
5299,0,0,5299,5.0997240919021e-11,4.911584488814e-06,9.782353545847e-13,-5.8679968511921e-14
5300,0,0,5300,5.1056072572607e-11,4.9061782172757e-06,9.7853514842049e-13,-5.883165358566e-14
5301,0,0,5301,5.1115056385762e-11,4.9007702920369e-06,9.7883446822012e-13,-5.8983813154969e-14
5302,0,0,5302,5.1174192833901e-11,4.8953607157217e-06,9.7913331306477e-13,-5.9136448138878e-14
5303,0,0,5303,5.1233482393346e-11,4.889949490959e-06,9.7943168204653e-13,-5.9289559445397e-14
5304,0,0,5304,5.1292925541317e-11,4.8845366203829e-06,9.7972957426851e-13,-5.9443147971321e-14
5305,0,0,5305,5.1352522755919e-11,4.8791221066324e-06,9.8002698884625e-13,-5.9597214601978e-14
5306,0,0,5306,5.141227451613e-11,4.8737059523511e-06,9.8032392490556e-13,-5.9751760210987e-14
5307,0,0,5307,5.147218130179e-11,4.8682881601877e-06,9.8062038158575e-13,-5.9906785659993e-14
5308,0,0,5308,5.1532243593589e-11,4.8628687327952e-06,9.8091635803715e-13,-6.0062291798418e-14
5309,0,0,5309,5.1592461873052e-11,4.8574476728315e-06,9.8121185342298e-13,-6.0218279463255e-14
5310,0,0,5310,5.1652836622531e-11,4.8520249829591e-06,9.8150686691933e-13,-6.0374749478743e-14
5311,0,0,5311,5.1713368325187e-11,4.8466006658446e-06,9.8180139771488e-13,-6.0531702656152e-14
5312,0,0,5312,5.177405746498e-11,4.8411747241595e-06,9.820954450124e-13,-6.0689139793505e-14
5313,0,0,5313,5.1834904526656e-11,4.8357471605792e-06,9.8238900802691e-13,-6.0847061675299e-14
5314,0,0,5314,5.1895909995728e-11,4.8303179777837e-06,9.8268208598819e-13,-6.1005469072272e-14
5315,0,0,5315,5.1957074358469e-11,4.824887178457e-06,9.8297467813979e-13,-6.1164362741088e-14
5316,0,0,5316,5.2018398101893e-11,4.8194547652871e-06,9.832667837395e-13,-6.1323743424064e-14
5317,0,0,5317,5.2079881713742e-11,4.8140207409663e-06,9.8355840205988e-13,-6.148361184893e-14
5318,0,0,5318,5.2141525682471e-11,4.8085851081907e-06,9.8384953238816e-13,-6.1643968728498e-14
5319,0,0,5319,5.2203330497231e-11,4.8031478696602e-06,9.8414017402738e-13,-6.1804814760391e-14
5320,0,0,5320,5.2265296647858e-11,4.7977090280784e-06,9.8443032629484e-13,-6.1966150626774e-14
5321,0,0,5321,5.2327424624852e-11,4.7922685861529e-06,9.8471998852485e-13,-6.2127976993992e-14
5322,0,0,5322,5.2389714919364e-11,4.7868265465945e-06,9.8500916006738e-13,-6.2290294512359e-14
5323,0,0,5323,5.245216802318e-11,4.7813829121178e-06,9.8529784028846e-13,-6.2453103815799e-14
5324,0,0,5324,5.2514784428701e-11,4.7759376854406e-06,9.8558602857117e-13,-6.2616405521543e-14
5325,0,0,5325,5.2577564628931e-11,4.7704908692842e-06,9.858737243156e-13,-6.278020022984e-14
5326,0,0,5326,5.2640509117455e-11,4.7650424663729e-06,9.8616092693853e-13,-6.2944488523613e-14
5327,0,0,5327,5.2703618388423e-11,4.7595924794344e-06,9.8644763587533e-13,-6.3109270968189e-14
5328,0,0,5328,5.2766892936534e-11,4.7541409111991e-06,9.8673385057882e-13,-6.3274548110916e-14
5329,0,0,5329,5.2830333257015e-11,4.7486877644007e-06,9.8701957051975e-13,-6.3440320480885e-14
5330,0,0,5330,5.2893939845603e-11,4.7432330417753e-06,9.8730479518821e-13,-6.3606588588583e-14
5331,0,0,5331,5.2957713198529e-11,4.7377767460621e-06,9.8758952409284e-13,-6.3773352925537e-14
5332,0,0,5332,5.3021653812493e-11,4.7323188800026e-06,9.8787375676127e-13,-6.3940613964034e-14
5333,0,0,5333,5.308576218465e-11,4.7268594463411e-06,9.8815749274124e-13,-6.4108372156704e-14
5334,0,0,5334,5.3150038812586e-11,4.721398447824e-06,9.8844073160024e-13,-6.4276627936239e-14
5335,0,0,5335,5.3214484194301e-11,4.7159358872e-06,9.8872347292633e-13,-6.4445381715003e-14
5336,0,0,5336,5.3279098828186e-11,4.7104717672203e-06,9.8900571632763e-13,-6.4614633884684e-14
5337,0,0,5337,5.3343883213002e-11,4.7050060906378e-06,9.892874614339e-13,-6.478438481595e-14
5338,0,0,5338,5.340883784786e-11,4.6995388602075e-06,9.8956870789589e-13,-6.4954634858065e-14
5339,0,0,5339,5.3473963232198e-11,4.694070078686e-06,9.8984945538673e-13,-6.5125384338553e-14
5340,0,0,5340,5.3539259865761e-11,4.6885997488318e-06,9.9012970360088e-13,-6.5296633562755e-14
5341,0,0,5341,5.3604728248575e-11,4.683127873405e-06,9.9040945225546e-13,-6.5468382813559e-14
5342,0,0,5342,5.3670368880925e-11,4.6776544551669e-06,9.9068870109139e-13,-6.5640632350921e-14
5343,0,0,5343,5.3736182263337e-11,4.6721794968804e-06,9.9096744987149e-13,-6.5813382411529e-14
5344,0,0,5344,5.3802168896545e-11,4.6667030013092e-06,9.9124569838341e-13,-6.5986633208403e-14
5345,0,0,5345,5.3868329281476e-11,4.6612249712184e-06,9.9152344643812e-13,-6.6160384930494e-14
5346,0,0,5346,5.3934663919218e-11,4.6557454093738e-06,9.9180069387143e-13,-6.6334637742303e-14
5347,0,0,5347,5.4001173311002e-11,4.650264318542e-06,9.9207744054413e-13,-6.6509391783435e-14
5348,0,0,5348,5.406785795817e-11,4.6447817014904e-06,9.9235368634154e-13,-6.6684647168247e-14
5349,0,0,5349,5.4134718362155e-11,4.6392975609867e-06,9.926294311758e-13,-6.6860403985372e-14
5350,0,0,5350,5.4201755024453e-11,4.6338118997989e-06,9.9290467498423e-13,-6.7036662297358e-14
5351,0,0,5351,5.4268968446593e-11,4.6283247206954e-06,9.9317941773093e-13,-6.7213422140213e-14
5352,0,0,5352,5.4336359130116e-11,4.6228360264446e-06,9.9345365940763e-13,-6.7390683522959e-14
5353,0,0,5353,5.4403927576543e-11,4.6173458198146e-06,9.9372740003212e-13,-6.7568446427235e-14
5354,0,0,5354,5.447167428735e-11,4.6118541035734e-06,9.9400063965146e-13,-6.7746710806864e-14
5355,0,0,5355,5.4539599763937e-11,4.6063608804886e-06,9.9427337833986e-13,-6.7925476587332e-14
5356,0,0,5356,5.4607704507603e-11,4.6008661533273e-06,9.945456162011e-13,-6.810474366545e-14
5357,0,0,5357,5.4675989019512e-11,4.5953699248557e-06,9.9481735336735e-13,-6.8284511908817e-14
5358,0,0,5358,5.4744453800667e-11,4.5898721978391e-06,9.9508859000143e-13,-6.846478115539e-14
5359,0,0,5359,5.481309935188e-11,4.5843729750419e-06,9.9535932629527e-13,-6.864555121301e-14
5360,0,0,5360,5.4881926173739e-11,4.5788722592271e-06,9.9562956247165e-13,-6.8826821858946e-14
5361,0,0,5361,5.4950934766578e-11,4.5733700531565e-06,9.9589929878522e-13,-6.9008592839423e-14
5362,0,0,5362,5.5020125630447e-11,4.5678663595901e-06,9.9616853552067e-13,-6.9190863869094e-14
5363,0,0,5363,5.5089499265078e-11,4.5623611812862e-06,9.964372729963e-13,-6.9373634630633e-14
5364,0,0,5364,5.5159056169852e-11,4.5568545210013e-06,9.9670551156164e-13,-6.9556904774149e-14
5365,0,0,5365,5.5228796843769e-11,4.5513463814897e-06,9.9697325160014e-13,-6.9740673916793e-14
5366,0,0,5366,5.5298721785411e-11,4.5458367655034e-06,9.972404935282e-13,-6.9924941642138e-14
5367,0,0,5367,5.5368831492911e-11,4.5403256757918e-06,9.975072377964e-13,-7.010970749979e-14
5368,0,0,5368,5.5439126463916e-11,4.5348131151018e-06,9.9777348488997e-13,-7.0294971004769e-14
5369,0,0,5369,5.5509607195553e-11,4.5292990861774e-06,9.9803923532911e-13,-7.0480731637056e-14
5370,0,0,5370,5.5580274184394e-11,4.5237835917593e-06,9.9830448966989e-13,-7.0666988841046e-14
5371,0,0,5371,5.5651127926419e-11,4.5182666345852e-06,9.9856924850378e-13,-7.0853742024993e-14
5372,0,0,5372,5.5722168916979e-11,4.5127482173893e-06,9.9883351245968e-13,-7.1040990560518e-14
5373,0,0,5373,5.5793397650761e-11,4.507228342902e-06,9.9909728220326e-13,-7.1228733782025e-14
5374,0,0,5374,5.5864814621747e-11,4.5017070138499e-06,9.9936055843825e-13,-7.1416970986171e-14
5375,0,0,5375,5.5936420323179e-11,4.4961842329554e-06,9.996233419062e-13,-7.1605701431286e-14
5376,0,0,5376,5.6008215247516e-11,4.4906600029366e-06,9.998856333881e-13,-7.1794924336867e-14
5377,0,0,5377,5.6080199886399e-11,4.4851343265073e-06,1.000147433704e-12,-7.1984638882912e-14
5378,0,0,5378,5.6152374730608e-11,4.4796072063763e-06,1.0004087437142e-12,-7.2174844209457e-14
5379,0,0,5379,5.6224740270024e-11,4.4740786452475e-06,1.0006695643192e-12,-7.2365539415911e-14
5380,0,0,5380,5.6297296993584e-11,4.4685486458195e-06,1.0009298964613e-12,-7.2556723560513e-14
5381,0,0,5381,5.6370045389244e-11,4.4630172107857e-06,1.0011897411242e-12,-7.2748395659702e-14
5382,0,0,5382,5.6442985943932e-11,4.4574843428336e-06,1.0014490993338e-12,-7.2940554687554e-14
5383,0,0,5383,5.6516119143507e-11,4.4519500446448e-06,1.0017079721595e-12,-7.3133199575145e-14
5384,0,0,5384,5.6589445472717e-11,4.446414318895e-06,1.0019663607137e-12,-7.3326329209961e-14
5385,0,0,5385,5.6662965415152e-11,4.4408771682533e-06,1.0022242661535e-12,-7.3519942435256e-14
5386,0,0,5386,5.6736679453201e-11,4.4353385953821e-06,1.002481689681e-12,-7.3714038049427e-14
5387,0,0,5387,5.6810588068007e-11,4.4297986029371e-06,1.002738632543e-12,-7.3908614805409e-14
5388,0,0,5388,5.6884691739417e-11,4.4242571935668e-06,1.0029950960332e-12,-7.4103671410001e-14
5389,0,0,5389,5.695899094594e-11,4.4187143699121e-06,1.0032510814916e-12,-7.4299206523204e-14
5390,0,0,5390,5.7033486164698e-11,4.4131701346066e-06,1.0035065903059e-12,-7.4495218757635e-14
5391,0,0,5391,5.7108177871375e-11,4.4076244902756e-06,1.0037616239117e-12,-7.4691706677787e-14
5392,0,0,5392,5.7183066540175e-11,4.4020774395364e-06,1.0040161837938e-12,-7.4888668799414e-14
5393,0,0,5393,5.7258152643764e-11,4.3965289849978e-06,1.0042702714856e-12,-7.5086103588812e-14
5394,0,0,5394,5.7333436653226e-11,4.3909791292598e-06,1.0045238885714e-12,-7.5284009462183e-14
5395,0,0,5395,5.7408919038011e-11,4.3854278749135e-06,1.004777036686e-12,-7.5482384784902e-14
5396,0,0,5396,5.7484600265882e-11,4.3798752245405e-06,1.0050297175156e-12,-7.5681227870852e-14
5397,0,0,5397,5.7560480802863e-11,4.3743211807129e-06,1.0052819327988e-12,-7.5880536981692e-14
5398,0,0,5398,5.7636561113189e-11,4.3687657459928e-06,1.0055336843271e-12,-7.6080310326152e-14
5399,0,0,5399,5.7712841659249e-11,4.3632089229324e-06,1.0057849739457e-12,-7.6280546059326e-14
5400,0,0,5400,5.7789322901531e-11,4.3576507140729e-06,1.0060358035539e-12,-7.6481242281937e-14
5401,0,0,5401,5.786600529857e-11,4.3520911219453e-06,1.0062861751062e-12,-7.6682397039584e-14
5402,0,0,5402,5.7942889306892e-11,4.346530149069e-06,1.0065360906136e-12,-7.6884008322031e-14
5403,0,0,5403,5.8019975380955e-11,4.3409677979522e-06,1.0067855521423e-12,-7.7086074062417e-14
5404,0,0,5404,5.8097263973091e-11,4.3354040710913e-06,1.0070345618174e-12,-7.728859213655e-14
5405,0,0,5405,5.8174755533453e-11,4.3298389709707e-06,1.0072831218213e-12,-7.7491560362075e-14
5406,0,0,5406,5.8252450509951e-11,4.3242725000625e-06,1.0075312343951e-12,-7.7694976497759e-14
5407,0,0,5407,5.8330349348194e-11,4.3187046608258e-06,1.0077789018403e-12,-7.7898838242683e-14
5408,0,0,5408,5.8408452491429e-11,4.3131354557069e-06,1.0080261265185e-12,-7.8103143235395e-14
5409,0,0,5409,5.8486760380483e-11,4.3075648871387e-06,1.0082729108522e-12,-7.8307889053283e-14
5410,0,0,5410,5.8565273453694e-11,4.3019929575402e-06,1.0085192573269e-12,-7.8513073211522e-14
5411,0,0,5411,5.8643992146857e-11,4.2964196693165e-06,1.00876516849e-12,-7.8718693162488e-14
5412,0,0,5412,5.8722916893151e-11,4.2908450248582e-06,1.0090106469534e-12,-7.892474629477e-14
5413,0,0,5413,5.8802048123084e-11,4.2852690265411e-06,1.009255695393e-12,-7.9131229932426e-14
5414,0,0,5414,5.8881386264418e-11,4.2796916767259e-06,1.0095003165504e-12,-7.9338141334141e-14
5415,0,0,5415,5.896093174211e-11,4.2741129777577e-06,1.0097445132337e-12,-7.9545477692322e-14
5416,0,0,5416,5.9040684978242e-11,4.2685329319659e-06,1.0099882883174e-12,-7.9753236132271e-14
5417,0,0,5417,5.9120646391954e-11,4.2629515416635e-06,1.0102316447444e-12,-7.996141371137e-14
5418,0,0,5418,5.9200816399372e-11,4.2573688091467e-06,1.0104745855266e-12,-8.0170007418061e-14
5419,0,0,5419,5.9281195413543e-11,4.2517847366951e-06,1.0107171137451e-12,-8.0379014171188e-14
5420,0,0,5420,5.9361783844362e-11,4.2461993265705e-06,1.0109592325523e-12,-8.0588430818855e-14
5421,0,0,5421,5.94425820985e-11,4.2406125810171e-06,1.0112009451716e-12,-8.0798254137682e-14
5422,0,0,5422,5.9523590579332e-11,4.2350245022607e-06,1.0114422548991e-12,-8.100848083191e-14
5423,0,0,5423,5.9604809686864e-11,4.2294350925088e-06,1.011683165104e-12,-8.1219107532317e-14
5424,0,0,5424,5.9686239817659e-11,4.2238443539495e-06,1.01192367923e-12,-8.1430130795491e-14
5425,0,0,5425,5.9767881364762e-11,4.2182522887517e-06,1.0121638007961e-12,-8.1641547102736e-14
5426,0,0,5426,5.9849734717621e-11,4.2126588990645e-06,1.0124035333972e-12,-8.1853352859227e-14
5427,0,0,5427,5.9931800262014e-11,4.2070641870164e-06,1.0126428807057e-12,-8.2065544392982e-14
5428,0,0,5428,6.0014078379968e-11,4.2014681547154e-06,1.0128818464716e-12,-8.2278117953911e-14
5429,0,0,5429,6.0096569449681e-11,4.1958708042484e-06,1.0131204345243e-12,-8.2491069712893e-14
5430,0,0,5430,6.0179273845442e-11,4.1902721376806e-06,1.0133586487733e-12,-8.2704395760724e-14
5431,0,0,5431,6.0262191937549e-11,4.1846721570551e-06,1.013596493209e-12,-8.2918092107135e-14
5432,0,0,5432,6.0345324092229e-11,4.1790708643927e-06,1.013833971904e-12,-8.3132154679815e-14
5433,0,0,5433,6.0428670671552e-11,4.173468261691e-06,1.0140710890137e-12,-8.3346579323381e-14
5434,0,0,5434,6.051223203335e-11,4.1678643509242e-06,1.014307848778e-12,-8.3561361798339e-14
5435,0,0,5435,6.0596008531131e-11,4.1622591340429e-06,1.0145442555217e-12,-8.3776497780035e-14
5436,0,0,5436,6.0680000513988e-11,4.156652612973e-06,1.0147803136556e-12,-8.3991982857695e-14
5437,0,0,5437,6.0764208326521e-11,4.1510447896156e-06,1.0150160276782e-12,-8.4207812533241e-14
5438,0,0,5438,6.0848632308742e-11,4.1454356658467e-06,1.0152514021759e-12,-8.4423982220356e-14
5439,0,0,5439,6.0933272795985e-11,4.1398252435162e-06,1.0154864418248e-12,-8.4640487243274e-14
5440,0,0,5440,6.1018130118821e-11,4.1342135244477e-06,1.015721151391e-12,-8.485732283583e-14
5441,0,0,5441,6.1103204602961e-11,4.1286005104382e-06,1.0159555357327e-12,-8.5074484140266e-14
5442,0,0,5442,6.1188496569167e-11,4.1229862032569e-06,1.0161895998004e-12,-8.5291966206149e-14
5443,0,0,5443,6.1274006333157e-11,4.1173706046457e-06,1.0164233486385e-12,-8.550976398927e-14
5444,0,0,5444,6.1359734205507e-11,4.1117537163176e-06,1.0166567873865e-12,-8.5727872350521e-14
5445,0,0,5445,6.1445680491562e-11,4.1061355399569e-06,1.0168899212796e-12,-8.5946286054716e-14
5446,0,0,5446,6.1531845491331e-11,4.1005160772185e-06,1.0171227556506e-12,-8.6164999769449e-14
5447,0,0,5447,6.1618229499395e-11,4.0948953297272e-06,1.01735529593e-12,-8.638400806398e-14
5448,0,0,5448,6.1704832804803e-11,4.0892732990772e-06,1.0175875476489e-12,-8.6603305408052e-14
5449,0,0,5449,6.1791655690974e-11,4.0836499868317e-06,1.0178195164378e-12,-8.6822886170608e-14
5450,0,0,5450,6.1878698435593e-11,4.0780253945221e-06,1.0180512080306e-12,-8.7042744618741e-14
5451,0,0,5451,6.1965961310509e-11,4.0723995236477e-06,1.0182826282629e-12,-8.7262874916423e-14
5452,0,0,5452,6.2053444581632e-11,4.0667723756749e-06,1.0185137830758e-12,-8.7483271123255e-14
5453,0,0,5453,6.2141148508826e-11,4.0611439520367e-06,1.018744678515e-12,-8.7703927193284e-14
5454,0,0,5454,6.2229073345799e-11,4.0555142541321e-06,1.0189753207337e-12,-8.7924836973759e-14
5455,0,0,5455,6.2317219340003e-11,4.0498832833255e-06,1.0192057159927e-12,-8.814599420388e-14
5456,0,0,5456,6.2405586732517e-11,4.0442510409462e-06,1.0194358706628e-12,-8.8367392513516e-14
5457,0,0,5457,6.2494175757939e-11,4.0386175282875e-06,1.0196657912244e-12,-8.8589025421925e-14
5458,0,0,5458,6.2582986644275e-11,4.0329827466064e-06,1.0198954842704e-12,-8.8810886336532e-14
5459,0,0,5459,6.2672019612827e-11,4.027346697123e-06,1.0201249565072e-12,-8.903296855155e-14
5460,0,0,5460,6.2761274878073e-11,4.0217093810194e-06,1.0203542147547e-12,-8.9255265246682e-14
5461,0,0,5461,6.2850752647559e-11,4.0160707994395e-06,1.0205832659496e-12,-8.9477769485875e-14
5462,0,0,5462,6.2940453121775e-11,4.0104309534884e-06,1.020812117145e-12,-8.9700474215929e-14
5463,0,0,5463,6.303037649404e-11,4.0047898442315e-06,1.0210407755132e-12,-8.9923372265071e-14
5464,0,0,5464,6.3120522950382e-11,3.9991474726936e-06,1.0212692483455e-12,-9.0146456341795e-14
5465,0,0,5465,6.3210892669415e-11,3.9935038398591e-06,1.0214975430552e-12,-9.0369719033297e-14
5466,0,0,5466,6.330148582222e-11,3.9878589466703e-06,1.0217256671778e-12,-9.0593152804179e-14
5467,0,0,5467,6.3392302572215e-11,3.9822127940273e-06,1.021953628373e-12,-9.0816749995074e-14
5468,0,0,5468,6.3483343075036e-11,3.9765653827874e-06,1.0221814344255e-12,-9.1040502821189e-14
5469,0,0,5469,6.3574607478407e-11,3.9709167137639e-06,1.0224090932474e-12,-9.126440337088e-14
5470,0,0,5470,6.3666095922011e-11,3.9652667877259e-06,1.0226366128788e-12,-9.1488443604299e-14
5471,0,0,5471,6.3757808537363e-11,3.9596156053973e-06,1.0228640014891e-12,-9.1712615351822e-14
5472,0,0,5472,6.3849745447676e-11,3.9539631674559e-06,1.0230912673798e-12,-9.193691031268e-14
5473,0,0,5473,6.3941906767729e-11,3.9483094745334e-06,1.023318418984e-12,-9.2161320053495e-14
5474,0,0,5474,6.4034292603736e-11,3.9426545272136e-06,1.0235454648698e-12,-9.2385836006691e-14
5475,0,0,5475,6.4126903053205e-11,3.9369983260328e-06,1.0237724137407e-12,-9.261044946914e-14
5476,0,0,5476,6.4219738204805e-11,3.9313408714779e-06,1.0239992744367e-12,-9.283515160053e-14
5477,0,0,5477,6.4312798138227e-11,3.9256821639865e-06,1.0242260559372e-12,-9.3059933421879e-14
5478,0,0,5478,6.4406082924041e-11,3.9200222039458e-06,1.0244527673617e-12,-9.3284785814026e-14
5479,0,0,5479,6.4499592623557e-11,3.9143609916918e-06,1.0246794179711e-12,-9.3509699516038e-14
5480,0,0,5480,6.4593327288681e-11,3.9086985275086e-06,1.0249060171702e-12,-9.3734665123672e-14
5481,0,0,5481,6.4687286961769e-11,3.9030348116273e-06,1.025132574508e-12,-9.3959673087735e-14
5482,0,0,5482,6.4781471675481e-11,3.8973698442258e-06,1.0253590996804e-12,-9.4184713712637e-14
5483,0,0,5483,6.4875881452636e-11,3.8917036254273e-06,1.0255856025316e-12,-9.4409777154554e-14
5484,0,0,5484,6.4970516306056e-11,3.8860361552999e-06,1.025812093055e-12,-9.4634853420032e-14
5485,0,0,5485,6.506537623842e-11,3.8803674338557e-06,1.026038581396e-12,-9.4859932364243e-14
5486,0,0,5486,6.516046124211e-11,3.8746974610499e-06,1.0262650778522e-12,-9.5085003689295e-14
5487,0,0,5487,6.5255771299052e-11,3.8690262367798e-06,1.0264915928766e-12,-9.5310056942673e-14
5488,0,0,5488,6.5351306380568e-11,3.8633537608844e-06,1.0267181370783e-12,-9.5535081515502e-14
5489,0,0,5489,6.5447066447209e-11,3.8576800331428e-06,1.0269447212244e-12,-9.5760066640824e-14
5490,0,0,5490,6.5543051448601e-11,3.8520050532741e-06,1.0271713562419e-12,-9.5985001391997e-14
5491,0,0,5491,6.5639261323281e-11,3.8463288209359e-06,1.0273980532186e-12,-9.6209874680807e-14
5492,0,0,5492,6.5735695998537e-11,3.8406513357237e-06,1.0276248234069e-12,-9.6434675255931e-14
5493,0,0,5493,6.5832355390238e-11,3.8349725971699e-06,1.0278516782227e-12,-9.6659391701035e-14
5494,0,0,5494,6.5929239402671e-11,3.8292926047431e-06,1.0280786292497e-12,-9.6884012433057e-14
5495,0,0,5495,6.6026347928372e-11,3.8236113578468e-06,1.0283056882391e-12,-9.7108525700437e-14
5496,0,0,5496,6.6123680847953e-11,3.8179288558185e-06,1.0285328671136e-12,-9.7332919581291e-14
5497,0,0,5497,6.6221238029935e-11,3.8122450979292e-06,1.0287601779669e-12,-9.7557181981683e-14
5498,0,0,5498,6.6319019330568e-11,3.8065600833819e-06,1.0289876330673e-12,-9.7781300633659e-14
5499,0,0,5499,6.6417024593662e-11,3.8008738113109e-06,1.0292152448588e-12,-9.8005263093554e-14
5500,0,0,5500,6.6515253650402e-11,3.7951862807807e-06,1.0294430259627e-12,-9.8229056740012e-14
5501,0,0,5501,6.6613706319174e-11,3.7894974907852e-06,1.0296709891802e-12,-9.8452668772207e-14
5502,0,0,5502,6.6712382405382e-11,3.7838074402466e-06,1.0298991474936e-12,-9.8676086207926e-14
5503,0,0,5503,6.6811281701264e-11,3.7781161280141e-06,1.0301275140688e-12,-9.8899295881609e-14
5504,0,0,5504,6.6910403985706e-11,3.7724235528635e-06,1.0303561022566e-12,-9.9122284442535e-14
5505,0,0,5505,6.7009749024059e-11,3.7667297134956e-06,1.0305849255952e-12,-9.9345038352806e-14
5506,0,0,5506,6.7109316567945e-11,3.7610346085353e-06,1.0308139978116e-12,-9.9567543885438e-14
5507,0,0,5507,6.7209106355067e-11,3.7553382365308e-06,1.0310433328244e-12,-9.9789787122381e-14
5508,0,0,5508,6.7309118109019e-11,3.7496405959521e-06,1.0312729447444e-12,-1.0001175395253e-13
5509,0,0,5509,6.7409351539089e-11,3.7439416851903e-06,1.0315028478785e-12,-1.0023343006975e-13
5510,0,0,5510,6.750980634006e-11,3.7382415025565e-06,1.0317330567296e-12,-1.0045480097085e-13
5511,0,0,5511,6.7610482192014e-11,3.7325400462802e-06,1.0319635860005e-12,-1.0067585195352e-13
5512,0,0,5512,6.7711378760128e-11,3.726837314509e-06,1.0321944505947e-12,-1.0089656811441e-13
5513,0,0,5513,6.7812495694475e-11,3.7211333053067e-06,1.032425665619e-12,-1.0111693434683e-13
5514,0,0,5514,6.7913832629814e-11,3.7154280166526e-06,1.0326572463854e-12,-1.0133693533895e-13
5515,0,0,5515,6.8015389185385e-11,3.7097214464404e-06,1.0328892084137e-12,-1.0155655557149e-13
5516,0,0,5516,6.8117164964701e-11,3.7040135924766e-06,1.0331215674323e-12,-1.0177577931574e-13
5517,0,0,5517,6.8219159555332e-11,3.6983044524801e-06,1.0333543393823e-12,-1.0199459063131e-13
5518,0,0,5518,6.8321372528696e-11,3.69259402408e-06,1.0335875404176e-12,-1.0221297336416e-13
5519,0,0,5519,6.8423803439841e-11,3.6868823048153e-06,1.0338211869085e-12,-1.024309111442e-13
5520,0,0,5520,6.8526451827224e-11,3.6811692921333e-06,1.0340552954436e-12,-1.0264838738337e-13
5521,0,0,5521,6.8629317212497e-11,3.6754549833883e-06,1.0342898828311e-12,-1.028653852732e-13
5522,0,0,5522,6.873239910028e-11,3.6697393758408e-06,1.0345249661025e-12,-1.030818877828e-13
5523,0,0,5523,6.8835696977936e-11,3.6640224666557e-06,1.0347605625134e-12,-1.0329787765649e-13
5524,0,0,5524,6.8939210315348e-11,3.6583042529013e-06,1.0349966895467e-12,-1.0351333741165e-13
5525,0,0,5525,6.9042938564684e-11,3.6525847315481e-06,1.0352333649145e-12,-1.0372824933633e-13
5526,0,0,5526,6.9146881160172e-11,3.6468638994677e-06,1.0354706065606e-12,-1.0394259548711e-13
5527,0,0,5527,6.9251037517858e-11,3.6411417534309e-06,1.0357084326623e-12,-1.0415635768671e-13
5528,0,0,5528,6.935540703538e-11,3.6354182901069e-06,1.0359468616334e-12,-1.0436951752174e-13
5529,0,0,5529,6.945998909172e-11,3.629693506062e-06,1.0361859121257e-12,-1.045820563402e-13
5530,0,0,5530,6.956478304697e-11,3.623967397758e-06,1.0364256030325e-12,-1.0479395524942e-13
5531,0,0,5531,6.9669788242083e-11,3.6182399615509e-06,1.0366659534898e-12,-1.0500519511336e-13
5532,0,0,5532,6.9775003998633e-11,3.6125111936897e-06,1.0369069828795e-12,-1.0521575655047e-13
5533,0,0,5533,6.9880429618565e-11,3.6067810903149e-06,1.0371487108311e-12,-1.0542561993118e-13
5534,0,0,5534,6.998606438394e-11,3.6010496474573e-06,1.0373911572253e-12,-1.0563476537545e-13
5535,0,0,5535,7.0091907556691e-11,3.5953168610363e-06,1.0376343421948e-12,-1.058431727504e-13
5536,0,0,5536,7.0197958378358e-11,3.5895827268588e-06,1.037878286128e-12,-1.060508216678e-13
5537,0,0,5537,7.030421606984e-11,3.5838472406176e-06,1.0381230096713e-12,-1.062576914816e-13
5538,0,0,5538,7.0410679831125e-11,3.5781103978898e-06,1.0383685337314e-12,-1.0646376128545e-13
5539,0,0,5539,7.0517348841036e-11,3.5723721941357e-06,1.0386148794774e-12,-1.0666900991016e-13
5540,0,0,5540,7.0624222256957e-11,3.5666326246974e-06,1.0388620683442e-12,-1.0687341592118e-13
5541,0,0,5541,7.0731299214573e-11,3.5608916847966e-06,1.0391101220344e-12,-1.0707695761607e-13
5542,0,0,5542,7.0838578827595e-11,3.5551493695341e-06,1.0393590625212e-12,-1.0727961302183e-13
5543,0,0,5543,7.0946060187487e-11,3.5494056738874e-06,1.0396089120508e-12,-1.0748135989251e-13
5544,0,0,5544,7.1053742363193e-11,3.5436605927098e-06,1.0398596931452e-12,-1.0768217570633e-13
5545,0,0,5545,7.1161624400857e-11,3.5379141207286e-06,1.0401114286044e-12,-1.078820376633e-13
5546,0,0,5546,7.1269705323539e-11,3.5321662525434e-06,1.0403641415098e-12,-1.0808092268247e-13
5547,0,0,5547,7.1377984130938e-11,3.526416982625e-06,1.040617855226e-12,-1.082788073992e-13
5548,0,0,5548,7.1486459799101e-11,3.5206663053134e-06,1.0408725934042e-12,-1.0847566816262e-13
5549,0,0,5549,7.1595131280134e-11,3.5149142148163e-06,1.0411283799846e-12,-1.0867148103283e-13
5550,0,0,5550,7.1703997501912e-11,3.5091607052074e-06,1.0413852391989e-12,-1.0886622177814e-13
5551,0,0,5551,7.1813057367785e-11,3.5034057704253e-06,1.0416431955734e-12,-1.0905986587253e-13
5552,0,0,5552,7.1922309756277e-11,3.4976494042709e-06,1.0419022739318e-12,-1.0925238849259e-13
5553,0,0,5553,7.2031753520792e-11,3.4918916004069e-06,1.0421624993975e-12,-1.0944376451506e-13
5554,0,0,5554,7.2141387489306e-11,3.486132352355e-06,1.0424238973967e-12,-1.0963396851374e-13
5555,0,0,5555,7.2251210464063e-11,3.4803716534949e-06,1.0426864936616e-12,-1.0982297475687e-13
5556,0,0,5556,7.2361221221267e-11,3.4746094970627e-06,1.0429503142325e-12,-1.1001075720428e-13
5557,0,0,5557,7.2471418510771e-11,3.4688458761486e-06,1.0432153854613e-12,-1.1019728950436e-13
5558,0,0,5558,7.2581801055763e-11,3.4630807836955e-06,1.0434817340137e-12,-1.1038254499145e-13
5559,0,0,5559,7.2692367552446e-11,3.4573142124973e-06,1.0437493868728e-12,-1.1056649668272e-13
5560,0,0,5560,7.2803116669721e-11,3.451546155197e-06,1.0440183713416e-12,-1.1074911727537e-13
5561,0,0,5561,7.2914047048865e-11,3.4457766042852e-06,1.044288715046e-12,-1.1093037914366e-13
5562,0,0,5562,7.3025157303201e-11,3.4400055520977e-06,1.044560445938e-12,-1.1111025433596e-13
5563,0,0,5563,7.3136446017772e-11,3.4342329908143e-06,1.044833592298e-12,-1.1128871457182e-13
5564,0,0,5564,7.3247911749011e-11,3.4284589124566e-06,1.0451081827387e-12,-1.1146573123889e-13
5565,0,0,5565,7.3359553024401e-11,3.4226833088864e-06,1.0453842462074e-12,-1.1164127539001e-13
5566,0,0,5566,7.3471368342141e-11,3.4169061718036e-06,1.0456618119895e-12,-1.118153177401e-13
5567,0,0,5567,7.3583356170805e-11,3.4111274927444e-06,1.045940909711e-12,-1.1198782866312e-13
5568,0,0,5568,7.3695514948994e-11,3.4053472630795e-06,1.0462215693424e-12,-1.1215877818905e-13
5569,0,0,5569,7.3807843084994e-11,3.3995654740121e-06,1.0465038212009e-12,-1.1232813600073e-13
5570,0,0,5570,7.3920338956425e-11,3.3937821165759e-06,1.046787695954e-12,-1.1249587143085e-13
5571,0,0,5571,7.4033000909884e-11,3.3879971816332e-06,1.0470732246228e-12,-1.1266195345864e-13
5572,0,0,5572,7.4145827260591e-11,3.3822106598731e-06,1.0473604385845e-12,-1.1282635070697e-13
5573,0,0,5573,7.425881629203e-11,3.3764225418091e-06,1.0476493695762e-12,-1.1298903143891e-13
5574,0,0,5574,7.4371966255584e-11,3.3706328177777e-06,1.0479400496979e-12,-1.1314996355478e-13
5575,0,0,5575,7.4485275370173e-11,3.3648414779356e-06,1.0482325114156e-12,-1.1330911458878e-13
5576,0,0,5576,7.4598741821879e-11,3.3590485122584e-06,1.0485267875645e-12,-1.1346645170582e-13
5577,0,0,5577,7.4712363763577e-11,3.3532539105383e-06,1.0488229113523e-12,-1.1362194169828e-13
5578,0,0,5578,7.482613931456e-11,3.3474576623816e-06,1.049120916363e-12,-1.1377555098272e-13
5579,0,0,5579,7.4940066560157e-11,3.3416597572072e-06,1.0494208365591e-12,-1.1392724559659e-13
5580,0,0,5580,7.5054143551352e-11,3.3358601842443e-06,1.0497227062858e-12,-1.1407699119492e-13
5581,0,0,5581,7.5168368304399e-11,3.3300589325301e-06,1.050026560274e-12,-1.1422475304705e-13
5582,0,0,5582,7.5282738800432e-11,3.3242559909077e-06,1.0503324336437e-12,-1.1437049603314e-13
5583,0,0,5583,7.5397252985073e-11,3.3184513480243e-06,1.0506403619074e-12,-1.14514184641e-13
5584,0,0,5584,7.5511908768035e-11,3.3126449923283e-06,1.0509503809732e-12,-1.1465578296249e-13
5585,0,0,5585,7.5626704022726e-11,3.3068369120678e-06,1.0512625271488e-12,-1.1479525469029e-13
5586,0,0,5586,7.574163658584e-11,3.301027095288e-06,1.0515768371444e-12,-1.1493256311437e-13
5587,0,0,5587,7.5856704256958e-11,3.295215529829e-06,1.0518933480764e-12,-1.1506767111856e-13
5588,0,0,5588,7.5971904798136e-11,3.2894022033236e-06,1.0522120974708e-12,-1.1520054117712e-13
5589,0,0,5589,7.6087235933487e-11,3.2835871031951e-06,1.0525331232664e-12,-1.1533113535121e-13
5590,0,0,5590,7.6202695348772e-11,3.2777702166546e-06,1.052856463819e-12,-1.1545941528537e-13
5591,0,0,5591,7.6318280690976e-11,3.2719515306994e-06,1.0531821579044e-12,-1.1558534220408e-13
5592,0,0,5592,7.6433989567884e-11,3.2661310321098e-06,1.053510244722e-12,-1.1570887690814e-13
5593,0,0,5593,7.6549819547655e-11,3.2603087074473e-06,1.0538407638983e-12,-1.1582997977104e-13
5594,0,0,5594,7.6665768158391e-11,3.2544845430524e-06,1.0541737554909e-12,-1.1594861073562e-13
5595,0,0,5595,7.6781832887701e-11,3.2486585250413e-06,1.0545092599916e-12,-1.1606472931014e-13
5596,0,0,5596,7.6898011182266e-11,3.2428306393047e-06,1.0548473183303e-12,-1.1617829456488e-13
5597,0,0,5597,7.7014300447395e-11,3.2370008715043e-06,1.0551879718786e-12,-1.1628926512848e-13
5598,0,0,5598,7.7130698046579e-11,3.2311692070708e-06,1.0555312624536e-12,-1.1639759918416e-13
5599,0,0,5599,7.7247201301045e-11,3.2253356312017e-06,1.0558772323212e-12,-1.1650325446614e-13
5600,0,0,5600,7.7363807489301e-11,3.219500128858e-06,1.0562259242e-12,-1.1660618825592e-13
5601,0,0,5601,7.7480513846679e-11,3.2136626847626e-06,1.0565773812652e-12,-1.1670635737852e-13
5602,0,0,5602,7.7597317564878e-11,3.2078232833971e-06,1.0569316471523e-12,-1.168037181988e-13
5603,0,0,5603,7.7714215791496e-11,3.2019819089996e-06,1.0572887659604e-12,-1.1689822661765e-13
5604,0,0,5604,7.7831205629564e-11,3.1961385455617e-06,1.0576487822568e-12,-1.1698983806827e-13
5605,0,0,5605,7.7948284137076e-11,3.1902931768264e-06,1.0580117410797e-12,-1.1707850751229e-13
5606,0,0,5606,7.8065448326512e-11,3.1844457862853e-06,1.0583776879432e-12,-1.1716418943606e-13
5607,0,0,5607,7.8182695164359e-11,3.1785963571757e-06,1.0587466688403e-12,-1.172468378467e-13
5608,0,0,5608,7.8300021570627e-11,3.1727448724782e-06,1.0591187302469e-12,-1.1732640626839e-13
5609,0,0,5609,7.8417424418366e-11,3.166891314914e-06,1.0594939191263e-12,-1.1740284773839e-13
5610,0,0,5610,7.8534900533169e-11,3.161035666942e-06,1.0598722829318e-12,-1.1747611480316e-13
5611,0,0,5611,7.8652446692683e-11,3.1551779107563e-06,1.0602538696122e-12,-1.1754615951453e-13
5612,0,0,5612,7.8770059626109e-11,3.1493180282833e-06,1.0606387276141e-12,-1.1761293342569e-13
5613,0,0,5613,7.8887736013697e-11,3.1434560011789e-06,1.0610269058872e-12,-1.1767638758734e-13
5614,0,0,5614,7.900547248624e-11,3.1375918108259e-06,1.0614184538876e-12,-1.1773647254362e-13
5615,0,0,5615,7.9123265624568e-11,3.131725438331e-06,1.0618134215817e-12,-1.1779313832823e-13
5616,0,0,5616,7.9241111959029e-11,3.1258568645219e-06,1.0622118594505e-12,-1.1784633446038e-13
5617,0,0,5617,7.935900796897e-11,3.1199860699446e-06,1.0626138184936e-12,-1.1789600994085e-13
5618,0,0,5618,7.9476950082217e-11,3.1141130348604e-06,1.0630193502328e-12,-1.1794211324785e-13
5619,0,0,5619,7.959493467455e-11,3.1082377392432e-06,1.0634285067166e-12,-1.1798459233306e-13
5620,0,0,5620,7.9712958069168e-11,3.1023601627762e-06,1.0638413405242e-12,-1.1802339461757e-13
5621,0,0,5621,7.9831016536156e-11,3.0964802848493e-06,1.0642579047694e-12,-1.1805846698779e-13
5622,0,0,5622,7.9949106291947e-11,3.0905980845559e-06,1.0646782531048e-12,-1.1808975579129e-13
5623,0,0,5623,8.006722349878e-11,3.08471354069e-06,1.0651024397258e-12,-1.1811720683278e-13
5624,0,0,5624,8.018536426415e-11,3.0788266317432e-06,1.0655305193749e-12,-1.1814076536999e-13
5625,0,0,5625,8.0303524640259e-11,3.0729373359015e-06,1.0659625473461e-12,-1.1816037610941e-13
5626,0,0,5626,8.0421700623462e-11,3.0670456310425e-06,1.066398579488e-12,-1.1817598320232e-13
5627,0,0,5627,8.0539888153702e-11,3.0611514947319e-06,1.0668386722091e-12,-1.1818753024042e-13
5628,0,0,5628,8.0658083113954e-11,3.055254904221e-06,1.0672828824817e-12,-1.1819496025177e-13
5629,0,0,5629,8.077628132965e-11,3.0493558364428e-06,1.0677312678457e-12,-1.1819821569656e-13
5630,0,0,5630,8.0894478568113e-11,3.0434542680096e-06,1.0681838864132e-12,-1.181972384629e-13
5631,0,0,5631,8.1012670537976e-11,3.0375501752092e-06,1.0686407968727e-12,-1.181919698626e-13
5632,0,0,5632,8.1130852888603e-11,3.0316435340021e-06,1.0691020584931e-12,-1.1818235062681e-13
5633,0,0,5633,8.1249021209505e-11,3.0257343200179e-06,1.0695677311282e-12,-1.1816832090198e-13
5634,0,0,5634,8.136717102975e-11,3.0198225085526e-06,1.0700378752209e-12,-1.1814982024539e-13
5635,0,0,5635,8.1485297817371e-11,3.0139080745647e-06,1.0705125518077e-12,-1.1812678762097e-13
5636,0,0,5636,8.1603396978766e-11,3.0079909926723e-06,1.0709918225222e-12,-1.1809916139499e-13
5637,0,0,5637,8.1721463858098e-11,3.0020712371497e-06,1.0714757496005e-12,-1.180668793317e-13
5638,0,0,5638,8.1839493736687e-11,2.9961487819238e-06,1.0719643958847e-12,-1.180298785891e-13
5639,0,0,5639,8.1957481832401e-11,2.9902236005712e-06,1.0724578248279e-12,-1.1798809571451e-13
5640,0,0,5640,8.2075423299042e-11,2.9842956663143e-06,1.0729561004976e-12,-1.1794146664032e-13
5641,0,0,5641,8.2193313225721e-11,2.9783649520182e-06,1.0734592875814e-12,-1.1788992667953e-13
5642,0,0,5642,8.2311146636243e-11,2.9724314301874e-06,1.0739674513899e-12,-1.1783341052146e-13
5643,0,0,5643,8.242891848847e-11,2.9664950729616e-06,1.0744806578619e-12,-1.1777185222736e-13
5644,0,0,5644,8.2546623673696e-11,2.9605558521132e-06,1.0749989735693e-12,-1.1770518522605e-13
5645,0,0,5645,8.2664257016006e-11,2.9546137390429e-06,1.0755224657199e-12,-1.1763334230942e-13
5646,0,0,5646,8.2781813271634e-11,2.9486687047768e-06,1.0760512021634e-12,-1.1755625562815e-13
5647,0,0,5647,8.2899287128321e-11,2.9427207199624e-06,1.0765852513951e-12,-1.1747385668721e-13
5648,0,0,5648,8.3016673204662e-11,2.9367697548654e-06,1.0771246825603e-12,-1.1738607634149e-13
5649,0,0,5649,8.3133966049454e-11,2.9308157793657e-06,1.0776695654588e-12,-1.1729284479135e-13
5650,0,0,5650,8.3251160141032e-11,2.9248587629538e-06,1.0782199705493e-12,-1.1719409157818e-13
5651,0,0,5651,8.3368249886612e-11,2.9188986747275e-06,1.0787759689542e-12,-1.1708974557994e-13
5652,0,0,5652,8.3485229621619e-11,2.9129354833879e-06,1.0793376324636e-12,-1.1697973500676e-13
5653,0,0,5653,8.3602093609015e-11,2.9069691572358e-06,1.0799050335397e-12,-1.1686398739642e-13
5654,0,0,5654,8.3718836038625e-11,2.9009996641677e-06,1.0804782453218e-12,-1.1674242960995e-13
5655,0,0,5655,8.3835451027194e-11,2.8950269716766e-06,1.081202855965e-12,-1.1658238719042e-13
5656,0,0,5656,8.3951932616985e-11,2.8890510468439e-06,1.0817894089129e-12,-1.1644748943087e-13
5657,0,0,5657,8.4068274774345e-11,2.8830718563315e-06,1.0823820149297e-12,-1.16306539133e-13
5658,0,0,5658,8.4184471389731e-11,2.8770893663822e-06,1.08298075008e-12,-1.1615946023244e-13
5659,0,0,5659,8.4300516277011e-11,2.8711035428154e-06,1.0835856911286e-12,-1.1600617596443e-13
5660,0,0,5660,8.4416403172758e-11,2.8651143510237e-06,1.0841969155451e-12,-1.1584660885959e-13
5661,0,0,5661,8.4532125735548e-11,2.8591217559687e-06,1.0848145015087e-12,-1.1568068073915e-13
5662,0,0,5662,8.464767754524e-11,2.8531257221769e-06,1.0857529811283e-12,-1.1541968888084e-13
5663,0,0,5663,8.4763052102262e-11,2.8471262137363e-06,1.0865465203982e-12,-1.1519072367631e-13
5664,0,0,5664,8.4878242825938e-11,2.8411231942866e-06,1.0865465203982e-12,-1.1519072367631e-13
5665,0,0,5665,8.4993243054689e-11,2.8351166270205e-06,1.0871886751614e-12,-1.1500022875057e-13
5666,0,0,5666,8.5108046047256e-11,2.8291064746906e-06,1.0880006448673e-12,-1.1475283457361e-13
5667,0,0,5667,8.5222644980063e-11,2.8230926995946e-06,1.0886580821525e-12,-1.145470583235e-13
5668,0,0,5668,8.533703294547e-11,2.8170752635658e-06,1.0893224484729e-12,-1.1433435357101e-13
5669,0,0,5669,8.5451202952011e-11,2.8110541279744e-06,1.0899938278427e-12,-1.1411463630207e-13
5670,0,0,5670,8.5565147923645e-11,2.8050292537233e-06,1.0906723050256e-12,-1.1388782175306e-13
5671,0,0,5671,8.5678860699e-11,2.7990006012439e-06,1.0913579655395e-12,-1.1365382440637e-13
5672,0,0,5672,8.5792334030619e-11,2.7929681304922e-06,1.0920508956609e-12,-1.1341255798579e-13
5673,0,0,5673,8.5905560584197e-11,2.786931800944e-06,1.0927511824289e-12,-1.1316393545234e-13
5674,0,0,5674,8.6018532937814e-11,2.7808915715915e-06,1.09345891365e-12,-1.1290786899952e-13
5675,0,0,5675,8.6131243581165e-11,2.7748474009382e-06,1.0945346628094e-12,-1.1250961799435e-13
5676,0,0,5676,8.6243684914785e-11,2.7687992469953e-06,1.0952613943943e-12,-1.1223455251394e-13
5677,0,0,5677,8.635584924927e-11,2.7627470672768e-06,1.0956276637044e-12,-1.1209411645656e-13
5678,0,0,5678,8.6467728804492e-11,2.7566908187956e-06,1.0967382225292e-12,-1.1166105819185e-13
5679,0,0,5679,8.6579315708811e-11,2.7506304580592e-06,1.0971123640639e-12,-1.1151275044463e-13
5680,0,0,5680,8.669060199828e-11,2.7445659410648e-06,1.0978666494756e-12,-1.1121013300951e-13
5681,0,0,5681,8.6801579615854e-11,2.7384972232954e-06,1.0986290158448e-12,-1.1089943515216e-13
5682,0,0,5682,8.6912240410583e-11,2.7324242597152e-06,1.0993995572758e-12,-1.1058056276844e-13
5683,0,0,5683,8.7022576136807e-11,2.726347004765e-06,1.1001783686801e-12,-1.1025342094725e-13
5684,0,0,5684,8.7132578453349e-11,2.7202654123582e-06,1.1009655457797e-12,-1.0991791396642e-13
5685,0,0,5685,8.7242238922695e-11,2.7141794358755e-06,1.1017611851132e-12,-1.0957394528835e-13
5686,0,0,5686,8.7351549010184e-11,2.7080890281613e-06,1.1025653840373e-12,-1.0922141755557e-13
5687,0,0,5687,8.7460500083174e-11,2.7019941415184e-06,1.1033782407341e-12,-1.0886023258672e-13
5688,0,0,5688,8.7569083410225e-11,2.6958947277039e-06,1.1041998542133e-12,-1.0849029137213e-13
5689,0,0,5689,8.7677290160263e-11,2.6897907379242e-06,1.1050303243174e-12,-1.0811149406977e-13
5690,0,0,5690,8.7785111401741e-11,2.683682122831e-06,1.1062928561096e-12,-1.0752647248719e-13
5691,0,0,5691,8.7892538101808e-11,2.6775688325159e-06,1.1067182379558e-12,-1.0732692764607e-13
5692,0,0,5692,8.7999561125456e-11,2.6714508165063e-06,1.1075758853747e-12,-1.0692095464087e-13
5693,0,0,5693,8.8106171234679e-11,2.6653280237606e-06,1.108442797195e-12,-1.0650571777174e-13
5694,0,0,5694,8.8212359087615e-11,2.6592004026633e-06,1.1093190774839e-12,-1.0608111297224e-13
5695,0,0,5695,8.8318115237696e-11,2.6530679010204e-06,1.1102048311651e-12,-1.0564703531853e-13
5696,0,0,5696,8.8423430132783e-11,2.6469304660547e-06,1.1111001640235e-12,-1.0520337902575e-13
5697,0,0,5697,8.8528294114303e-11,2.640788044401e-06,1.1120051827098e-12,-1.0475003744382e-13
5698,0,0,5698,8.8632697416381e-11,2.6346405821011e-06,1.112919994743e-12,-1.0428690305351e-13
5699,0,0,5699,8.8736630164971e-11,2.6284880245994e-06,1.113844708516e-12,-1.0381386746255e-13
5700,0,0,5700,8.8840082376974e-11,2.6223303167376e-06,1.1147794332978e-12,-1.0333082140188e-13
5701,0,0,5701,8.8943043959364e-11,2.6161674027502e-06,1.1157242792385e-12,-1.0283765472155e-13
5702,0,0,5702,8.90455047083e-11,2.6099992262594e-06,1.1171607684537e-12,-1.0207868540853e-13
5703,0,0,5703,8.9147454308242e-11,2.6038257302702e-06,1.1176447796238e-12,-1.0182051447578e-13
5704,0,0,5704,8.9248882331058e-11,2.5976468571658e-06,1.1186206588063e-12,-1.0129631617284e-13
5705,0,0,5705,8.934977823513e-11,2.591462548702e-06,1.1196071086311e-12,-1.0076154776774e-13
5706,0,0,5706,8.9450131364453e-11,2.5852727460031e-06,1.1206042437082e-12,-1.0021609465076e-13
5707,0,0,5707,8.9549930947739e-11,2.579077389556e-06,1.1216121795505e-12,-9.9659841309163e-14
5708,0,0,5708,8.9649166097506e-11,2.5728764192061e-06,1.1226310325769e-12,-9.909267132386e-14
5709,0,0,5709,8.9747825809169e-11,2.5666697741514e-06,1.1236609201172e-12,-9.8514467365874e-14
5710,0,0,5710,8.9845898960131e-11,2.5604573929383e-06,1.1247019604136e-12,-9.7925111192865e-14
5711,0,0,5711,8.9943374308866e-11,2.5542392134558e-06,1.1257542726254e-12,-9.7324483645898e-14
5712,0,0,5712,9.0040240493999e-11,2.5480151729308e-06,1.1268179768316e-12,-9.6712464645904e-14
5713,0,0,5713,9.0136486033381e-11,2.5417852079233e-06,1.1278931940348e-12,-9.6088933190731e-14
5714,0,0,5714,9.023209932317e-11,2.5355492543204e-06,1.1295278736824e-12,-9.5131783181446e-14
5715,0,0,5715,9.0327068636896e-11,2.5293072473321e-06,1.1300786560768e-12,-9.4806844270596e-14
5716,0,0,5716,9.0421382124532e-11,2.5230591214857e-06,1.1311891475653e-12,-9.4148040156607e-14
5717,0,0,5717,9.051502781156e-11,2.5168048106205e-06,1.1323116453556e-12,-9.3477230283315e-14
5718,0,0,5718,9.0607993598029e-11,2.510544247883e-06,1.1334462751129e-12,-9.27942889857e-14
5719,0,0,5719,9.0700267257621e-11,2.5042773657215e-06,1.1345931634437e-12,-9.2099089657408e-14
5720,0,0,5720,9.0791836436699e-11,2.4980040958809e-06,1.1357524378991e-12,-9.1391504747863e-14
5721,0,0,5721,9.088268865337e-11,2.4917243693975e-06,1.1369242269764e-12,-9.0671405759571e-14
5722,0,0,5722,9.0972811296528e-11,2.4854381165935e-06,1.138108660123e-12,-8.9938663245616e-14
5723,0,0,5723,9.1062191624909e-11,2.4791452670723e-06,1.1393058677379e-12,-8.9193146806919e-14
5724,0,0,5724,9.1150816766131e-11,2.4728457497128e-06,1.1405159811753e-12,-8.8434725089914e-14
5725,0,0,5725,9.1238673715744e-11,2.466539492664e-06,1.1417391327458e-12,-8.7663265784012e-14
5726,0,0,5726,9.1325749336267e-11,2.4602264233404e-06,1.1435985983915e-12,-8.6481339555729e-14
5727,0,0,5727,9.1412030356228e-11,2.4539064684158e-06,1.1442250843264e-12,-8.6080700365303e-14
5728,0,0,5728,9.14975033692e-11,2.4475795538185e-06,1.1454881537635e-12,-8.5269324826536e-14
5729,0,0,5729,9.1582154832841e-11,2.441245604726e-06,1.1467648001898e-12,-8.4444372842944e-14
5730,0,0,5730,9.1665971067919e-11,2.4349045455593e-06,1.1480551607343e-12,-8.3605707286775e-14
5731,0,0,5731,9.174893825735e-11,2.4285562999781e-06,1.1493593734938e-12,-8.2753190060767e-14
5732,0,0,5732,9.1831042445224e-11,2.4222007908747e-06,1.1506775775367e-12,-8.1886682096834e-14
5733,0,0,5733,9.1912269535833e-11,2.4158379403694e-06,1.1520099129043e-12,-8.1006043354074e-14
5734,0,0,5734,9.1992605292697e-11,2.4094676698046e-06,1.1533565206116e-12,-8.0111132817425e-14
5735,0,0,5735,9.2072035337592e-11,2.4030898997394e-06,1.1547175426496e-12,-7.9201808496217e-14
5736,0,0,5736,9.2150545149567e-11,2.3967045499448e-06,1.1560931219861e-12,-7.8277927422956e-14
5737,0,0,5737,9.2228120063973e-11,2.3903115393974e-06,1.1574834025667e-12,-7.7339345652085e-14
5738,0,0,5738,9.2304745271479e-11,2.3839107862748e-06,1.1595967055617e-12,-7.5903591896979e-14
5739,0,0,5739,9.2380405817097e-11,2.3775022079496e-06,1.16030864814e-12,-7.5417499338639e-14
5740,0,0,5740,9.2455086599196e-11,2.3710857209845e-06,1.1617439059234e-12,-7.4433942005792e-14
5741,0,0,5741,9.2528772368525e-11,2.3646612411264e-06,1.1631944505339e-12,-7.343509839332e-14
5742,0,0,5742,9.2601447727229e-11,2.3582286833013e-06,1.1646604308207e-12,-7.2420819652009e-14
5743,0,0,5743,9.2673097127866e-11,2.3517879616086e-06,1.1661419966156e-12,-7.139095595032e-14
5744,0,0,5744,9.2743704872427e-11,2.3453389893161e-06,1.1676392987332e-12,-7.0345356473839e-14
5745,0,0,5745,9.281325511135e-11,2.338881678854e-06,1.1691524889711e-12,-6.9283869425359e-14
5746,0,0,5746,9.2881731842541e-11,2.3324159418099e-06,1.1706817201092e-12,-6.8206342024802e-14
5747,0,0,5747,9.2949118910386e-11,2.3259416889234e-06,1.1722271459108e-12,-6.7112620509323e-14
5748,0,0,5748,9.3015400004772e-11,2.3194588300801e-06,1.1737889211214e-12,-6.6002550133745e-14
5749,0,0,5749,9.3080558660106e-11,2.3129672743071e-06,1.1761625800004e-12,-6.4306449536463e-14
5750,0,0,5750,9.3144578254331e-11,2.3064669297666e-06,1.1769621436594e-12,-6.3732738912848e-14
5751,0,0,5751,9.3207442007945e-11,2.2999577037512e-06,1.1785739053843e-12,-6.257268367024e-14
5752,0,0,5752,9.3269132983025e-11,2.2934395026782e-06,1.1802026453116e-12,-6.1395650774894e-14
5753,0,0,5753,9.3329634082243e-11,2.2869122320841e-06,1.181848523088e-12,-6.0201480580049e-14
5754,0,0,5754,9.3388928048672e-11,2.2803757966239e-06,1.1835116982986e-12,-5.8990013501161e-14
5755,0,0,5755,9.3446997462732e-11,2.2738301000536e-06,1.1851923346213e-12,-5.7761085860279e-14
5756,0,0,5756,9.350382474277e-11,2.2672750452341e-06,1.1868905935906e-12,-5.6514536123299e-14
5757,0,0,5757,9.3559392144092e-11,2.2607105341253e-06,1.1886066387518e-12,-5.5250200744801e-14
5758,0,0,5758,9.361368175773e-11,2.2541364677796e-06,1.1903406346207e-12,-5.3967915209314e-14
5759,0,0,5759,9.3666675509475e-11,2.2475527463364e-06,1.1920927466808e-12,-5.2667514033592e-14
5760,0,0,5760,9.3718355158911e-11,2.240959269017e-06,1.193863141381e-12,-5.1348830769018e-14
5761,0,0,5761,9.3768702298451e-11,2.2343559341188e-06,1.1965533798564e-12,-4.9336160480865e-14
5762,0,0,5762,9.3817698352375e-11,2.2277426390106e-06,1.1974594493071e-12,-4.86559473684e-14
5763,0,0,5763,9.3865324577027e-11,2.2211192801332e-06,1.1995151607922e-12,-4.7108413144224e-14
5764,0,0,5764,9.3911562058722e-11,2.2144857529881e-06,1.2013627478606e-12,-4.5712539786708e-14
5765,0,0,5765,9.3956391711639e-11,2.2078419521257e-06,1.2032294856307e-12,-4.4297516279635e-14
5766,0,0,5766,9.3999794278018e-11,2.2011877711464e-06,1.2051155463978e-12,-4.2863170327693e-14
5767,0,0,5767,9.4041750327215e-11,2.1945231026956e-06,1.2070211033999e-12,-4.1409328693878e-14
5768,0,0,5768,9.4082240254761e-11,2.1878478384583e-06,1.2089463308109e-12,-3.9935817203782e-14
5769,0,0,5769,9.4121244281432e-11,2.1811618691539e-06,1.2108914037388e-12,-3.8442460749785e-14
5770,0,0,5770,9.4158742452313e-11,2.1744650845312e-06,1.2128564982192e-12,-3.6929083296013e-14
5771,0,0,5771,9.4194714635877e-11,2.1677573733633e-06,1.2148417912126e-12,-3.5395507883408e-14
5772,0,0,5772,9.4229140523063e-11,2.1610386234423e-06,1.2173520826837e-12,-3.3449864166151e-14
5773,0,0,5773,9.4261999626363e-11,2.1543087215745e-06,1.2193834740835e-12,-3.1870191592716e-14
5774,0,0,5774,9.429327127891e-11,2.1475675535753e-06,1.220920644597e-12,-3.0671810562843e-14
5775,0,0,5775,9.432293463358e-11,2.1408150042642e-06,1.2235087775306e-12,-2.8648327461153e-14
5776,0,0,5776,9.4350968662088e-11,2.1340509574596e-06,1.2250774913897e-12,-2.7418403916889e-14
5777,0,0,5777,9.4377352154107e-11,2.1272752959745e-06,1.227187742615e-12,-2.5759873596806e-14
5778,0,0,5778,9.4402063716374e-11,2.1204879016109e-06,1.2293194564469e-12,-2.4079881224974e-14
5779,0,0,5779,9.4425081771823e-11,2.1136886551554e-06,1.2314728170198e-12,-2.2378242667165e-14
5780,0,0,5780,9.4446384558709e-11,2.1068774363744e-06,1.2336480093341e-12,-2.0654772922934e-14
5781,0,0,5781,9.4465950129752e-11,2.1000541240091e-06,1.2358452192491e-12,-1.8909286133691e-14
5782,0,0,5782,9.4483756351278e-11,2.0932185957709e-06,1.2380646334738e-12,-1.7141595590347e-14
5783,0,0,5783,9.4499780902381e-11,2.0863707283368e-06,1.2408704118666e-12,-1.4900472580685e-14
5784,0,0,5784,9.451400127408e-11,2.0795103973448e-06,1.2425708258891e-12,-1.3538852205407e-14
5785,0,0,5785,9.4526394768496e-11,2.0726374773891e-06,1.2448579816711e-12,-1.1703421772353e-14
5786,0,0,5786,9.4536938498032e-11,2.0657518420159e-06,1.247168096928e-12,-9.8450324209979e-15
5787,0,0,5787,9.4545609384565e-11,2.0588533637186e-06,1.2495013624868e-12,-7.9634933246515e-15
5788,0,0,5788,9.455238415865e-11,2.0519419139336e-06,1.2524507915444e-12,-5.5787231277556e-15
5789,0,0,5789,9.4557239358727e-11,2.0450173630362e-06,1.2542381117779e-12,-4.1301986286505e-15
5790,0,0,5790,9.4560151330349e-11,2.0380795803355e-06,1.2566419810941e-12,-2.1780574457326e-15
5791,0,0,5791,9.4561096225413e-11,2.031128434071e-06,1.2590697718568e-12,-2.0199537378591e-16
5792,0,0,5792,9.4560050001408e-11,2.0241637914082e-06,1.261521678756e-12,1.7981822773299e-15
5793,0,0,5793,9.4556988420669e-11,2.0171855184342e-06,1.2639978972204e-12,3.8226709356002e-15
5794,0,0,5794,9.4551887049648e-11,2.0101934801538e-06,1.2671276573355e-12,6.3877680083478e-15
5795,0,0,5795,9.4544721258199e-11,2.003187540486e-06,1.2690240541725e-12,7.9453666015148e-15
5796,0,0,5796,9.4535466218868e-11,1.9961675622593e-06,1.2715743870941e-12,1.0043968041911e-14
5797,0,0,5797,9.4524096906209e-11,1.9891334072085e-06,1.2741498204195e-12,1.2167669328029e-14
5798,0,0,5798,9.4510588096099e-11,1.9820849359707e-06,1.2767505530733e-12,1.4316669383676e-14
5799,0,0,5799,9.4494914365082e-11,1.9750220080819e-06,1.2793767846367e-12,1.6491167790111e-14
5800,0,0,5800,9.4477050089717e-11,1.9679444819728e-06,1.2820287153338e-12,1.8691364770899e-14
5801,0,0,5801,9.4456969445946e-11,1.9608522149661e-06,1.284706546015e-12,2.0917461176349e-14
5802,0,0,5802,9.4434646408479e-11,1.9537450632725e-06,1.287410478142e-12,2.3169658468006e-14
5803,0,0,5803,9.4410054750189e-11,1.9466228819878e-06,1.2901407137712e-12,2.5448158702053e-14
5804,0,0,5804,9.4383168041533e-11,1.9394855250891e-06,1.2928974555371e-12,2.7753164512615e-14
5805,0,0,5805,9.435395964998e-11,1.9323328454325e-06,1.2963809666052e-12,3.0672004849061e-14
5806,0,0,5806,9.4322402739466e-11,1.9251646947492e-06,1.299198090935e-12,3.3037391962545e-14
5807,0,0,5807,9.4288470269857e-11,1.9179809236431e-06,1.3013287522983e-12,3.4829250046012e-14
5808,0,0,5808,9.4252134996442e-11,1.9107813815878e-06,1.3041935558954e-12,3.7242315445771e-14
5809,0,0,5809,9.4213369469436e-11,1.9035659169241e-06,1.3070858868463e-12,3.9682907638394e-14
5810,0,0,5810,9.4172146033506e-11,1.8963343768569e-06,1.3100059508723e-12,4.2151232344786e-14
5811,0,0,5811,9.4128436827318e-11,1.889086607453e-06,1.3129539541405e-12,4.4647495732011e-14
5812,0,0,5812,9.4082213783103e-11,1.8818224536389e-06,1.3159301032436e-12,4.7171904392563e-14
5813,0,0,5813,9.4033448626245e-11,1.874541759198e-06,1.3189346051783e-12,4.9724665322859e-14
5814,0,0,5814,9.3982112874893e-11,1.8672443667691e-06,1.3227304197287e-12,5.2955802827325e-14
5815,0,0,5815,9.392817783959e-11,1.8599301178436e-06,1.3250294974155e-12,5.4916073864783e-14
5816,0,0,5816,9.3871614622929e-11,1.8525988527643e-06,1.3281203035293e-12,5.7555137287491e-14
5817,0,0,5817,9.3812394119235e-11,1.8452504107233e-06,1.3320248761931e-12,6.0895030796041e-14
5818,0,0,5818,9.3750487014261e-11,1.8378846297603e-06,1.3343896776543e-12,6.2921024342139e-14
5819,0,0,5819,9.3685863784924e-11,1.8305013467611e-06,1.3375686632769e-12,6.5648265585e-14
5820,0,0,5820,9.361849469905e-11,1.8231003974566e-06,1.3407774600931e-12,6.8405317458383e-14
5821,0,0,5821,9.3548349815158e-11,1.8156816164211e-06,1.344016277489e-12,7.1192389347862e-14
5822,0,0,5822,9.3475398982265e-11,1.8082448370715e-06,1.3472853250345e-12,7.4009690823624e-14
5823,0,0,5823,9.3399611839715e-11,1.8007898916662e-06,1.3505848124574e-12,7.6857431612558e-14
5824,0,0,5824,9.3320957817045e-11,1.7933166113045e-06,1.3539149496128e-12,7.9735821570335e-14
5825,0,0,5825,9.3239406133871e-11,1.7858248259259e-06,1.3572759464572e-12,8.2645070652556e-14
5826,0,0,5826,9.3154925799806e-11,1.7783143643097e-06,1.3606680130164e-12,8.558538888524e-14
5827,0,0,5827,9.306748561441e-11,1.7707850540747e-06,1.3649521080263e-12,8.9304797692873e-14
5828,0,0,5828,9.2977054167169e-11,1.7632367216789e-06,1.3675461955543e-12,9.1560073075894e-14
5829,0,0,5829,9.2883599837504e-11,1.75566919242e-06,1.3710327316621e-12,9.4594859162671e-14
5830,0,0,5830,9.2787090794816e-11,1.7480822904352e-06,1.3745511776792e-12,9.7661554593367e-14
5831,0,0,5831,9.2687494998557e-11,1.7404758387016e-06,1.3781017435166e-12,1.0076036927907e-13
5832,0,0,5832,9.2584780198345e-11,1.7328496590374e-06,1.381684638964e-12,1.0389151300897e-13
5833,0,0,5833,9.24789139341e-11,1.7252035721018e-06,1.3853000736551e-12,1.0705519541674e-13
5834,0,0,5834,9.2369863536226e-11,1.7175373973969e-06,1.3889482570321e-12,1.1025162594441e-13
5835,0,0,5835,9.2257596125826e-11,1.709850953268e-06,1.3926293983098e-12,1.1348101380657e-13
5836,0,0,5836,9.2142078614948e-11,1.7021440569057e-06,1.3963437064389e-12,1.1674356795357e-13
5837,0,0,5837,9.2023277706878e-11,1.6944165243471e-06,1.4000913900679e-12,1.2003949703378e-13
5838,0,0,5838,9.1901159896463e-11,1.6866681704778e-06,1.4048232462094e-12,1.2420665919223e-13
5839,0,0,5839,9.1775691470473e-11,1.6788988090336e-06,1.4076877166777e-12,1.2673231284532e-13
5840,0,0,5840,9.1646838508015e-11,1.6711082526032e-06,1.411536775095e-12,1.3012961501276e-13
5841,0,0,5841,9.1514566880968e-11,1.6632963126303e-06,1.4163962249305e-12,1.3442436873778e-13
5842,0,0,5842,9.1378842254476e-11,1.6554627994164e-06,1.4193377173493e-12,1.3702704306466e-13
5843,0,0,5843,9.1239630087479e-11,1.6476075221238e-06,1.4232900137298e-12,1.4052758149227e-13
5844,0,0,5844,9.109689563328e-11,1.6397302887787e-06,1.4272771343557e-12,1.4406294359702e-13
5845,0,0,5845,9.0950603940165e-11,1.6318309062745e-06,1.4312992840029e-12,1.4763333415508e-13
5846,0,0,5846,9.0800719852065e-11,1.6239091803756e-06,1.4353566667693e-12,1.5123895726365e-13
5847,0,0,5847,9.0647208009264e-11,1.6159649157215e-06,1.4394494860266e-12,1.5488001629455e-13
5848,0,0,5848,9.0490032849152e-11,1.6079979158303e-06,1.4435779443745e-12,1.5855671384715e-13
5849,0,0,5849,9.0329158607032e-11,1.6000079831041e-06,1.4487889420959e-12,1.6320300977412e-13
5850,0,0,5850,9.0164549316963e-11,1.5919949188327e-06,1.4529983248219e-12,1.6696063042403e-13
5851,0,0,5851,8.999616881267e-11,1.5839585231993e-06,1.4561791673515e-12,1.6980265102287e-13
5852,0,0,5852,8.982398072849e-11,1.5758985952856e-06,1.4604521909011e-12,1.7362391149967e-13
5853,0,0,5853,8.9647948500378e-11,1.567814933077e-06,1.4647618532319e-12,1.7748181018767e-13
5854,0,0,5854,8.9468035366964e-11,1.559707333469e-06,1.469108351263e-12,1.8137654400589e-13
5855,0,0,5855,8.9284204370657e-11,1.5515755922729e-06,1.4734918807832e-12,1.8530830874308e-13
5856,0,0,5856,8.9096418358817e-11,1.5434195042221e-06,1.4779126363968e-12,1.8927729900283e-13
5857,0,0,5857,8.8904639984971e-11,1.5352388629796e-06,1.4823708114655e-12,1.932837081474e-13
5858,0,0,5858,8.870883171009e-11,1.5270334611442e-06,1.4868665980538e-12,1.9732772824043e-13
5859,0,0,5859,8.8508955803926e-11,1.5188030902583e-06,1.4925395128847e-12,2.0243593414923e-13
5860,0,0,5860,8.8304974346404e-11,1.5105475408155e-06,1.495971767201e-12,2.0552936268369e-13
5861,0,0,5861,8.8096849229075e-11,1.502266602269e-06,1.5005815268656e-12,2.096873541391e-13
5862,0,0,5862,8.7884542156634e-11,1.4939600630391e-06,1.5052296521389e-12,2.1388371063163e-13
5863,0,0,5863,8.7668014648494e-11,1.4856277105228e-06,1.509916327697e-12,2.181186168371e-13
5864,0,0,5864,8.7447228040426e-11,1.4772693311024e-06,1.5146417365519e-12,2.2239225576705e-13
5865,0,0,5865,8.7222143486268e-11,1.4688847101551e-06,1.5194060599859e-12,2.2670480870379e-13
5866,0,0,5866,8.699272195969e-11,1.4604736320627e-06,1.5242094774863e-12,2.3105645513447e-13
5867,0,0,5867,8.6758924256034e-11,1.4520358802216e-06,1.5290521666781e-12,2.3544737268396e-13
5868,0,0,5868,8.6520710994221e-11,1.4435712370536e-06,1.5351610214538e-12,2.4099151210111e-13
5869,0,0,5869,8.6278042618718e-11,1.4350794840168e-06,1.5400927112799e-12,2.4547142899536e-13
5870,0,0,5870,8.603087940159e-11,1.4265604016167e-06,1.5438176112735e-12,2.4885749891397e-13
5871,0,0,5871,8.5779181444613e-11,1.4180137694178e-06,1.5488191238169e-12,2.5340723752215e-13
5872,0,0,5872,8.5522908681461e-11,1.409439366056e-06,1.5538607658078e-12,2.5799710500392e-13
5873,0,0,5873,8.5262020879969e-11,1.4008369692512e-06,1.5589427022194e-12,2.6262726633278e-13
5874,0,0,5874,8.4996477644475e-11,1.3922063558196e-06,1.56406509566e-12,2.672978841161e-13
5875,0,0,5875,8.4726238418225e-11,1.3835473016876e-06,1.5692281062939e-12,2.7200911851865e-13
5876,0,0,5876,8.4451262485875e-11,1.3748595819053e-06,1.5744318917647e-12,2.7676112718368e-13
5877,0,0,5877,8.4171508976052e-11,1.366142970661e-06,1.5809941991627e-12,2.827587127659e-13
5878,0,0,5878,8.3886936864013e-11,1.3573972412954e-06,1.5849624047095e-12,2.8638808479228e-13
5879,0,0,5879,8.3597504974373e-11,1.348622166317e-06,1.5916276512394e-12,2.9248860806874e-13
5880,0,0,5880,8.3303171983919e-11,1.3398175174175e-06,1.5956578421724e-12,2.9617996461811e-13
5881,0,0,5881,8.3003896424513e-11,1.3309830654882e-06,1.6010677726148e-12,3.0113811537889e-13
5882,0,0,5882,8.2699636686076e-11,1.3221185806357e-06,1.6065193662755e-12,3.0613792878234e-13
5883,0,0,5883,8.2390351019655e-11,1.3132238321999e-06,1.6120127608544e-12,3.1117954252777e-13
5884,0,0,5884,8.207599754059e-11,1.3042985887704e-06,1.6175480908575e-12,3.1626309112141e-13
5885,0,0,5885,8.1756534231758e-11,1.2953426182055e-06,1.6231254875083e-12,3.2138870578638e-13
5886,0,0,5886,8.1431918946915e-11,1.2863556876495e-06,1.6287450786556e-12,3.2655651437129e-13
5887,0,0,5887,8.1102109414129e-11,1.2773375635529e-06,1.6344069886808e-12,3.3176664125733e-13
5888,0,0,5888,8.0767063239304e-11,1.2682880116909e-06,1.6415440708495e-12,3.3833899369071e-13
5889,0,0,5889,8.0426737909802e-11,1.2592067971838e-06,1.6458582449885e-12,3.4231432955558e-13
5890,0,0,5890,8.0081090798162e-11,1.2500936845177e-06,1.6516478218431e-12,3.4765212153937e-13
5891,0,0,5891,7.9730079165913e-11,1.2409484375651e-06,1.6574801785243e-12,3.530326927725e-13
5892,0,0,5892,7.9373660167492e-11,1.2317708196071e-06,1.663355420637e-12,3.5845614885909e-13
5893,0,0,5893,7.9011790854254e-11,1.2225605933552e-06,1.669273649732e-12,3.6392259135019e-13
5894,0,0,5894,7.8644428178594e-11,1.2133175209741e-06,1.676732034516e-12,3.7081624206595e-13
5895,0,0,5895,7.8271528998168e-11,1.2040413641051e-06,1.6812394541892e-12,3.7498482086452e-13
5896,0,0,5896,7.7893050080215e-11,1.1947318838899e-06,1.6872872114548e-12,3.8058078979107e-13
5897,0,0,5897,7.7508948105995e-11,1.1853888409953e-06,1.6949078792298e-12,3.8763672132826e-13
5898,0,0,5898,7.7119179675326e-11,1.1760119956382e-06,1.6995128574324e-12,3.919028573539e-13
5899,0,0,5899,7.6723701311234e-11,1.166601107611e-06,1.7056909008826e-12,3.9762911072781e-13
5900,0,0,5900,7.6322469464716e-11,1.1571559363083e-06,1.7119125198684e-12,4.0339893905827e-13
5901,0,0,5901,7.5915440519611e-11,1.1476762407537e-06,1.7181777796951e-12,4.0921240764984e-13
5902,0,0,5902,7.5502570797589e-11,1.1381617796271e-06,1.7260708157472e-12,4.1654070384248e-13
5903,0,0,5903,7.5083816563254e-11,1.1286123112934e-06,1.7308394578232e-12,4.2097050156801e-13
5904,0,0,5904,7.4659134029358e-11,1.1190275938309e-06,1.7372359811182e-12,4.2691523188801e-13
5905,0,0,5905,7.4228479362148e-11,1.1094073850609e-06,1.7452933048223e-12,4.3440781355698e-13
5906,0,0,5906,7.3791808686815e-11,1.099751442578e-06,1.7501606184636e-12,4.3893628154163e-13
5907,0,0,5907,7.3349078093076e-11,1.0900595237807e-06,1.7566888048488e-12,4.4501267320991e-13
5908,0,0,5908,7.2900243640877e-11,1.0803313859031e-06,1.7632609417679e-12,4.5113301483102e-13
5909,0,0,5909,7.2445261366219e-11,1.0705667860468e-06,1.7698770509547e-12,4.5729732813872e-13
5910,0,0,5910,7.1984087287107e-11,1.0607654812144e-06,1.7782090468288e-12,4.6506457834617e-13
5911,0,0,5911,7.1516677409632e-11,1.0509272283423e-06,1.7832412429424e-12,4.6975792662352e-13
5912,0,0,5912,7.1042987734178e-11,1.0410517843354e-06,1.7899893387006e-12,4.7605422475768e-13
5913,0,0,5913,7.0562974261763e-11,1.0311389061023e-06,1.7984863295018e-12,4.8398646771009e-13
5914,0,0,5914,7.0076593000504e-11,1.0211883505907e-06,1.8036175144261e-12,4.8877880348868e-13
5915,0,0,5915,6.9583799972228e-11,1.011199874824e-06,1.8104975686239e-12,4.9520705831575e-13
5916,0,0,5916,6.9084551219203e-11,1.0011732359386e-06,1.8174215719732e-12,5.0167926171161e-13
5917,0,0,5917,6.857880281102e-11,9.911081912218e-07,1.8261383333906e-12,5.0983127236761e-13
5918,0,0,5918,6.80665108516e-11,9.8100449815068e-07,1.831401299351e-12,5.1475538743384e-13
5919,0,0,5919,6.7547631486351e-11,9.7086191443143e-07,1.8384569421898e-12,5.2135922857004e-13
5920,0,0,5920,6.7022120909455e-11,9.6068019803972e-07,1.8473380637398e-12,5.2967559717156e-13
5921,0,0,5921,6.6489935371311e-11,9.5045910726183e-07,1.8526995283083e-12,5.3469820953292e-13
5922,0,0,5922,6.5951031186106e-11,9.4019840073646e-07,1.8598863458912e-12,5.4143322366227e-13
5923,0,0,5923,6.5405364739545e-11,9.2989783749741e-07,1.8671167498245e-12,5.4821182355792e-13
5924,0,0,5924,6.4852892496717e-11,9.1955717701709e-07,1.8762159217946e-12,5.5674623965947e-13
5925,0,0,5925,6.4293571010116e-11,9.0917617925081e-07,1.8817079791893e-12,5.6189944309459e-13
5926,0,0,5926,6.372735692781e-11,8.9875460468189e-07,1.8890686155085e-12,5.6880827362283e-13
5927,0,0,5927,6.3154207001757e-11,8.8829221436765e-07,1.8983301585565e-12,5.7750505860959e-13
5928,0,0,5928,6.2574078096279e-11,8.7778876998618e-07,1.9039193960476e-12,5.8275544082511e-13
5929,0,0,5929,6.1986927196684e-11,8.6724403388404e-07,1.9114093004399e-12,5.8979353767114e-13
5930,0,0,5930,6.1392711418046e-11,8.5665776912469e-07,1.9208319010626e-12,5.9865137803768e-13
5931,0,0,5931,6.0791388014145e-11,8.4602973953792e-07,1.9265174718478e-12,6.0399809222989e-13
5932,0,0,5932,6.0182914386554e-11,8.3535970977009e-07,1.9341354455347e-12,6.1116425661344e-13
5933,0,0,5933,5.9567248093896e-11,8.246474453352e-07,1.9437174912408e-12,6.2018153986627e-13
5934,0,0,5934,5.8944346861255e-11,8.1389271266695e-07,1.949498365948e-12,6.2562355666173e-13
5935,0,0,5935,5.8314168589751e-11,8.0309527917161e-07,1.9572429629874e-12,6.3291634263882e-13
5936,0,0,5936,5.7676671366277e-11,7.9225491328178e-07,1.9669825262755e-12,6.4209114127424e-13
5937,0,0,5937,5.7031813473396e-11,7.8137138451118e-07,1.9728574832712e-12,6.4762723903793e-13
5938,0,0,5938,5.6379553399413e-11,7.7044446351016e-07,1.9807269975445e-12,6.5504494048834e-13
5939,0,0,5939,5.5719849848603e-11,7.594739221223e-07,1.9906218194951e-12,6.6437499558433e-13
5940,0,0,5940,5.505266175161e-11,7.4845953344185e-07,1.9965894349646e-12,6.7000375050037e-13
5941,0,0,5941,5.4377948276019e-11,7.374010718721e-07,2.0045818868661e-12,6.7754438781641e-13
5942,0,0,5942,5.3695668837089e-11,7.2629831318471e-07,2.0126148288429e-12,6.8512551461971e-13
5943,0,0,5943,5.3005783108664e-11,7.1515103457999e-07,2.0206879981825e-12,6.9274686819783e-13
5944,0,0,5944,5.2308251034252e-11,7.0395901474812e-07,2.0308356113075e-12,7.0232971079356e-13
5945,0,0,5945,5.160303283828e-11,6.9272203393128e-07,2.0369539122065e-12,7.0810914893346e-13
5946,0,0,5946,5.0890089037513e-11,6.8143987398682e-07,2.0451460750511e-12,7.1584949425096e-13
5947,0,0,5947,5.0169380452665e-11,6.7011231845132e-07,2.0533773012308e-12,7.2362890231454e-13
5948,0,0,5948,4.9440868220164e-11,6.5873915260568e-07,2.0616472705721e-12,7.3144705295057e-13
5949,0,0,5949,4.8704513804113e-11,6.4732016354112e-07,2.0720387075881e-12,7.4127371575615e-13
5950,0,0,5950,4.7960279008414e-11,6.3585514022622e-07,2.0783020977779e-12,7.4719824097761e-13
5951,0,0,5951,4.7208125989074e-11,6.2434387357489e-07,2.0887881428339e-12,7.5711951034893e-13
5952,0,0,5952,4.6448017266693e-11,6.1278615651536e-07,2.095107751723e-12,7.6310025338482e-13
5953,0,0,5953,4.5679915739126e-11,6.0118178406015e-07,2.1056865501051e-12,7.731142746071e-13
5954,0,0,5954,4.4903784694327e-11,5.8953055337701e-07,2.1120612266267e-12,7.7915008438996e-13
5955,0,0,5955,4.411958782337e-11,5.7783226386089e-07,2.1205924013032e-12,7.872294362314e-13
5956,0,0,5956,4.3327289233659e-11,5.6608671720686e-07,2.1291593101304e-12,7.9534452163285e-13
5957,0,0,5957,4.2526853462307e-11,5.5429371748413e-07,2.1399175336732e-12,8.0553796506231e-13
5958,0,0,5958,4.1718245489704e-11,5.4245307121092e-07,2.146398577522e-12,8.116801403997e-13
5959,0,0,5959,4.0901430753268e-11,5.3056458743047e-07,2.1572432051912e-12,8.2195998647727e-13
5960,0,0,5960,4.0076375161373e-11,5.1862807778799e-07,2.163775385934e-12,8.2815329782144e-13
5961,0,0,5961,3.9243045107459e-11,5.066433566086e-07,2.1747040275697e-12,8.3851715638621e-13
5962,0,0,5962,3.8401407484332e-11,4.9461024097636e-07,2.1812858685234e-12,8.4476012705329e-13
5963,0,0,5963,3.7551429698635e-11,4.825285508142e-07,2.1900899665678e-12,8.5311239753084e-13
5964,0,0,5964,3.6693079685512e-11,4.7039810896496e-07,2.2011398339136e-12,8.6359747958478e-13
5965,0,0,5965,3.5826325923447e-11,4.5821874127333e-07,2.2077932057956e-12,8.6991197984724e-13
5966,0,0,5966,3.4951137449286e-11,4.4599027666889e-07,2.2189204783476e-12,8.8047446562553e-13
5967,0,0,5967,3.4067483873445e-11,4.3371254725011e-07,2.2278561288925e-12,8.8895828608436e-13
5968,0,0,5968,3.3175335395298e-11,4.2138538836937e-07,2.234577210837e-12,8.9534049507493e-13
5969,0,0,5969,3.2274662818739e-11,4.0900863871894e-07,2.2458150931701e-12,9.0601358840965e-13
5970,0,0,5970,3.1365437567938e-11,3.9658214041803e-07,2.2548371623644e-12,9.1458382573746e-13
5971,0,0,5971,3.0447631703265e-11,3.8410573910076e-07,2.2616218200946e-12,9.2102960917791e-13
5972,0,0,5972,2.9521217937399e-11,3.7157928400517e-07,2.2706916418024e-12,9.2964759797967e-13
5973,0,0,5973,2.8586169651619e-11,3.5900262806321e-07,2.2820659140806e-12,9.404570782898e-13
5974,0,0,5974,2.7642460912261e-11,3.463756279917e-07,2.2911940829874e-12,9.491334129532e-13
5975,0,0,5975,2.6690066487371e-11,3.3369814438428e-07,2.3003470380125e-12,9.5783453314024e-13
5976,0,0,5976,2.5728961863513e-11,3.2097004180433e-07,2.3072275822042e-12,9.64376200813e-13
5977,0,0,5977,2.4759123262769e-11,3.0819118887884e-07,2.3187243728532e-12,9.7530819651988e-13
5978,0,0,5978,2.3780527659901e-11,2.9536145839327e-07,2.3256394540315e-12,9.8188440028646e-13
5979,0,0,5979,2.2793152799695e-11,2.8248072738734e-07,2.3371918794179e-12,9.9287202924231e-13
5980,0,0,5980,2.1796977214468e-11,2.6954887725178e-07,2.3464574836753e-12,1.001685795685e-12
5981,0,0,5981,2.079198024175e-11,2.5656579382601e-07,2.3557432393901e-12,1.0105197129893e-12
5982,0,0,5982,1.977814204213e-11,2.4353136749672e-07,2.3650483122699e-12,1.0193729468623e-12
5983,0,0,5983,1.8755443617272e-11,2.3044549329743e-07,2.3743718499049e-12,1.0282446448943e-12
5984,0,0,5984,1.772386682809e-11,2.1730807100891e-07,2.3813760975443e-12,1.03491001244e-12
5985,0,0,5985,1.6683394413092e-11,2.0411900526052e-07,2.3930708182408e-12,1.0460399322343e-12
5986,0,0,5986,1.5634010006881e-11,1.9087820563238e-07,2.4024444520799e-12,1.0549617246801e-12
5987,0,0,5987,1.4575698158811e-11,1.7758558675851e-07,2.4118329566352e-12,1.0638983872449e-12
5988,0,0,5988,1.3508444351804e-11,1.6424106843077e-07,2.4212353865082e-12,1.0728489745301e-12
5989,0,0,5989,1.2432235021318e-11,1.5084457570364e-07,2.4306507772376e-12,1.0818125220742e-12
5990,0,0,5990,1.1347057574465e-11,1.3739603899983e-07,2.4400781451508e-12,1.0907880462043e-12
5991,0,0,5991,1.0252900409277e-11,1.2389539421679e-07,2.4495164872173e-12,1.0997745438896e-12
5992,0,0,5992,9.1497529341193e-12,1.1034258283388e-07,2.4589647809053e-12,1.1087709925983e-12
5993,0,0,5993,8.0376055872436e-12,9.6737552020472e-08,2.468421984042e-12,1.1177763501574e-12
5994,0,0,5994,6.916449856481e-12,8.308025474469e-08,2.4778870346762e-12,1.1267895546153e-12
5995,0,0,5995,5.7862782990704e-12,6.9370649883003e-08,2.4873588509448e-12,1.1358095241088e-12
5996,0,0,5996,4.6470845616202e-12,5.5608702330491e-08,2.4968363309425e-12,1.1448351567325e-12
5997,0,0,5997,3.4988634001972e-12,4.1794383111838e-08,2.5063183525958e-12,1.1538653304125e-12
5998,0,0,5998,2.3416107005421e-12,2.792766949302e-08,2.5158037735397e-12,1.1628989027838e-12
5999,0,0,5999,1.1753234984053e-12,1.4008545093652e-08,2.522919371321e-12,1.1696756137421e-12
6000,0,0,6000,0,3.7e-11,2.5324079307539e-12,1.178712323553e-12
