x,y,z,id,cv,ci,jvx,jix,D,jx,jy,mat_therm_cond
0,128,0,0,0.0021900308147727,4.5659375334374e-06,-1.8943801899631e-10,3.9490409009939e-10,15,0.038585611827607,9.7699626167014e-15,1
0.05,128,0,0.05,0.0021900385125862,4.5659214865907e-06,-1.8943801899631e-10,3.9490409009939e-10,14.998070719409,0.038585611827607,9.7699626167014e-15,1
0.1,128,0,0.1,0.0021900462103997,4.5659054397439e-06,-1.8943801899631e-10,3.9490409009939e-10,14.996141438817,0.038585611827607,9.7699626167014e-15,1
0.15,128,0,0.15,0.0021900539082132,4.5658893928972e-06,-1.8943801899631e-10,3.9490409009939e-10,14.994212158226,0.038585611827607,9.7699626167014e-15,1
0.2,128,0,0.2,0.0021900616060268,4.5658733460504e-06,-1.8943801899631e-10,3.9490409009939e-10,14.992282877634,0.038585611827607,9.7699626167014e-15,1
0.25,128,0,0.25,0.0021900693038403,4.5658572992036e-06,-1.8943801899631e-10,3.9490409009939e-10,14.990353597043,0.038585611827607,9.7699626167014e-15,1
0.3,128,0,0.3,0.0021900770016538,4.5658412523569e-06,-1.8943801899631e-10,3.9490409009939e-10,14.988424316452,0.038585611827607,9.7699626167014e-15,1
0.35,128,0,0.35,0.0021900846994673,4.5658252055101e-06,-1.8943801899631e-10,3.9490409009939e-10,14.98649503586,0.038585611827607,9.7699626167014e-15,1
0.4,128,0,0.4,0.0021900923972809,4.5658091586634e-06,-1.8943801899631e-10,3.9490409009939e-10,14.984565755269,0.038585611827607,9.7699626167014e-15,1
0.45,128,0,0.45,0.0021901000950944,4.5657931118166e-06,-1.8943801899631e-10,3.9490409009939e-10,14.982636474678,0.038585611827607,9.7699626167014e-15,1
0.5,128,0,0.5,0.0021901077929079,4.5657770649698e-06,-1.8943801899631e-10,3.9490409009939e-10,14.980707194086,0.038585611827607,9.7699626167014e-15,1
0.55,128,0,0.55,0.0021901154907215,4.5657610181231e-06,-1.8943801899631e-10,3.9490409009939e-10,14.978777913495,0.038585611827607,9.7699626167014e-15,1
0.6,128,0,0.6,0.002190123188535,4.5657449712763e-06,-1.8943801899631e-10,3.9490409009939e-10,14.976848632903,0.038585611827607,9.7699626167014e-15,1
0.65,128,0,0.65,0.0021901308863485,4.5657289244296e-06,-1.8943801899631e-10,3.9490409009939e-10,14.974919352312,0.038585611827607,9.7699626167014e-15,1
0.7,128,0,0.7,0.002190138584162,4.5657128775828e-06,-1.8943801899631e-10,3.9490409009939e-10,14.972990071721,0.038585611827607,9.7699626167014e-15,1
0.75,128,0,0.75,0.0021901462819756,4.565696830736e-06,-1.8943801899631e-10,3.9490409009939e-10,14.971060791129,0.038585611827607,9.7699626167014e-15,1
0.8,128,0,0.8,0.0021901539797891,4.5656807838893e-06,-1.8943801899631e-10,3.9490409009939e-10,14.969131510538,0.038585611827607,9.7699626167014e-15,1
0.85,128,0,0.85,0.0021901616776026,4.5656647370425e-06,-1.8943801899631e-10,3.9490409009939e-10,14.967202229947,0.038585611827607,9.7699626167014e-15,1
0.9,128,0,0.9,0.0021901693754161,4.5656486901958e-06,-1.8943801899631e-10,3.9490409009939e-10,14.965272949355,0.038585611827607,9.7699626167014e-15,1
0.95,128,0,0.95,0.0021901770732297,4.565632643349e-06,-1.8943801899631e-10,3.9490409009939e-10,14.963343668764,0.038585611827607,9.7699626167014e-15,1
1,128,0,1,0.0021901847710432,4.5656165965022e-06,-1.8943801899631e-10,3.9490409009939e-10,14.961414388172,0.038585611827607,9.7699626167014e-15,1
1.05,128,0,1.05,0.0021901814243641,4.5656235726519e-06,1.2773187130739e-10,-2.6626536998679e-10,14.959485107581,0.038585611827476,2.2648549702353e-14,1
1.1,128,0,1.1,0.002190178077685,4.5656305488016e-06,1.2773187130739e-10,-2.6626536998679e-10,14.95755582699,0.038585611827476,2.2648549702353e-14,1
1.15,128,0,1.15,0.0021901747310058,4.5656375249512e-06,1.2773187130739e-10,-2.6626536998679e-10,14.955626546398,0.038585611827476,2.2648549702353e-14,1
1.2,128,0,1.2,0.0021901713843267,4.5656445011009e-06,1.2773187130739e-10,-2.6626536998679e-10,14.953697265807,0.038585611827476,2.2648549702353e-14,1
1.25,128,0,1.25,0.0021901680376476,4.5656514772505e-06,1.2773187130739e-10,-2.6626536998679e-10,14.951767985216,0.038585611827476,2.2648549702353e-14,1
1.3,128,0,1.3,0.0021901646909685,4.5656584534002e-06,1.2773187130739e-10,-2.6626536998679e-10,14.949838704624,0.038585611827476,2.2648549702353e-14,1
1.35,128,0,1.35,0.0021901613442894,4.5656654295499e-06,1.2773187130739e-10,-2.6626536998679e-10,14.947909424033,0.038585611827476,2.2648549702353e-14,1
1.4,128,0,1.4,0.0021901579976102,4.5656724056995e-06,1.2773187130739e-10,-2.6626536998679e-10,14.945980143441,0.038585611827476,2.2648549702353e-14,1
1.45,128,0,1.45,0.0021901546509311,4.5656793818492e-06,1.2773187130739e-10,-2.6626536998679e-10,14.94405086285,0.038585611827476,2.2648549702353e-14,1
1.5,128,0,1.5,0.002190151304252,4.5656863579988e-06,1.2773187130739e-10,-2.6626536998679e-10,14.942121582259,0.038585611827476,2.2648549702353e-14,1
1.55,128,0,1.55,0.0021901479575729,4.5656933341485e-06,1.2773187130739e-10,-2.6626536998679e-10,14.940192301667,0.038585611827476,2.2648549702353e-14,1
1.6,128,0,1.6,0.0021901446108938,4.5657003102982e-06,1.2773187130739e-10,-2.6626536998679e-10,14.938263021076,0.038585611827476,2.2648549702353e-14,1
1.65,128,0,1.65,0.0021901412642146,4.5657072864478e-06,1.2773187130739e-10,-2.6626536998679e-10,14.936333740485,0.038585611827476,2.2648549702353e-14,1
1.7,128,0,1.7,0.0021901379175355,4.5657142625975e-06,1.2773187130739e-10,-2.6626536998679e-10,14.934404459893,0.038585611827476,2.2648549702353e-14,1
1.75,128,0,1.75,0.0021901345708564,4.5657212387471e-06,1.2773187130739e-10,-2.6626536998679e-10,14.932475179302,0.038585611827476,2.2648549702353e-14,1
1.8,128,0,1.8,0.0021901312241773,4.5657282148968e-06,1.2773187130739e-10,-2.6626536998679e-10,14.93054589871,0.038585611827476,2.2648549702353e-14,1
1.85,128,0,1.85,0.0021901278774981,4.5657351910465e-06,1.2773187130739e-10,-2.6626536998679e-10,14.928616618119,0.038585611827476,2.2648549702353e-14,1
1.9,128,0,1.9,0.002190124530819,4.5657421671961e-06,1.2773187130739e-10,-2.6626536998679e-10,14.926687337528,0.038585611827476,2.2648549702353e-14,1
1.95,128,0,1.95,0.0021901211841399,4.5657491433458e-06,1.2773187130739e-10,-2.6626536998679e-10,14.924758056936,0.038585611827476,2.2648549702353e-14,1
2,128,0,2,0.0021901178374608,4.5657561194954e-06,1.2773187130739e-10,-2.6626536998679e-10,14.922828776345,0.038585611827476,2.2648549702353e-14,1
2.05,128,0,2.05,0.0021901193862,4.5657528912845e-06,-4.4913878286483e-11,9.3624813316549e-11,14.920899495754,0.038585611827564,2.4313884239291e-14,1
2.1,128,0,2.1,0.0021901209349392,4.5657496630736e-06,-4.4913878286483e-11,9.3624813316549e-11,14.918970215162,0.038585611827564,2.4313884239291e-14,1
2.15,128,0,2.15,0.0021901224836785,4.5657464348627e-06,-4.4913878286483e-11,9.3624813316549e-11,14.917040934571,0.038585611827564,2.4313884239291e-14,1
2.2,128,0,2.2,0.0021901240324177,4.5657432066517e-06,-4.4913878286483e-11,9.3624813316549e-11,14.915111653979,0.038585611827564,2.4313884239291e-14,1
2.25,128,0,2.25,0.0021901255811569,4.5657399784408e-06,-4.4913878286483e-11,9.3624813316549e-11,14.913182373388,0.038585611827564,2.4313884239291e-14,1
2.3,128,0,2.3,0.0021901271298961,4.5657367502299e-06,-4.4913878286483e-11,9.3624813316549e-11,14.911253092797,0.038585611827564,2.4313884239291e-14,1
2.35,128,0,2.35,0.0021901286786354,4.565733522019e-06,-4.4913878286483e-11,9.3624813316549e-11,14.909323812205,0.038585611827564,2.4313884239291e-14,1
2.4,128,0,2.4,0.0021901302273746,4.565730293808e-06,-4.4913878286483e-11,9.3624813316549e-11,14.907394531614,0.038585611827564,2.4313884239291e-14,1
2.45,128,0,2.45,0.0021901317761138,4.5657270655971e-06,-4.4913878286483e-11,9.3624813316549e-11,14.905465251022,0.038585611827564,2.4313884239291e-14,1
2.5,128,0,2.5,0.002190133324853,4.5657238373862e-06,-4.4913878286483e-11,9.3624813316549e-11,14.903535970431,0.038585611827564,2.4313884239291e-14,1
2.55,128,0,2.55,0.0021901348735923,4.5657206091752e-06,-4.4913878286483e-11,9.3624813316549e-11,14.90160668984,0.038585611827564,2.4313884239291e-14,1
2.6,128,0,2.6,0.0021901364223315,4.5657173809643e-06,-4.4913878286483e-11,9.3624813316549e-11,14.899677409248,0.038585611827564,2.4313884239291e-14,1
2.65,128,0,2.65,0.0021901379710707,4.5657141527534e-06,-4.4913878286483e-11,9.3624813316549e-11,14.897748128657,0.038585611827564,2.4313884239291e-14,1
2.7,128,0,2.7,0.0021901395198099,4.5657109245425e-06,-4.4913878286483e-11,9.3624813316549e-11,14.895818848066,0.038585611827564,2.4313884239291e-14,1
2.75,128,0,2.75,0.0021901410685492,4.5657076963315e-06,-4.4913878286483e-11,9.3624813316549e-11,14.893889567474,0.038585611827564,2.4313884239291e-14,1
2.8,128,0,2.8,0.0021901426172884,4.5657044681206e-06,-4.4913878286483e-11,9.3624813316549e-11,14.891960286883,0.038585611827564,2.4313884239291e-14,1
2.85,128,0,2.85,0.0021901441660276,4.5657012399097e-06,-4.4913878286483e-11,9.3624813316549e-11,14.890031006291,0.038585611827564,2.4313884239291e-14,1
2.9,128,0,2.9,0.0021901457147668,4.5656980116988e-06,-4.4913878286483e-11,9.3624813316549e-11,14.8881017257,0.038585611827564,2.4313884239291e-14,1
2.95,128,0,2.95,0.0021901472635061,4.5656947834878e-06,-4.4913878286483e-11,9.3624813316549e-11,14.886172445109,0.038585611827564,2.4313884239291e-14,1
3,128,0,3,0.0021901488122453,4.5656915552769e-06,-4.4913878286483e-11,9.3624813316549e-11,14.884243164517,0.038585611827564,2.4313884239291e-14,1
3.05,128,0,3.05,0.002190147780806,4.5656937053163e-06,-1.5909573717769e-11,3.3166131301784e-11,14.882313883926,0.03858561182758,-2.2204460492503e-16,1
3.1,128,0,3.1,0.0021901467493668,4.5656958553557e-06,-1.5909573717769e-11,3.3166131301784e-11,14.880384603335,0.03858561182758,-2.2204460492503e-16,1
3.15,128,0,3.15,0.0021901457179275,4.565698005395e-06,-1.5909573717769e-11,3.3166131301784e-11,14.878455322743,0.03858561182758,-2.2204460492503e-16,1
3.2,128,0,3.2,0.0021901446864882,4.5657001554344e-06,-1.5909573717769e-11,3.3166131301784e-11,14.876526042152,0.03858561182758,-2.2204460492503e-16,1
3.25,128,0,3.25,0.002190143655049,4.5657023054738e-06,-1.5909573717769e-11,3.3166131301784e-11,14.87459676156,0.03858561182758,-2.2204460492503e-16,1
3.3,128,0,3.3,0.0021901426236097,4.5657044555132e-06,-1.5909573717769e-11,3.3166131301784e-11,14.872667480969,0.03858561182758,-2.2204460492503e-16,1
3.35,128,0,3.35,0.0021901415921704,4.5657066055525e-06,-1.5909573717769e-11,3.3166131301784e-11,14.870738200378,0.03858561182758,-2.2204460492503e-16,1
3.4,128,0,3.4,0.0021901405607312,4.5657087555919e-06,-1.5909573717769e-11,3.3166131301784e-11,14.868808919786,0.03858561182758,-2.2204460492503e-16,1
3.45,128,0,3.45,0.0021901395292919,4.5657109056313e-06,-1.5909573717769e-11,3.3166131301784e-11,14.866879639195,0.03858561182758,-2.2204460492503e-16,1
3.5,128,0,3.5,0.0021901384978526,4.5657130556707e-06,-1.5909573717769e-11,3.3166131301784e-11,14.864950358604,0.03858561182758,-2.2204460492503e-16,1
3.55,128,0,3.55,0.0021901374664134,4.56571520571e-06,-1.5909573717769e-11,3.3166131301784e-11,14.863021078012,0.03858561182758,-2.2204460492503e-16,1
3.6,128,0,3.6,0.0021901364349741,4.5657173557494e-06,-1.5909573717769e-11,3.3166131301784e-11,14.861091797421,0.03858561182758,-2.2204460492503e-16,1
3.65,128,0,3.65,0.0021901354035348,4.5657195057888e-06,-1.5909573717769e-11,3.3166131301784e-11,14.859162516829,0.03858561182758,-2.2204460492503e-16,1
3.7,128,0,3.7,0.0021901343720956,4.5657216558282e-06,-1.5909573717769e-11,3.3166131301784e-11,14.857233236238,0.03858561182758,-2.2204460492503e-16,1
3.75,128,0,3.75,0.0021901333406563,4.5657238058675e-06,-1.5909573717769e-11,3.3166131301784e-11,14.855303955647,0.03858561182758,-2.2204460492503e-16,1
3.8,128,0,3.8,0.002190132309217,4.5657259559069e-06,-1.5909573717769e-11,3.3166131301784e-11,14.853374675055,0.03858561182758,-2.2204460492503e-16,1
3.85,128,0,3.85,0.0021901312777777,4.5657281059463e-06,-1.5909573717769e-11,3.3166131301784e-11,14.851445394464,0.03858561182758,-2.2204460492503e-16,1
3.9,128,0,3.9,0.0021901302463385,4.5657302559857e-06,-1.5909573717769e-11,3.3166131301784e-11,14.849516113873,0.03858561182758,-2.2204460492503e-16,1
3.95,128,0,3.95,0.0021901292148992,4.565732406025e-06,-1.5909573717769e-11,3.3166131301784e-11,14.847586833281,0.03858561182758,-2.2204460492503e-16,1
4,128,0,4,0.0021901281834599,4.5657345560644e-06,-1.5909573717769e-11,3.3166131301784e-11,14.84565755269,0.03858561182758,-2.2204460492503e-16,1
4.05,128,0,4.05,0.0021901279097188,4.5657351266321e-06,3.5165098911764e-11,-7.3304230165792e-11,14.843728272098,0.038585611827554,-2.5757174171304e-14,1
4.1,128,0,4.1,0.0021901276359776,4.5657356971997e-06,3.5165098911764e-11,-7.3304230165792e-11,14.841798991507,0.038585611827554,-2.5757174171304e-14,1
4.15,128,0,4.15,0.0021901273622365,4.5657362677674e-06,3.5165098911764e-11,-7.3304230165792e-11,14.839869710916,0.038585611827554,-2.5757174171304e-14,1
4.2,128,0,4.2,0.0021901270884953,4.5657368383351e-06,3.5165098911764e-11,-7.3304230165792e-11,14.837940430324,0.038585611827554,-2.5757174171304e-14,1
4.25,128,0,4.25,0.0021901268147542,4.5657374089027e-06,3.5165098911764e-11,-7.3304230165792e-11,14.836011149733,0.038585611827554,-2.5757174171304e-14,1
4.3,128,0,4.3,0.002190126541013,4.5657379794704e-06,3.5165098911764e-11,-7.3304230165792e-11,14.834081869142,0.038585611827554,-2.5757174171304e-14,1
4.35,128,0,4.35,0.0021901262672719,4.5657385500381e-06,3.5165098911764e-11,-7.3304230165792e-11,14.83215258855,0.038585611827554,-2.5757174171304e-14,1
4.4,128,0,4.4,0.0021901259935307,4.5657391206057e-06,3.5165098911764e-11,-7.3304230165792e-11,14.830223307959,0.038585611827554,-2.5757174171304e-14,1
4.45,128,0,4.45,0.0021901257197896,4.5657396911734e-06,3.5165098911764e-11,-7.3304230165792e-11,14.828294027367,0.038585611827554,-2.5757174171304e-14,1
4.5,128,0,4.5,0.0021901254460484,4.5657402617411e-06,3.5165098911764e-11,-7.3304230165792e-11,14.826364746776,0.038585611827554,-2.5757174171304e-14,1
4.55,128,0,4.55,0.0021901251723072,4.5657408323087e-06,3.5165098911764e-11,-7.3304230165792e-11,14.824435466185,0.038585611827554,-2.5757174171304e-14,1
4.6,128,0,4.6,0.0021901248985661,4.5657414028764e-06,3.5165098911764e-11,-7.3304230165792e-11,14.822506185593,0.038585611827554,-2.5757174171304e-14,1
4.65,128,0,4.65,0.0021901246248249,4.5657419734441e-06,3.5165098911764e-11,-7.3304230165792e-11,14.820576905002,0.038585611827554,-2.5757174171304e-14,1
4.7,128,0,4.7,0.0021901243510838,4.5657425440117e-06,3.5165098911764e-11,-7.3304230165792e-11,14.81864762441,0.038585611827554,-2.5757174171304e-14,1
4.75,128,0,4.75,0.0021901240773426,4.5657431145794e-06,3.5165098911764e-11,-7.3304230165792e-11,14.816718343819,0.038585611827554,-2.5757174171304e-14,1
4.8,128,0,4.8,0.0021901238036015,4.5657436851471e-06,3.5165098911764e-11,-7.3304230165792e-11,14.814789063228,0.038585611827554,-2.5757174171304e-14,1
4.85,128,0,4.85,0.0021901235298603,4.5657442557147e-06,3.5165098911764e-11,-7.3304230165792e-11,14.812859782636,0.038585611827554,-2.5757174171304e-14,1
4.9,128,0,4.9,0.0021901232561192,4.5657448262824e-06,3.5165098911764e-11,-7.3304230165792e-11,14.810930502045,0.038585611827554,-2.5757174171304e-14,1
4.95,128,0,4.95,0.002190122982378,4.5657453968501e-06,3.5165098911764e-11,-7.3304230165792e-11,14.809001221454,0.038585611827554,-2.5757174171304e-14,1
5,128,0,5,0.0021901227086369,4.5657459674177e-06,3.5165098911764e-11,-7.3304230165792e-11,14.807071940862,0.038585611827554,-2.5757174171304e-14,1
5.05,128,0,5.05,0.0021901243686731,4.565742507059e-06,-3.6613104637667e-11,7.632225059881e-11,14.805142660271,0.038585611827596,-3.4749980670767e-14,1
5.1,128,0,5.1,0.0021901260287093,4.5657390467003e-06,-3.6613104637667e-11,7.632225059881e-11,14.803213379679,0.038585611827596,-3.4749980670767e-14,1
5.15,128,0,5.15,0.0021901276887455,4.5657355863416e-06,-3.6613104637667e-11,7.632225059881e-11,14.801284099088,0.038585611827596,-3.4749980670767e-14,1
5.2,128,0,5.2,0.0021901293487817,4.5657321259829e-06,-3.6613104637667e-11,7.632225059881e-11,14.799354818497,0.038585611827596,-3.4749980670767e-14,1
5.25,128,0,5.25,0.002190131008818,4.5657286656243e-06,-3.6613104637667e-11,7.632225059881e-11,14.797425537905,0.038585611827596,-3.4749980670767e-14,1
5.3,128,0,5.3,0.0021901326688542,4.5657252052656e-06,-3.6613104637667e-11,7.632225059881e-11,14.795496257314,0.038585611827596,-3.4749980670767e-14,1
5.35,128,0,5.35,0.0021901343288904,4.5657217449069e-06,-3.6613104637667e-11,7.632225059881e-11,14.793566976723,0.038585611827596,-3.4749980670767e-14,1
5.4,128,0,5.4,0.0021901359889266,4.5657182845482e-06,-3.6613104637667e-11,7.632225059881e-11,14.791637696131,0.038585611827596,-3.4749980670767e-14,1
5.45,128,0,5.45,0.0021901376489628,4.5657148241895e-06,-3.6613104637667e-11,7.632225059881e-11,14.78970841554,0.038585611827596,-3.4749980670767e-14,1
5.5,128,0,5.5,0.0021901393089991,4.5657113638308e-06,-3.6613104637667e-11,7.632225059881e-11,14.787779134948,0.038585611827596,-3.4749980670767e-14,1
5.55,128,0,5.55,0.0021901409690353,4.5657079034721e-06,-3.6613104637667e-11,7.632225059881e-11,14.785849854357,0.038585611827596,-3.4749980670767e-14,1
5.6,128,0,5.6,0.0021901426290715,4.5657044431134e-06,-3.6613104637667e-11,7.632225059881e-11,14.783920573766,0.038585611827596,-3.4749980670767e-14,1
5.65,128,0,5.65,0.0021901442891077,4.5657009827547e-06,-3.6613104637667e-11,7.632225059881e-11,14.781991293174,0.038585611827596,-3.4749980670767e-14,1
5.7,128,0,5.7,0.0021901459491439,4.565697522396e-06,-3.6613104637667e-11,7.632225059881e-11,14.780062012583,0.038585611827596,-3.4749980670767e-14,1
5.75,128,0,5.75,0.0021901476091801,4.5656940620373e-06,-3.6613104637667e-11,7.632225059881e-11,14.778132731992,0.038585611827596,-3.4749980670767e-14,1
5.8,128,0,5.8,0.0021901492692164,4.5656906016786e-06,-3.6613104637667e-11,7.632225059881e-11,14.7762034514,0.038585611827596,-3.4749980670767e-14,1
5.85,128,0,5.85,0.0021901509292526,4.5656871413199e-06,-3.6613104637667e-11,7.632225059881e-11,14.774274170809,0.038585611827596,-3.4749980670767e-14,1
5.9,128,0,5.9,0.0021901525892888,4.5656836809612e-06,-3.6613104637667e-11,7.632225059881e-11,14.772344890217,0.038585611827596,-3.4749980670767e-14,1
5.95,128,0,5.95,0.002190154249325,4.5656802206025e-06,-3.6613104637667e-11,7.632225059881e-11,14.770415609626,0.038585611827596,-3.4749980670767e-14,1
6,128,0,6,0.0021901559093612,4.5656767602438e-06,-3.6613104637667e-11,7.632225059881e-11,14.768486329035,0.038585611827596,-3.4749980670767e-14,1
6.05,128,0,6.05,0.0021901548142375,4.5656790429898e-06,4.3506861474314e-11,-9.0693401041006e-11,14.766557048443,0.038585611827546,-2.6645352591004e-15,1
6.1,128,0,6.1,0.0021901537191138,4.5656813257359e-06,4.3506861474314e-11,-9.0693401041006e-11,14.764627767852,0.038585611827546,-2.6645352591004e-15,1
6.15,128,0,6.15,0.0021901526239901,4.5656836084819e-06,4.3506861474314e-11,-9.0693401041006e-11,14.762698487261,0.038585611827546,-2.6645352591004e-15,1
6.2,128,0,6.2,0.0021901515288664,4.5656858912279e-06,4.3506861474314e-11,-9.0693401041006e-11,14.760769206669,0.038585611827546,-2.6645352591004e-15,1
6.25,128,0,6.25,0.0021901504337427,4.5656881739739e-06,4.3506861474314e-11,-9.0693401041006e-11,14.758839926078,0.038585611827546,-2.6645352591004e-15,1
6.3,128,0,6.3,0.002190149338619,4.56569045672e-06,4.3506861474314e-11,-9.0693401041006e-11,14.756910645486,0.038585611827546,-2.6645352591004e-15,1
6.35,128,0,6.35,0.0021901482434953,4.565692739466e-06,4.3506861474314e-11,-9.0693401041006e-11,14.754981364895,0.038585611827546,-2.6645352591004e-15,1
6.4,128,0,6.4,0.0021901471483716,4.565695022212e-06,4.3506861474314e-11,-9.0693401041006e-11,14.753052084304,0.038585611827546,-2.6645352591004e-15,1
6.45,128,0,6.45,0.0021901460532479,4.5656973049581e-06,4.3506861474314e-11,-9.0693401041006e-11,14.751122803712,0.038585611827546,-2.6645352591004e-15,1
6.5,128,0,6.5,0.0021901449581242,4.5656995877041e-06,4.3506861474314e-11,-9.0693401041006e-11,14.749193523121,0.038585611827546,-2.6645352591004e-15,1
6.55,128,0,6.55,0.0021901438630005,4.5657018704501e-06,4.3506861474314e-11,-9.0693401041006e-11,14.747264242529,0.038585611827546,-2.6645352591004e-15,1
6.6,128,0,6.6,0.0021901427678767,4.5657041531961e-06,4.3506861474314e-11,-9.0693401041006e-11,14.745334961938,0.038585611827546,-2.6645352591004e-15,1
6.65,128,0,6.65,0.002190141672753,4.5657064359422e-06,4.3506861474314e-11,-9.0693401041006e-11,14.743405681347,0.038585611827546,-2.6645352591004e-15,1
6.7,128,0,6.7,0.0021901405776293,4.5657087186882e-06,4.3506861474314e-11,-9.0693401041006e-11,14.741476400755,0.038585611827546,-2.6645352591004e-15,1
6.75,128,0,6.75,0.0021901394825056,4.5657110014342e-06,4.3506861474314e-11,-9.0693401041006e-11,14.739547120164,0.038585611827546,-2.6645352591004e-15,1
6.8,128,0,6.8,0.0021901383873819,4.5657132841802e-06,4.3506861474314e-11,-9.0693401041006e-11,14.737617839573,0.038585611827546,-2.6645352591004e-15,1
6.85,128,0,6.85,0.0021901372922582,4.5657155669263e-06,4.3506861474314e-11,-9.0693401041006e-11,14.735688558981,0.038585611827546,-2.6645352591004e-15,1
6.9,128,0,6.9,0.0021901361971345,4.5657178496723e-06,4.3506861474314e-11,-9.0693401041006e-11,14.73375927839,0.038585611827546,-2.6645352591004e-15,1
6.95,128,0,6.95,0.0021901351020108,4.5657201324183e-06,4.3506861474314e-11,-9.0693401041006e-11,14.731829997798,0.038585611827546,-2.6645352591004e-15,1
7,128,0,7,0.0021901340068871,4.5657224151643e-06,4.3506861474314e-11,-9.0693401041006e-11,14.729900717207,0.038585611827546,-2.6645352591004e-15,1
7.05,128,0,7.05,0.0021901338900905,4.565722658729e-06,-5.0386602702923e-11,1.0503534763255e-10,14.727971436616,0.038585611827599,2.6201263381154e-14,1
7.1,128,0,7.1,0.0021901337732939,4.5657229022936e-06,-5.0386602702923e-11,1.0503534763255e-10,14.726042156024,0.038585611827599,2.6201263381154e-14,1
7.15,128,0,7.15,0.0021901336564974,4.5657231458582e-06,-5.0386602702923e-11,1.0503534763255e-10,14.724112875433,0.038585611827599,2.6201263381154e-14,1
7.2,128,0,7.2,0.0021901335397008,4.5657233894228e-06,-5.0386602702923e-11,1.0503534763255e-10,14.722183594842,0.038585611827599,2.6201263381154e-14,1
7.25,128,0,7.25,0.0021901334229042,4.5657236329874e-06,-5.0386602702923e-11,1.0503534763255e-10,14.72025431425,0.038585611827599,2.6201263381154e-14,1
7.3,128,0,7.3,0.0021901333061077,4.565723876552e-06,-5.0386602702923e-11,1.0503534763255e-10,14.718325033659,0.038585611827599,2.6201263381154e-14,1
7.35,128,0,7.35,0.0021901331893111,4.5657241201166e-06,-5.0386602702923e-11,1.0503534763255e-10,14.716395753067,0.038585611827599,2.6201263381154e-14,1
7.4,128,0,7.4,0.0021901330725145,4.5657243636813e-06,-5.0386602702923e-11,1.0503534763255e-10,14.714466472476,0.038585611827599,2.6201263381154e-14,1
7.45,128,0,7.45,0.002190132955718,4.5657246072459e-06,-5.0386602702923e-11,1.0503534763255e-10,14.712537191885,0.038585611827599,2.6201263381154e-14,1
7.5,128,0,7.5,0.0021901328389214,4.5657248508105e-06,-5.0386602702923e-11,1.0503534763255e-10,14.710607911293,0.038585611827599,2.6201263381154e-14,1
7.55,128,0,7.55,0.0021901327221248,4.5657250943751e-06,-5.0386602702923e-11,1.0503534763255e-10,14.708678630702,0.038585611827599,2.6201263381154e-14,1
7.6,128,0,7.6,0.0021901326053283,4.5657253379397e-06,-5.0386602702923e-11,1.0503534763255e-10,14.706749350111,0.038585611827599,2.6201263381154e-14,1
7.65,128,0,7.65,0.0021901324885317,4.5657255815043e-06,-5.0386602702923e-11,1.0503534763255e-10,14.704820069519,0.038585611827599,2.6201263381154e-14,1
7.7,128,0,7.7,0.0021901323717351,4.565725825069e-06,-5.0386602702923e-11,1.0503534763255e-10,14.702890788928,0.038585611827599,2.6201263381154e-14,1
7.75,128,0,7.75,0.0021901322549385,4.5657260686336e-06,-5.0386602702923e-11,1.0503534763255e-10,14.700961508336,0.038585611827599,2.6201263381154e-14,1
7.8,128,0,7.8,0.002190132138142,4.5657263121982e-06,-5.0386602702923e-11,1.0503534763255e-10,14.699032227745,0.038585611827599,2.6201263381154e-14,1
7.85,128,0,7.85,0.0021901320213454,4.5657265557628e-06,-5.0386602702923e-11,1.0503534763255e-10,14.697102947154,0.038585611827599,2.6201263381154e-14,1
7.9,128,0,7.9,0.0021901319045488,4.5657267993274e-06,-5.0386602702923e-11,1.0503534763255e-10,14.695173666562,0.038585611827599,2.6201263381154e-14,1
7.95,128,0,7.95,0.0021901317877523,4.565727042892e-06,-5.0386602702923e-11,1.0503534763255e-10,14.693244385971,0.038585611827599,2.6201263381154e-14,1
8,128,0,8,0.0021901316709557,4.5657272864567e-06,-5.0386602702923e-11,1.0503534763255e-10,14.691315105379,0.038585611827599,2.6201263381154e-14,1
8.05,128,0,8.05,0.0021901311443548,4.5657283841155e-06,4.7107431245332e-11,-9.8199437570801e-11,14.689385824788,0.038585611827557,3.5527136788005e-14,1
8.1,128,0,8.1,0.0021901306177539,4.5657294817743e-06,4.7107431245332e-11,-9.8199437570801e-11,14.687456544197,0.038585611827557,3.5527136788005e-14,1
8.15,128,0,8.15,0.0021901300911531,4.5657305794331e-06,4.7107431245332e-11,-9.8199437570801e-11,14.685527263605,0.038585611827557,3.5527136788005e-14,1
8.2,128,0,8.2,0.0021901295645522,4.5657316770919e-06,4.7107431245332e-11,-9.8199437570801e-11,14.683597983014,0.038585611827557,3.5527136788005e-14,1
8.25,128,0,8.25,0.0021901290379513,4.5657327747507e-06,4.7107431245332e-11,-9.8199437570801e-11,14.681668702423,0.038585611827557,3.5527136788005e-14,1
8.3,128,0,8.3,0.0021901285113505,4.5657338724095e-06,4.7107431245332e-11,-9.8199437570801e-11,14.679739421831,0.038585611827557,3.5527136788005e-14,1
8.35,128,0,8.35,0.0021901279847496,4.5657349700683e-06,4.7107431245332e-11,-9.8199437570801e-11,14.67781014124,0.038585611827557,3.5527136788005e-14,1
8.4,128,0,8.4,0.0021901274581487,4.5657360677271e-06,4.7107431245332e-11,-9.8199437570801e-11,14.675880860648,0.038585611827557,3.5527136788005e-14,1
8.45,128,0,8.45,0.0021901269315478,4.5657371653859e-06,4.7107431245332e-11,-9.8199437570801e-11,14.673951580057,0.038585611827557,3.5527136788005e-14,1
8.5,128,0,8.5,0.002190126404947,4.5657382630447e-06,4.7107431245332e-11,-9.8199437570801e-11,14.672022299466,0.038585611827557,3.5527136788005e-14,1
8.55,128,0,8.55,0.0021901258783461,4.5657393607035e-06,4.7107431245332e-11,-9.8199437570801e-11,14.670093018874,0.038585611827557,3.5527136788005e-14,1
8.6,128,0,8.6,0.0021901253517452,4.5657404583623e-06,4.7107431245332e-11,-9.8199437570801e-11,14.668163738283,0.038585611827557,3.5527136788005e-14,1
8.65,128,0,8.65,0.0021901248251443,4.5657415560211e-06,4.7107431245332e-11,-9.8199437570801e-11,14.666234457692,0.038585611827557,3.5527136788005e-14,1
8.7,128,0,8.7,0.0021901242985435,4.5657426536799e-06,4.7107431245332e-11,-9.8199437570801e-11,14.6643051771,0.038585611827557,3.5527136788005e-14,1
8.75,128,0,8.75,0.0021901237719426,4.5657437513387e-06,4.7107431245332e-11,-9.8199437570801e-11,14.662375896509,0.038585611827557,3.5527136788005e-14,1
8.8,128,0,8.8,0.0021901232453417,4.5657448489975e-06,4.7107431245332e-11,-9.8199437570801e-11,14.660446615917,0.038585611827557,3.5527136788005e-14,1
8.85,128,0,8.85,0.0021901227187408,4.5657459466563e-06,4.7107431245332e-11,-9.8199437570801e-11,14.658517335326,0.038585611827557,3.5527136788005e-14,1
8.9,128,0,8.9,0.00219012219214,4.5657470443151e-06,4.7107431245332e-11,-9.8199437570801e-11,14.656588054735,0.038585611827557,3.5527136788005e-14,1
8.95,128,0,8.95,0.0021901216655391,4.5657481419739e-06,4.7107431245332e-11,-9.8199437570801e-11,14.654658774143,0.038585611827557,3.5527136788005e-14,1
9,128,0,9,0.0021901211389382,4.5657492396327e-06,4.7107431245332e-11,-9.8199437570801e-11,14.652729493552,0.038585611827557,3.5527136788005e-14,1
9.05,128,0,9.05,0.002190122987989,4.5657453852551e-06,-4.1749864657857e-11,8.7030639551773e-11,14.650800212961,0.038585611827558,2.6867397195929e-14,1
9.1,128,0,9.1,0.0021901248370397,4.5657415308776e-06,-4.1749864657857e-11,8.7030639551773e-11,14.648870932369,0.038585611827558,2.6867397195929e-14,1
9.15,128,0,9.15,0.0021901266860904,4.5657376765e-06,-4.1749864657857e-11,8.7030639551773e-11,14.646941651778,0.038585611827558,2.6867397195929e-14,1
9.2,128,0,9.2,0.0021901285351412,4.5657338221224e-06,-4.1749864657857e-11,8.7030639551773e-11,14.645012371186,0.038585611827558,2.6867397195929e-14,1
9.25,128,0,9.25,0.0021901303841919,4.5657299677449e-06,-4.1749864657857e-11,8.7030639551773e-11,14.643083090595,0.038585611827558,2.6867397195929e-14,1
9.3,128,0,9.3,0.0021901322332427,4.5657261133673e-06,-4.1749864657857e-11,8.7030639551773e-11,14.641153810004,0.038585611827558,2.6867397195929e-14,1
9.35,128,0,9.35,0.0021901340822934,4.5657222589898e-06,-4.1749864657857e-11,8.7030639551773e-11,14.639224529412,0.038585611827558,2.6867397195929e-14,1
9.4,128,0,9.4,0.0021901359313442,4.5657184046122e-06,-4.1749864657857e-11,8.7030639551773e-11,14.637295248821,0.038585611827558,2.6867397195929e-14,1
9.45,128,0,9.45,0.0021901377803949,4.5657145502347e-06,-4.1749864657857e-11,8.7030639551773e-11,14.63536596823,0.038585611827558,2.6867397195929e-14,1
9.5,128,0,9.5,0.0021901396294456,4.5657106958571e-06,-4.1749864657857e-11,8.7030639551773e-11,14.633436687638,0.038585611827558,2.6867397195929e-14,1
9.55,128,0,9.55,0.0021901414784964,4.5657068414796e-06,-4.1749864657857e-11,8.7030639551773e-11,14.631507407047,0.038585611827558,2.6867397195929e-14,1
9.6,128,0,9.6,0.0021901433275471,4.565702987102e-06,-4.1749864657857e-11,8.7030639551773e-11,14.629578126455,0.038585611827558,2.6867397195929e-14,1
9.65,128,0,9.65,0.0021901451765979,4.5656991327244e-06,-4.1749864657857e-11,8.7030639551773e-11,14.627648845864,0.038585611827558,2.6867397195929e-14,1
9.7,128,0,9.7,0.0021901470256486,4.5656952783469e-06,-4.1749864657857e-11,8.7030639551773e-11,14.625719565273,0.038585611827558,2.6867397195929e-14,1
9.75,128,0,9.75,0.0021901488746994,4.5656914239693e-06,-4.1749864657857e-11,8.7030639551773e-11,14.623790284681,0.038585611827558,2.6867397195929e-14,1
9.8,128,0,9.8,0.0021901507237501,4.5656875695918e-06,-4.1749864657857e-11,8.7030639551773e-11,14.62186100409,0.038585611827558,2.6867397195929e-14,1
9.85,128,0,9.85,0.0021901525728009,4.5656837152142e-06,-4.1749864657857e-11,8.7030639551773e-11,14.619931723498,0.038585611827558,2.6867397195929e-14,1
9.9,128,0,9.9,0.0021901544218516,4.5656798608367e-06,-4.1749864657857e-11,8.7030639551773e-11,14.618002442907,0.038585611827558,2.6867397195929e-14,1
9.95,128,0,9.95,0.0021901562709023,4.5656760064591e-06,-4.1749864657857e-11,8.7030639551773e-11,14.616073162316,0.038585611827558,2.6867397195929e-14,1
10,128,0,10,0.0021901581199531,4.5656721520815e-06,-4.1749864657857e-11,8.7030639551773e-11,14.614143881724,0.038585611827558,2.6867397195929e-14,1
10.05,128,0,10.05,0.0021901568490615,4.5656748012323e-06,4.5418007213048e-11,-9.467739546017e-11,14.612214601133,0.038585611827573,-1.3877787807814e-14,1
10.1,128,0,10.1,0.0021901555781699,4.565677450383e-06,4.5418007213048e-11,-9.467739546017e-11,14.610285320542,0.038585611827573,-1.3877787807814e-14,1
10.15,128,0,10.15,0.0021901543072783,4.5656800995337e-06,4.5418007213048e-11,-9.467739546017e-11,14.60835603995,0.038585611827573,-1.3877787807814e-14,1
10.2,128,0,10.2,0.0021901530363867,4.5656827486844e-06,4.5418007213048e-11,-9.467739546017e-11,14.606426759359,0.038585611827573,-1.3877787807814e-14,1
10.25,128,0,10.25,0.0021901517654951,4.5656853978351e-06,4.5418007213048e-11,-9.467739546017e-11,14.604497478767,0.038585611827573,-1.3877787807814e-14,1
10.3,128,0,10.3,0.0021901504946035,4.5656880469858e-06,4.5418007213048e-11,-9.467739546017e-11,14.602568198176,0.038585611827573,-1.3877787807814e-14,1
10.35,128,0,10.35,0.0021901492237119,4.5656906961366e-06,4.5418007213048e-11,-9.467739546017e-11,14.600638917585,0.038585611827573,-1.3877787807814e-14,1
10.4,128,0,10.4,0.0021901479528203,4.5656933452873e-06,4.5418007213048e-11,-9.467739546017e-11,14.598709636993,0.038585611827573,-1.3877787807814e-14,1
10.45,128,0,10.45,0.0021901466819287,4.565695994438e-06,4.5418007213048e-11,-9.467739546017e-11,14.596780356402,0.038585611827573,-1.3877787807814e-14,1
10.5,128,0,10.5,0.0021901454110371,4.5656986435887e-06,4.5418007213048e-11,-9.467739546017e-11,14.594851075811,0.038585611827573,-1.3877787807814e-14,1
10.55,128,0,10.55,0.0021901441401456,4.5657012927394e-06,4.5418007213048e-11,-9.467739546017e-11,14.592921795219,0.038585611827573,-1.3877787807814e-14,1
10.6,128,0,10.6,0.002190142869254,4.5657039418901e-06,4.5418007213048e-11,-9.467739546017e-11,14.590992514628,0.038585611827573,-1.3877787807814e-14,1
10.65,128,0,10.65,0.0021901415983624,4.5657065910408e-06,4.5418007213048e-11,-9.467739546017e-11,14.589063234036,0.038585611827573,-1.3877787807814e-14,1
10.7,128,0,10.7,0.0021901403274708,4.5657092401916e-06,4.5418007213048e-11,-9.467739546017e-11,14.587133953445,0.038585611827573,-1.3877787807814e-14,1
10.75,128,0,10.75,0.0021901390565792,4.5657118893423e-06,4.5418007213048e-11,-9.467739546017e-11,14.585204672854,0.038585611827573,-1.3877787807814e-14,1
10.8,128,0,10.8,0.0021901377856876,4.565714538493e-06,4.5418007213048e-11,-9.467739546017e-11,14.583275392262,0.038585611827573,-1.3877787807814e-14,1
10.85,128,0,10.85,0.002190136514796,4.5657171876437e-06,4.5418007213048e-11,-9.467739546017e-11,14.581346111671,0.038585611827573,-1.3877787807814e-14,1
10.9,128,0,10.9,0.0021901352439044,4.5657198367944e-06,4.5418007213048e-11,-9.467739546017e-11,14.57941683108,0.038585611827573,-1.3877787807814e-14,1
10.95,128,0,10.95,0.0021901339730128,4.5657224859451e-06,4.5418007213048e-11,-9.467739546017e-11,14.577487550488,0.038585611827573,-1.3877787807814e-14,1
11,128,0,11,0.0021901327021212,4.5657251350959e-06,4.5418007213048e-11,-9.467739546017e-11,14.575558269897,0.038585611827573,-1.3877787807814e-14,1
11.05,128,0,11.05,0.0021901326571097,4.5657252290152e-06,-5.0530376921609e-11,1.0533506335275e-10,14.573628989305,0.038585611827546,2.2204460492503e-16,1
11.1,128,0,11.1,0.0021901326120982,4.5657253229345e-06,-5.0530376921609e-11,1.0533506335275e-10,14.571699708714,0.038585611827546,2.2204460492503e-16,1
11.15,128,0,11.15,0.0021901325670867,4.5657254168539e-06,-5.0530376921609e-11,1.0533506335275e-10,14.569770428123,0.038585611827546,2.2204460492503e-16,1
11.2,128,0,11.2,0.0021901325220752,4.5657255107732e-06,-5.0530376921609e-11,1.0533506335275e-10,14.567841147531,0.038585611827546,2.2204460492503e-16,1
11.25,128,0,11.25,0.0021901324770637,4.5657256046925e-06,-5.0530376921609e-11,1.0533506335275e-10,14.56591186694,0.038585611827546,2.2204460492503e-16,1
11.3,128,0,11.3,0.0021901324320522,4.5657256986119e-06,-5.0530376921609e-11,1.0533506335275e-10,14.563982586349,0.038585611827546,2.2204460492503e-16,1
11.35,128,0,11.35,0.0021901323870407,4.5657257925312e-06,-5.0530376921609e-11,1.0533506335275e-10,14.562053305757,0.038585611827546,2.2204460492503e-16,1
11.4,128,0,11.4,0.0021901323420292,4.5657258864505e-06,-5.0530376921609e-11,1.0533506335275e-10,14.560124025166,0.038585611827546,2.2204460492503e-16,1
11.45,128,0,11.45,0.0021901322970177,4.5657259803698e-06,-5.0530376921609e-11,1.0533506335275e-10,14.558194744574,0.038585611827546,2.2204460492503e-16,1
11.5,128,0,11.5,0.0021901322520062,4.5657260742892e-06,-5.0530376921609e-11,1.0533506335275e-10,14.556265463983,0.038585611827546,2.2204460492503e-16,1
11.55,128,0,11.55,0.0021901322069947,4.5657261682085e-06,-5.0530376921609e-11,1.0533506335275e-10,14.554336183392,0.038585611827546,2.2204460492503e-16,1
11.6,128,0,11.6,0.0021901321619832,4.5657262621278e-06,-5.0530376921609e-11,1.0533506335275e-10,14.5524069028,0.038585611827546,2.2204460492503e-16,1
11.65,128,0,11.65,0.0021901321169717,4.5657263560472e-06,-5.0530376921609e-11,1.0533506335275e-10,14.550477622209,0.038585611827546,2.2204460492503e-16,1
11.7,128,0,11.7,0.0021901320719602,4.5657264499665e-06,-5.0530376921609e-11,1.0533506335275e-10,14.548548341617,0.038585611827546,2.2204460492503e-16,1
11.75,128,0,11.75,0.0021901320269487,4.5657265438858e-06,-5.0530376921609e-11,1.0533506335275e-10,14.546619061026,0.038585611827546,2.2204460492503e-16,1
11.8,128,0,11.8,0.0021901319819372,4.5657266378052e-06,-5.0530376921609e-11,1.0533506335275e-10,14.544689780435,0.038585611827546,2.2204460492503e-16,1
11.85,128,0,11.85,0.0021901319369257,4.5657267317245e-06,-5.0530376921609e-11,1.0533506335275e-10,14.542760499843,0.038585611827546,2.2204460492503e-16,1
11.9,128,0,11.9,0.0021901318919142,4.5657268256438e-06,-5.0530376921609e-11,1.0533506335275e-10,14.540831219252,0.038585611827546,2.2204460492503e-16,1
11.95,128,0,11.95,0.0021901318469027,4.5657269195632e-06,-5.0530376921609e-11,1.0533506335275e-10,14.538901938661,0.038585611827546,2.2204460492503e-16,1
12,128,0,12,0.0021901318018913,4.5657270134825e-06,-5.0530376921609e-11,1.0533506335275e-10,14.536972658069,0.038585611827546,2.2204460492503e-16,1
12.05,128,0,12.05,0.0021901313057134,4.5657280477237e-06,4.6401330100872e-11,-9.6727497610886e-11,14.535043377478,0.038585611827525,1.1102230246252e-14,1
12.1,128,0,12.1,0.0021901308095355,4.5657290819649e-06,4.6401330100872e-11,-9.6727497610886e-11,14.533114096886,0.038585611827525,1.1102230246252e-14,1
12.15,128,0,12.15,0.0021901303133576,4.5657301162061e-06,4.6401330100872e-11,-9.6727497610886e-11,14.531184816295,0.038585611827525,1.1102230246252e-14,1
12.2,128,0,12.2,0.0021901298171797,4.5657311504473e-06,4.6401330100872e-11,-9.6727497610886e-11,14.529255535704,0.038585611827525,1.1102230246252e-14,1
12.25,128,0,12.25,0.0021901293210018,4.5657321846885e-06,4.6401330100872e-11,-9.6727497610886e-11,14.527326255112,0.038585611827525,1.1102230246252e-14,1
12.3,128,0,12.3,0.0021901288248239,4.5657332189297e-06,4.6401330100872e-11,-9.6727497610886e-11,14.525396974521,0.038585611827525,1.1102230246252e-14,1
12.35,128,0,12.35,0.002190128328646,4.5657342531709e-06,4.6401330100872e-11,-9.6727497610886e-11,14.52346769393,0.038585611827525,1.1102230246252e-14,1
12.4,128,0,12.4,0.0021901278324681,4.5657352874122e-06,4.6401330100872e-11,-9.6727497610886e-11,14.521538413338,0.038585611827525,1.1102230246252e-14,1
12.45,128,0,12.45,0.0021901273362903,4.5657363216534e-06,4.6401330100872e-11,-9.6727497610886e-11,14.519609132747,0.038585611827525,1.1102230246252e-14,1
12.5,128,0,12.5,0.0021901268401124,4.5657373558946e-06,4.6401330100872e-11,-9.6727497610886e-11,14.517679852155,0.038585611827525,1.1102230246252e-14,1
12.55,128,0,12.55,0.0021901263439345,4.5657383901358e-06,4.6401330100872e-11,-9.6727497610886e-11,14.515750571564,0.038585611827525,1.1102230246252e-14,1
12.6,128,0,12.6,0.0021901258477566,4.565739424377e-06,4.6401330100872e-11,-9.6727497610886e-11,14.513821290973,0.038585611827525,1.1102230246252e-14,1
12.65,128,0,12.65,0.0021901253515787,4.5657404586182e-06,4.6401330100872e-11,-9.6727497610886e-11,14.511892010381,0.038585611827525,1.1102230246252e-14,1
12.7,128,0,12.7,0.0021901248554008,4.5657414928594e-06,4.6401330100872e-11,-9.6727497610886e-11,14.50996272979,0.038585611827525,1.1102230246252e-14,1
12.75,128,0,12.75,0.0021901243592229,4.5657425271006e-06,4.6401330100872e-11,-9.6727497610886e-11,14.508033449199,0.038585611827525,1.1102230246252e-14,1
12.8,128,0,12.8,0.002190123863045,4.5657435613418e-06,4.6401330100872e-11,-9.6727497610886e-11,14.506104168607,0.038585611827525,1.1102230246252e-14,1
12.85,128,0,12.85,0.0021901233668672,4.565744595583e-06,4.6401330100872e-11,-9.6727497610886e-11,14.504174888016,0.038585611827525,1.1102230246252e-14,1
12.9,128,0,12.9,0.0021901228706893,4.5657456298242e-06,4.6401330100872e-11,-9.6727497610886e-11,14.502245607424,0.038585611827525,1.1102230246252e-14,1
12.95,128,0,12.95,0.0021901223745114,4.5657466640654e-06,4.6401330100872e-11,-9.6727497610886e-11,14.500316326833,0.038585611827525,1.1102230246252e-14,1
13,128,0,13,0.0021901218783335,4.5657476983066e-06,4.6401330100872e-11,-9.6727497610886e-11,14.498387046242,0.038585611827525,1.1102230246252e-14,1
13.05,128,0,13.05,0.0021901236367263,4.5657440329133e-06,-4.0853512203574e-11,8.5162092978352e-11,14.49645776565,0.038585611827542,-2.6645352591004e-15,1
13.1,128,0,13.1,0.0021901253951191,4.5657403675199e-06,-4.0853512203574e-11,8.5162092978352e-11,14.494528485059,0.038585611827542,-2.6645352591004e-15,1
13.15,128,0,13.15,0.0021901271535119,4.5657367021266e-06,-4.0853512203574e-11,8.5162092978352e-11,14.492599204468,0.038585611827542,-2.6645352591004e-15,1
13.2,128,0,13.2,0.0021901289119047,4.5657330367332e-06,-4.0853512203574e-11,8.5162092978352e-11,14.490669923876,0.038585611827542,-2.6645352591004e-15,1
13.25,128,0,13.25,0.0021901306702975,4.5657293713399e-06,-4.0853512203574e-11,8.5162092978352e-11,14.488740643285,0.038585611827542,-2.6645352591004e-15,1
13.3,128,0,13.3,0.0021901324286903,4.5657257059465e-06,-4.0853512203574e-11,8.5162092978352e-11,14.486811362693,0.038585611827542,-2.6645352591004e-15,1
13.35,128,0,13.35,0.002190134187083,4.5657220405532e-06,-4.0853512203574e-11,8.5162092978352e-11,14.484882082102,0.038585611827542,-2.6645352591004e-15,1
13.4,128,0,13.4,0.0021901359454758,4.5657183751598e-06,-4.0853512203574e-11,8.5162092978352e-11,14.482952801511,0.038585611827542,-2.6645352591004e-15,1
13.45,128,0,13.45,0.0021901377038686,4.5657147097665e-06,-4.0853512203574e-11,8.5162092978352e-11,14.481023520919,0.038585611827542,-2.6645352591004e-15,1
13.5,128,0,13.5,0.0021901394622614,4.5657110443731e-06,-4.0853512203574e-11,8.5162092978352e-11,14.479094240328,0.038585611827542,-2.6645352591004e-15,1
13.55,128,0,13.55,0.0021901412206542,4.5657073789798e-06,-4.0853512203574e-11,8.5162092978352e-11,14.477164959737,0.038585611827542,-2.6645352591004e-15,1
13.6,128,0,13.6,0.002190142979047,4.5657037135864e-06,-4.0853512203574e-11,8.5162092978352e-11,14.475235679145,0.038585611827542,-2.6645352591004e-15,1
13.65,128,0,13.65,0.0021901447374398,4.5657000481931e-06,-4.0853512203574e-11,8.5162092978352e-11,14.473306398554,0.038585611827542,-2.6645352591004e-15,1
13.7,128,0,13.7,0.0021901464958326,4.5656963827997e-06,-4.0853512203574e-11,8.5162092978352e-11,14.471377117962,0.038585611827542,-2.6645352591004e-15,1
13.75,128,0,13.75,0.0021901482542254,4.5656927174064e-06,-4.0853512203574e-11,8.5162092978352e-11,14.469447837371,0.038585611827542,-2.6645352591004e-15,1
13.8,128,0,13.8,0.0021901500126182,4.565689052013e-06,-4.0853512203574e-11,8.5162092978352e-11,14.46751855678,0.038585611827542,-2.6645352591004e-15,1
13.85,128,0,13.85,0.002190151771011,4.5656853866197e-06,-4.0853512203574e-11,8.5162092978352e-11,14.465589276188,0.038585611827542,-2.6645352591004e-15,1
13.9,128,0,13.9,0.0021901535294038,4.5656817212263e-06,-4.0853512203574e-11,8.5162092978352e-11,14.463659995597,0.038585611827542,-2.6645352591004e-15,1
13.95,128,0,13.95,0.0021901552877966,4.565678055833e-06,-4.0853512203574e-11,8.5162092978352e-11,14.461730715006,0.038585611827542,-2.6645352591004e-15,1
14,128,0,14,0.0021901570461894,4.5656743904396e-06,-4.0853512203574e-11,8.5162092978352e-11,14.459801434414,0.038585611827542,-2.6645352591004e-15,1
14.05,128,0,14.05,0.0021901558530746,4.5656768774584e-06,4.4857179281644e-11,-9.3508297207413e-11,14.457872153823,0.038585611827558,-1.0880185641327e-14,1
14.1,128,0,14.1,0.0021901546599598,4.5656793644773e-06,4.4857179281644e-11,-9.3508297207413e-11,14.455942873231,0.038585611827558,-1.0880185641327e-14,1
14.15,128,0,14.15,0.002190153466845,4.5656818514961e-06,4.4857179281644e-11,-9.3508297207413e-11,14.45401359264,0.038585611827558,-1.0880185641327e-14,1
14.2,128,0,14.2,0.0021901522737302,4.5656843385149e-06,4.4857179281644e-11,-9.3508297207413e-11,14.452084312049,0.038585611827558,-1.0880185641327e-14,1
14.25,128,0,14.25,0.0021901510806154,4.5656868255337e-06,4.4857179281644e-11,-9.3508297207413e-11,14.450155031457,0.038585611827558,-1.0880185641327e-14,1
14.3,128,0,14.3,0.0021901498875006,4.5656893125525e-06,4.4857179281644e-11,-9.3508297207413e-11,14.448225750866,0.038585611827558,-1.0880185641327e-14,1
14.35,128,0,14.35,0.0021901486943858,4.5656917995713e-06,4.4857179281644e-11,-9.3508297207413e-11,14.446296470275,0.038585611827558,-1.0880185641327e-14,1
14.4,128,0,14.4,0.0021901475012711,4.5656942865901e-06,4.4857179281644e-11,-9.3508297207413e-11,14.444367189683,0.038585611827558,-1.0880185641327e-14,1
14.45,128,0,14.45,0.0021901463081563,4.5656967736089e-06,4.4857179281644e-11,-9.3508297207413e-11,14.442437909092,0.038585611827558,-1.0880185641327e-14,1
14.5,128,0,14.5,0.0021901451150415,4.5656992606277e-06,4.4857179281644e-11,-9.3508297207413e-11,14.4405086285,0.038585611827558,-1.0880185641327e-14,1
14.55,128,0,14.55,0.0021901439219267,4.5657017476466e-06,4.4857179281644e-11,-9.3508297207413e-11,14.438579347909,0.038585611827558,-1.0880185641327e-14,1
14.6,128,0,14.6,0.0021901427288119,4.5657042346654e-06,4.4857179281644e-11,-9.3508297207413e-11,14.436650067318,0.038585611827558,-1.0880185641327e-14,1
14.65,128,0,14.65,0.0021901415356971,4.5657067216842e-06,4.4857179281644e-11,-9.3508297207413e-11,14.434720786726,0.038585611827558,-1.0880185641327e-14,1
14.7,128,0,14.7,0.0021901403425823,4.565709208703e-06,4.4857179281644e-11,-9.3508297207413e-11,14.432791506135,0.038585611827558,-1.0880185641327e-14,1
14.75,128,0,14.75,0.0021901391494675,4.5657116957218e-06,4.4857179281644e-11,-9.3508297207413e-11,14.430862225544,0.038585611827558,-1.0880185641327e-14,1
14.8,128,0,14.8,0.0021901379563527,4.5657141827406e-06,4.4857179281644e-11,-9.3508297207413e-11,14.428932944952,0.038585611827558,-1.0880185641327e-14,1
14.85,128,0,14.85,0.002190136763238,4.5657166697594e-06,4.4857179281644e-11,-9.3508297207413e-11,14.427003664361,0.038585611827558,-1.0880185641327e-14,1
14.9,128,0,14.9,0.0021901355701232,4.5657191567782e-06,4.4857179281644e-11,-9.3508297207413e-11,14.425074383769,0.038585611827558,-1.0880185641327e-14,1
14.95,128,0,14.95,0.0021901343770084,4.5657216437971e-06,4.4857179281644e-11,-9.3508297207413e-11,14.423145103178,0.038585611827558,-1.0880185641327e-14,1
15,128,0,15,0.0021901331838936,4.5657241308159e-06,4.4857179281644e-11,-9.3508297207413e-11,14.421215822587,0.038585611827558,-1.0880185641327e-14,1
15.05,128,0,15.05,0.0021901331795306,4.5657241399987e-06,-5.0449140471588e-11,1.0516572930564e-10,14.419286541995,0.038585611827606,-2.1538326677728e-14,1
15.1,128,0,15.1,0.0021901331751675,4.5657241491816e-06,-5.0449140471588e-11,1.0516572930564e-10,14.417357261404,0.038585611827606,-2.1538326677728e-14,1
15.15,128,0,15.15,0.0021901331708045,4.5657241583644e-06,-5.0449140471588e-11,1.0516572930564e-10,14.415427980812,0.038585611827606,-2.1538326677728e-14,1
15.2,128,0,15.2,0.0021901331664415,4.5657241675473e-06,-5.0449140471588e-11,1.0516572930564e-10,14.413498700221,0.038585611827606,-2.1538326677728e-14,1
15.25,128,0,15.25,0.0021901331620785,4.5657241767302e-06,-5.0449140471588e-11,1.0516572930564e-10,14.41156941963,0.038585611827606,-2.1538326677728e-14,1
15.3,128,0,15.3,0.0021901331577154,4.565724185913e-06,-5.0449140471588e-11,1.0516572930564e-10,14.409640139038,0.038585611827606,-2.1538326677728e-14,1
15.35,128,0,15.35,0.0021901331533524,4.5657241950959e-06,-5.0449140471588e-11,1.0516572930564e-10,14.407710858447,0.038585611827606,-2.1538326677728e-14,1
15.4,128,0,15.4,0.0021901331489894,4.5657242042787e-06,-5.0449140471588e-11,1.0516572930564e-10,14.405781577856,0.038585611827606,-2.1538326677728e-14,1
15.45,128,0,15.45,0.0021901331446264,4.5657242134616e-06,-5.0449140471588e-11,1.0516572930564e-10,14.403852297264,0.038585611827606,-2.1538326677728e-14,1
15.5,128,0,15.5,0.0021901331402633,4.5657242226444e-06,-5.0449140471588e-11,1.0516572930564e-10,14.401923016673,0.038585611827606,-2.1538326677728e-14,1
15.55,128,0,15.55,0.0021901331359003,4.5657242318273e-06,-5.0449140471588e-11,1.0516572930564e-10,14.399993736081,0.038585611827606,-2.1538326677728e-14,1
15.6,128,0,15.6,0.0021901331315373,4.5657242410102e-06,-5.0449140471588e-11,1.0516572930564e-10,14.39806445549,0.038585611827606,-2.1538326677728e-14,1
15.65,128,0,15.65,0.0021901331271743,4.565724250193e-06,-5.0449140471588e-11,1.0516572930564e-10,14.396135174899,0.038585611827606,-2.1538326677728e-14,1
15.7,128,0,15.7,0.0021901331228112,4.5657242593759e-06,-5.0449140471588e-11,1.0516572930564e-10,14.394205894307,0.038585611827606,-2.1538326677728e-14,1
15.75,128,0,15.75,0.0021901331184482,4.5657242685587e-06,-5.0449140471588e-11,1.0516572930564e-10,14.392276613716,0.038585611827606,-2.1538326677728e-14,1
15.8,128,0,15.8,0.0021901331140852,4.5657242777416e-06,-5.0449140471588e-11,1.0516572930564e-10,14.390347333125,0.038585611827606,-2.1538326677728e-14,1
15.85,128,0,15.85,0.0021901331097221,4.5657242869244e-06,-5.0449140471588e-11,1.0516572930564e-10,14.388418052533,0.038585611827606,-2.1538326677728e-14,1
15.9,128,0,15.9,0.0021901331053591,4.5657242961073e-06,-5.0449140471588e-11,1.0516572930564e-10,14.386488771942,0.038585611827606,-2.1538326677728e-14,1
15.95,128,0,15.95,0.0021901331009961,4.5657243052902e-06,-5.0449140471588e-11,1.0516572930564e-10,14.38455949135,0.038585611827606,-2.1538326677728e-14,1
16,128,0,16,0.0021901330966331,4.565724314473e-06,-5.0449140471588e-11,1.0516572930564e-10,14.382630210759,0.038585611827606,-2.1538326677728e-14,1
16.05,128,0,16.05,0.0021901324348335,4.5657256939697e-06,4.6945869074436e-11,-9.7862647435755e-11,14.380700930168,0.038585611827555,-2.4202861936828e-14,1
16.1,128,0,16.1,0.0021901317730339,4.5657270734663e-06,4.6945869074436e-11,-9.7862647435755e-11,14.378771649576,0.038585611827555,-2.4202861936828e-14,1
16.15,128,0,16.15,0.0021901311112344,4.5657284529629e-06,4.6945869074436e-11,-9.7862647435755e-11,14.376842368985,0.038585611827555,-2.4202861936828e-14,1
16.2,128,0,16.2,0.0021901304494348,4.5657298324596e-06,4.6945869074436e-11,-9.7862647435755e-11,14.374913088394,0.038585611827555,-2.4202861936828e-14,1
16.25,128,0,16.25,0.0021901297876353,4.5657312119562e-06,4.6945869074436e-11,-9.7862647435755e-11,14.372983807802,0.038585611827555,-2.4202861936828e-14,1
16.3,128,0,16.3,0.0021901291258357,4.5657325914528e-06,4.6945869074436e-11,-9.7862647435755e-11,14.371054527211,0.038585611827555,-2.4202861936828e-14,1
16.35,128,0,16.35,0.0021901284640361,4.5657339709495e-06,4.6945869074436e-11,-9.7862647435755e-11,14.369125246619,0.038585611827555,-2.4202861936828e-14,1
16.4,128,0,16.4,0.0021901278022366,4.5657353504461e-06,4.6945869074436e-11,-9.7862647435755e-11,14.367195966028,0.038585611827555,-2.4202861936828e-14,1
16.45,128,0,16.45,0.002190127140437,4.5657367299427e-06,4.6945869074436e-11,-9.7862647435755e-11,14.365266685437,0.038585611827555,-2.4202861936828e-14,1
16.5,128,0,16.5,0.0021901264786375,4.5657381094394e-06,4.6945869074436e-11,-9.7862647435755e-11,14.363337404845,0.038585611827555,-2.4202861936828e-14,1
16.55,128,0,16.55,0.0021901258168379,4.565739488936e-06,4.6945869074436e-11,-9.7862647435755e-11,14.361408124254,0.038585611827555,-2.4202861936828e-14,1
16.6,128,0,16.6,0.0021901251550383,4.5657408684327e-06,4.6945869074436e-11,-9.7862647435755e-11,14.359478843662,0.038585611827555,-2.4202861936828e-14,1
16.65,128,0,16.65,0.0021901244932388,4.5657422479293e-06,4.6945869074436e-11,-9.7862647435755e-11,14.357549563071,0.038585611827555,-2.4202861936828e-14,1
16.7,128,0,16.7,0.0021901238314392,4.5657436274259e-06,4.6945869074436e-11,-9.7862647435755e-11,14.35562028248,0.038585611827555,-2.4202861936828e-14,1
16.75,128,0,16.75,0.0021901231696396,4.5657450069226e-06,4.6945869074436e-11,-9.7862647435755e-11,14.353691001888,0.038585611827555,-2.4202861936828e-14,1
16.8,128,0,16.8,0.0021901225078401,4.5657463864192e-06,4.6945869074436e-11,-9.7862647435755e-11,14.351761721297,0.038585611827555,-2.4202861936828e-14,1
16.85,128,0,16.85,0.0021901218460405,4.5657477659158e-06,4.6945869074436e-11,-9.7862647435755e-11,14.349832440706,0.038585611827555,-2.4202861936828e-14,1
16.9,128,0,16.9,0.002190121184241,4.5657491454125e-06,4.6945869074436e-11,-9.7862647435755e-11,14.347903160114,0.038585611827555,-2.4202861936828e-14,1
16.95,128,0,16.95,0.0021901205224414,4.5657505249091e-06,4.6945869074436e-11,-9.7862647435755e-11,14.345973879523,0.038585611827555,-2.4202861936828e-14,1
17,128,0,17,0.0021901198606418,4.5657519044058e-06,4.6945869074436e-11,-9.7862647435755e-11,14.344044598931,0.038585611827555,-2.4202861936828e-14,1
17.05,128,0,17.05,0.0021901218042846,4.5657478528403e-06,-4.2183523244708e-11,8.7934612501878e-11,14.34211531834,0.038585611827554,-1.1324274851177e-14,1
17.1,128,0,17.1,0.0021901237479273,4.5657438012749e-06,-4.2183523244708e-11,8.7934612501878e-11,14.340186037749,0.038585611827554,-1.1324274851177e-14,1
17.15,128,0,17.15,0.0021901256915701,4.5657397497095e-06,-4.2183523244708e-11,8.7934612501878e-11,14.338256757157,0.038585611827554,-1.1324274851177e-14,1
17.2,128,0,17.2,0.0021901276352128,4.5657356981441e-06,-4.2183523244708e-11,8.7934612501878e-11,14.336327476566,0.038585611827554,-1.1324274851177e-14,1
17.25,128,0,17.25,0.0021901295788556,4.5657316465787e-06,-4.2183523244708e-11,8.7934612501878e-11,14.334398195975,0.038585611827554,-1.1324274851177e-14,1
17.3,128,0,17.3,0.0021901315224983,4.5657275950133e-06,-4.2183523244708e-11,8.7934612501878e-11,14.332468915383,0.038585611827554,-1.1324274851177e-14,1
17.35,128,0,17.35,0.0021901334661411,4.5657235434479e-06,-4.2183523244708e-11,8.7934612501878e-11,14.330539634792,0.038585611827554,-1.1324274851177e-14,1
17.4,128,0,17.4,0.0021901354097838,4.5657194918825e-06,-4.2183523244708e-11,8.7934612501878e-11,14.3286103542,0.038585611827554,-1.1324274851177e-14,1
17.45,128,0,17.45,0.0021901373534266,4.5657154403171e-06,-4.2183523244708e-11,8.7934612501878e-11,14.326681073609,0.038585611827554,-1.1324274851177e-14,1
17.5,128,0,17.5,0.0021901392970693,4.5657113887517e-06,-4.2183523244708e-11,8.7934612501878e-11,14.324751793018,0.038585611827554,-1.1324274851177e-14,1
17.55,128,0,17.55,0.0021901412407121,4.5657073371863e-06,-4.2183523244708e-11,8.7934612501878e-11,14.322822512426,0.038585611827554,-1.1324274851177e-14,1
17.6,128,0,17.6,0.0021901431843548,4.5657032856208e-06,-4.2183523244708e-11,8.7934612501878e-11,14.320893231835,0.038585611827554,-1.1324274851177e-14,1
17.65,128,0,17.65,0.0021901451279976,4.5656992340554e-06,-4.2183523244708e-11,8.7934612501878e-11,14.318963951244,0.038585611827554,-1.1324274851177e-14,1
17.7,128,0,17.7,0.0021901470716403,4.56569518249e-06,-4.2183523244708e-11,8.7934612501878e-11,14.317034670652,0.038585611827554,-1.1324274851177e-14,1
17.75,128,0,17.75,0.0021901490152831,4.5656911309246e-06,-4.2183523244708e-11,8.7934612501878e-11,14.315105390061,0.038585611827554,-1.1324274851177e-14,1
17.8,128,0,17.8,0.0021901509589258,4.5656870793592e-06,-4.2183523244708e-11,8.7934612501878e-11,14.313176109469,0.038585611827554,-1.1324274851177e-14,1
17.85,128,0,17.85,0.0021901529025686,4.5656830277938e-06,-4.2183523244708e-11,8.7934612501878e-11,14.311246828878,0.038585611827554,-1.1324274851177e-14,1
17.9,128,0,17.9,0.0021901548462113,4.5656789762284e-06,-4.2183523244708e-11,8.7934612501878e-11,14.309317548287,0.038585611827554,-1.1324274851177e-14,1
17.95,128,0,17.95,0.0021901567898541,4.565674924663e-06,-4.2183523244708e-11,8.7934612501878e-11,14.307388267695,0.038585611827554,-1.1324274851177e-14,1
18,128,0,18,0.0021901587334968,4.5656708730976e-06,-4.2183523244708e-11,8.7934612501878e-11,14.305458987104,0.038585611827554,-1.1324274851177e-14,1
18.05,128,0,18.05,0.0021901573813043,4.5656736917286e-06,4.6108895744546e-11,-9.6117590652172e-11,14.303529706513,0.038585611827574,1.5543122344752e-15,1
18.1,128,0,18.1,0.0021901560291118,4.5656765103597e-06,4.6108895744546e-11,-9.6117590652172e-11,14.301600425921,0.038585611827574,1.5543122344752e-15,1
18.15,128,0,18.15,0.0021901546769193,4.5656793289907e-06,4.6108895744546e-11,-9.6117590652172e-11,14.29967114533,0.038585611827574,1.5543122344752e-15,1
18.2,128,0,18.2,0.0021901533247268,4.5656821476218e-06,4.6108895744546e-11,-9.6117590652172e-11,14.297741864738,0.038585611827574,1.5543122344752e-15,1
18.25,128,0,18.25,0.0021901519725343,4.5656849662528e-06,4.6108895744546e-11,-9.6117590652172e-11,14.295812584147,0.038585611827574,1.5543122344752e-15,1
18.3,128,0,18.3,0.0021901506203418,4.5656877848838e-06,4.6108895744546e-11,-9.6117590652172e-11,14.293883303556,0.038585611827574,1.5543122344752e-15,1
18.35,128,0,18.35,0.0021901492681493,4.5656906035149e-06,4.6108895744546e-11,-9.6117590652172e-11,14.291954022964,0.038585611827574,1.5543122344752e-15,1
18.4,128,0,18.4,0.0021901479159568,4.5656934221459e-06,4.6108895744546e-11,-9.6117590652172e-11,14.290024742373,0.038585611827574,1.5543122344752e-15,1
18.45,128,0,18.45,0.0021901465637643,4.565696240777e-06,4.6108895744546e-11,-9.6117590652172e-11,14.288095461781,0.038585611827574,1.5543122344752e-15,1
18.5,128,0,18.5,0.0021901452115718,4.565699059408e-06,4.6108895744546e-11,-9.6117590652172e-11,14.28616618119,0.038585611827574,1.5543122344752e-15,1
18.55,128,0,18.55,0.0021901438593793,4.5657018780391e-06,4.6108895744546e-11,-9.6117590652172e-11,14.284236900599,0.038585611827574,1.5543122344752e-15,1
18.6,128,0,18.6,0.0021901425071868,4.5657046966701e-06,4.6108895744546e-11,-9.6117590652172e-11,14.282307620007,0.038585611827574,1.5543122344752e-15,1
18.65,128,0,18.65,0.0021901411549943,4.5657075153012e-06,4.6108895744546e-11,-9.6117590652172e-11,14.280378339416,0.038585611827574,1.5543122344752e-15,1
18.7,128,0,18.7,0.0021901398028018,4.5657103339322e-06,4.6108895744546e-11,-9.6117590652172e-11,14.278449058825,0.038585611827574,1.5543122344752e-15,1
18.75,128,0,18.75,0.0021901384506092,4.5657131525633e-06,4.6108895744546e-11,-9.6117590652172e-11,14.276519778233,0.038585611827574,1.5543122344752e-15,1
18.8,128,0,18.8,0.0021901370984167,4.5657159711943e-06,4.6108895744546e-11,-9.6117590652172e-11,14.274590497642,0.038585611827574,1.5543122344752e-15,1
18.85,128,0,18.85,0.0021901357462242,4.5657187898253e-06,4.6108895744546e-11,-9.6117590652172e-11,14.27266121705,0.038585611827574,1.5543122344752e-15,1
18.9,128,0,18.9,0.0021901343940317,4.5657216084564e-06,4.6108895744546e-11,-9.6117590652172e-11,14.270731936459,0.038585611827574,1.5543122344752e-15,1
18.95,128,0,18.95,0.0021901330418392,4.5657244270874e-06,4.6108895744546e-11,-9.6117590652172e-11,14.268802655868,0.038585611827574,1.5543122344752e-15,1
19,128,0,19,0.0021901316896467,4.5657272457185e-06,4.6108895744546e-11,-9.6117590652172e-11,14.266873375276,0.038585611827574,1.5543122344752e-15,1
19.05,128,0,19.05,0.0021901317591717,4.5657271008754e-06,-5.0809281410983e-11,1.0591646920329e-10,14.264944094685,0.038585611827559,1.9984014443253e-15,1
19.1,128,0,19.1,0.0021901318286967,4.5657269560324e-06,-5.0809281410983e-11,1.0591646920329e-10,14.263014814094,0.038585611827559,1.9984014443253e-15,1
19.15,128,0,19.15,0.0021901318982217,4.5657268111893e-06,-5.0809281410983e-11,1.0591646920329e-10,14.261085533502,0.038585611827559,1.9984014443253e-15,1
19.2,128,0,19.2,0.0021901319677466,4.5657266663462e-06,-5.0809281410983e-11,1.0591646920329e-10,14.259156252911,0.038585611827559,1.9984014443253e-15,1
19.25,128,0,19.25,0.0021901320372716,4.5657265215032e-06,-5.0809281410983e-11,1.0591646920329e-10,14.257226972319,0.038585611827559,1.9984014443253e-15,1
19.3,128,0,19.3,0.0021901321067966,4.5657263766601e-06,-5.0809281410983e-11,1.0591646920329e-10,14.255297691728,0.038585611827559,1.9984014443253e-15,1
19.35,128,0,19.35,0.0021901321763216,4.565726231817e-06,-5.0809281410983e-11,1.0591646920329e-10,14.253368411137,0.038585611827559,1.9984014443253e-15,1
19.4,128,0,19.4,0.0021901322458465,4.565726086974e-06,-5.0809281410983e-11,1.0591646920329e-10,14.251439130545,0.038585611827559,1.9984014443253e-15,1
19.45,128,0,19.45,0.0021901323153715,4.5657259421309e-06,-5.0809281410983e-11,1.0591646920329e-10,14.249509849954,0.038585611827559,1.9984014443253e-15,1
19.5,128,0,19.5,0.0021901323848965,4.5657257972878e-06,-5.0809281410983e-11,1.0591646920329e-10,14.247580569363,0.038585611827559,1.9984014443253e-15,1
19.55,128,0,19.55,0.0021901324544215,4.5657256524448e-06,-5.0809281410983e-11,1.0591646920329e-10,14.245651288771,0.038585611827559,1.9984014443253e-15,1
19.6,128,0,19.6,0.0021901325239464,4.5657255076017e-06,-5.0809281410983e-11,1.0591646920329e-10,14.24372200818,0.038585611827559,1.9984014443253e-15,1
19.65,128,0,19.65,0.0021901325934714,4.5657253627586e-06,-5.0809281410983e-11,1.0591646920329e-10,14.241792727588,0.038585611827559,1.9984014443253e-15,1
19.7,128,0,19.7,0.0021901326629964,4.5657252179156e-06,-5.0809281410983e-11,1.0591646920329e-10,14.239863446997,0.038585611827559,1.9984014443253e-15,1
19.75,128,0,19.75,0.0021901327325214,4.5657250730725e-06,-5.0809281410983e-11,1.0591646920329e-10,14.237934166406,0.038585611827559,1.9984014443253e-15,1
19.8,128,0,19.8,0.0021901328020463,4.5657249282294e-06,-5.0809281410983e-11,1.0591646920329e-10,14.236004885814,0.038585611827559,1.9984014443253e-15,1
19.85,128,0,19.85,0.0021901328715713,4.5657247833864e-06,-5.0809281410983e-11,1.0591646920329e-10,14.234075605223,0.038585611827559,1.9984014443253e-15,1
19.9,128,0,19.9,0.0021901329410963,4.5657246385433e-06,-5.0809281410983e-11,1.0591646920329e-10,14.232146324632,0.038585611827559,1.9984014443253e-15,1
19.95,128,0,19.95,0.0021901330106213,4.5657244937003e-06,-5.0809281410983e-11,1.0591646920329e-10,14.23021704404,0.038585611827559,1.9984014443253e-15,1
20,128,0,20,0.0021901330801463,4.5657243488572e-06,-5.0809281410983e-11,1.0591646920329e-10,14.228287763449,0.038585611827559,1.9984014443253e-15,1
20.05,128,0,20.05,0.0021901324840648,4.5657255913565e-06,4.6636872445209e-11,-9.721852624418e-11,14.226358482857,0.038585611827523,2.2870594307278e-14,1
20.1,128,0,20.1,0.0021901318879834,4.5657268338558e-06,4.6636872445209e-11,-9.721852624418e-11,14.224429202266,0.038585611827523,2.2870594307278e-14,1
20.15,128,0,20.15,0.0021901312919019,4.5657280763551e-06,4.6636872445209e-11,-9.721852624418e-11,14.222499921675,0.038585611827523,2.2870594307278e-14,1
20.2,128,0,20.2,0.0021901306958204,4.5657293188544e-06,4.6636872445209e-11,-9.721852624418e-11,14.220570641083,0.038585611827523,2.2870594307278e-14,1
20.25,128,0,20.25,0.002190130099739,4.5657305613537e-06,4.6636872445209e-11,-9.721852624418e-11,14.218641360492,0.038585611827523,2.2870594307278e-14,1
20.3,128,0,20.3,0.0021901295036575,4.565731803853e-06,4.6636872445209e-11,-9.721852624418e-11,14.216712079901,0.038585611827523,2.2870594307278e-14,1
20.35,128,0,20.35,0.0021901289075761,4.5657330463523e-06,4.6636872445209e-11,-9.721852624418e-11,14.214782799309,0.038585611827523,2.2870594307278e-14,1
20.4,128,0,20.4,0.0021901283114946,4.5657342888516e-06,4.6636872445209e-11,-9.721852624418e-11,14.212853518718,0.038585611827523,2.2870594307278e-14,1
20.45,128,0,20.45,0.0021901277154132,4.5657355313508e-06,4.6636872445209e-11,-9.721852624418e-11,14.210924238126,0.038585611827523,2.2870594307278e-14,1
20.5,128,0,20.5,0.0021901271193317,4.5657367738501e-06,4.6636872445209e-11,-9.721852624418e-11,14.208994957535,0.038585611827523,2.2870594307278e-14,1
20.55,128,0,20.55,0.0021901265232503,4.5657380163494e-06,4.6636872445209e-11,-9.721852624418e-11,14.207065676944,0.038585611827523,2.2870594307278e-14,1
20.6,128,0,20.6,0.0021901259271688,4.5657392588487e-06,4.6636872445209e-11,-9.721852624418e-11,14.205136396352,0.038585611827523,2.2870594307278e-14,1
20.65,128,0,20.65,0.0021901253310874,4.565740501348e-06,4.6636872445209e-11,-9.721852624418e-11,14.203207115761,0.038585611827523,2.2870594307278e-14,1
20.7,128,0,20.7,0.0021901247350059,4.5657417438473e-06,4.6636872445209e-11,-9.721852624418e-11,14.201277835169,0.038585611827523,2.2870594307278e-14,1
20.75,128,0,20.75,0.0021901241389245,4.5657429863466e-06,4.6636872445209e-11,-9.721852624418e-11,14.199348554578,0.038585611827523,2.2870594307278e-14,1
20.8,128,0,20.8,0.002190123542843,4.5657442288459e-06,4.6636872445209e-11,-9.721852624418e-11,14.197419273987,0.038585611827523,2.2870594307278e-14,1
20.85,128,0,20.85,0.0021901229467616,4.5657454713452e-06,4.6636872445209e-11,-9.721852624418e-11,14.195489993395,0.038585611827523,2.2870594307278e-14,1
20.9,128,0,20.9,0.0021901223506801,4.5657467138445e-06,4.6636872445209e-11,-9.721852624418e-11,14.193560712804,0.038585611827523,2.2870594307278e-14,1
20.95,128,0,20.95,0.0021901217545987,4.5657479563438e-06,4.6636872445209e-11,-9.721852624418e-11,14.191631432213,0.038585611827523,2.2870594307278e-14,1
21,128,0,21,0.0021901211585172,4.5657491988431e-06,4.6636872445209e-11,-9.721852624418e-11,14.189702151621,0.038585611827523,2.2870594307278e-14,1
21.05,128,0,21.05,0.0021901229400668,4.5657454851763e-06,-4.1837118592187e-11,8.7212527221676e-11,14.18777287103,0.03858561182757,8.5487172896137e-15,1
21.1,128,0,21.1,0.0021901247216163,4.5657417715096e-06,-4.1837118592187e-11,8.7212527221676e-11,14.185843590438,0.03858561182757,8.5487172896137e-15,1
21.15,128,0,21.15,0.0021901265031659,4.5657380578428e-06,-4.1837118592187e-11,8.7212527221676e-11,14.183914309847,0.03858561182757,8.5487172896137e-15,1
21.2,128,0,21.2,0.0021901282847154,4.5657343441761e-06,-4.1837118592187e-11,8.7212527221676e-11,14.181985029256,0.03858561182757,8.5487172896137e-15,1
21.25,128,0,21.25,0.002190130066265,4.5657306305093e-06,-4.1837118592187e-11,8.7212527221676e-11,14.180055748664,0.03858561182757,8.5487172896137e-15,1
21.3,128,0,21.3,0.0021901318478146,4.5657269168425e-06,-4.1837118592187e-11,8.7212527221676e-11,14.178126468073,0.03858561182757,8.5487172896137e-15,1
21.35,128,0,21.35,0.0021901336293641,4.5657232031758e-06,-4.1837118592187e-11,8.7212527221676e-11,14.176197187482,0.03858561182757,8.5487172896137e-15,1
21.4,128,0,21.4,0.0021901354109137,4.565719489509e-06,-4.1837118592187e-11,8.7212527221676e-11,14.17426790689,0.03858561182757,8.5487172896137e-15,1
21.45,128,0,21.45,0.0021901371924632,4.5657157758422e-06,-4.1837118592187e-11,8.7212527221676e-11,14.172338626299,0.03858561182757,8.5487172896137e-15,1
21.5,128,0,21.5,0.0021901389740128,4.5657120621755e-06,-4.1837118592187e-11,8.7212527221676e-11,14.170409345707,0.03858561182757,8.5487172896137e-15,1
21.55,128,0,21.55,0.0021901407555623,4.5657083485087e-06,-4.1837118592187e-11,8.7212527221676e-11,14.168480065116,0.03858561182757,8.5487172896137e-15,1
21.6,128,0,21.6,0.0021901425371119,4.5657046348419e-06,-4.1837118592187e-11,8.7212527221676e-11,14.166550784525,0.03858561182757,8.5487172896137e-15,1
21.65,128,0,21.65,0.0021901443186614,4.5657009211752e-06,-4.1837118592187e-11,8.7212527221676e-11,14.164621503933,0.03858561182757,8.5487172896137e-15,1
21.7,128,0,21.7,0.002190146100211,4.5656972075084e-06,-4.1837118592187e-11,8.7212527221676e-11,14.162692223342,0.03858561182757,8.5487172896137e-15,1
21.75,128,0,21.75,0.0021901478817606,4.5656934938417e-06,-4.1837118592187e-11,8.7212527221676e-11,14.160762942751,0.03858561182757,8.5487172896137e-15,1
21.8,128,0,21.8,0.0021901496633101,4.5656897801749e-06,-4.1837118592187e-11,8.7212527221676e-11,14.158833662159,0.03858561182757,8.5487172896137e-15,1
21.85,128,0,21.85,0.0021901514448597,4.5656860665081e-06,-4.1837118592187e-11,8.7212527221676e-11,14.156904381568,0.03858561182757,8.5487172896137e-15,1
21.9,128,0,21.9,0.0021901532264092,4.5656823528414e-06,-4.1837118592187e-11,8.7212527221676e-11,14.154975100976,0.03858561182757,8.5487172896137e-15,1
21.95,128,0,21.95,0.0021901550079588,4.5656786391746e-06,-4.1837118592187e-11,8.7212527221676e-11,14.153045820385,0.03858561182757,8.5487172896137e-15,1
22,128,0,22,0.0021901567895083,4.5656749255078e-06,-4.1837118592187e-11,8.7212527221676e-11,14.151116539794,0.03858561182757,8.5487172896137e-15,1
22.05,128,0,22.05,0.0021901556441951,4.5656773128782e-06,4.63695263272e-11,-9.6660987634132e-11,14.149187259202,0.038585611827569,2.8865798640254e-15,1
22.1,128,0,22.1,0.0021901544988818,4.5656797002486e-06,4.63695263272e-11,-9.6660987634132e-11,14.147257978611,0.038585611827569,2.8865798640254e-15,1
22.15,128,0,22.15,0.0021901533535685,4.565682087619e-06,4.63695263272e-11,-9.6660987634132e-11,14.14532869802,0.038585611827569,2.8865798640254e-15,1
22.2,128,0,22.2,0.0021901522082552,4.5656844749894e-06,4.63695263272e-11,-9.6660987634132e-11,14.143399417428,0.038585611827569,2.8865798640254e-15,1
22.25,128,0,22.25,0.002190151062942,4.5656868623598e-06,4.63695263272e-11,-9.6660987634132e-11,14.141470136837,0.038585611827569,2.8865798640254e-15,1
22.3,128,0,22.3,0.0021901499176287,4.5656892497302e-06,4.63695263272e-11,-9.6660987634132e-11,14.139540856245,0.038585611827569,2.8865798640254e-15,1
22.35,128,0,22.35,0.0021901487723154,4.5656916371006e-06,4.63695263272e-11,-9.6660987634132e-11,14.137611575654,0.038585611827569,2.8865798640254e-15,1
22.4,128,0,22.4,0.0021901476270021,4.5656940244709e-06,4.63695263272e-11,-9.6660987634132e-11,14.135682295063,0.038585611827569,2.8865798640254e-15,1
22.45,128,0,22.45,0.0021901464816888,4.5656964118413e-06,4.63695263272e-11,-9.6660987634132e-11,14.133753014471,0.038585611827569,2.8865798640254e-15,1
22.5,128,0,22.5,0.0021901453363756,4.5656987992117e-06,4.63695263272e-11,-9.6660987634132e-11,14.13182373388,0.038585611827569,2.8865798640254e-15,1
22.55,128,0,22.55,0.0021901441910623,4.5657011865821e-06,4.63695263272e-11,-9.6660987634132e-11,14.129894453289,0.038585611827569,2.8865798640254e-15,1
22.6,128,0,22.6,0.002190143045749,4.5657035739525e-06,4.63695263272e-11,-9.6660987634132e-11,14.127965172697,0.038585611827569,2.8865798640254e-15,1
22.65,128,0,22.65,0.0021901419004357,4.5657059613229e-06,4.63695263272e-11,-9.6660987634132e-11,14.126035892106,0.038585611827569,2.8865798640254e-15,1
22.7,128,0,22.7,0.0021901407551225,4.5657083486933e-06,4.63695263272e-11,-9.6660987634132e-11,14.124106611514,0.038585611827569,2.8865798640254e-15,1
22.75,128,0,22.75,0.0021901396098092,4.5657107360637e-06,4.63695263272e-11,-9.6660987634132e-11,14.122177330923,0.038585611827569,2.8865798640254e-15,1
22.8,128,0,22.8,0.0021901384644959,4.565713123434e-06,4.63695263272e-11,-9.6660987634132e-11,14.120248050332,0.038585611827569,2.8865798640254e-15,1
22.85,128,0,22.85,0.0021901373191826,4.5657155108044e-06,4.63695263272e-11,-9.6660987634132e-11,14.11831876974,0.038585611827569,2.8865798640254e-15,1
22.9,128,0,22.9,0.0021901361738694,4.5657178981748e-06,4.63695263272e-11,-9.6660987634132e-11,14.116389489149,0.038585611827569,2.8865798640254e-15,1
22.95,128,0,22.95,0.0021901350285561,4.5657202855452e-06,4.63695263272e-11,-9.6660987634132e-11,14.114460208557,0.038585611827569,2.8865798640254e-15,1
23,128,0,23,0.0021901338832428,4.5657226729156e-06,4.63695263272e-11,-9.6660987634132e-11,14.112530927966,0.038585611827569,2.8865798640254e-15,1
23.05,128,0,23.05,0.0021901337782033,4.5657228919704e-06,-5.1345782206921e-11,1.0703492041671e-10,14.110601647375,0.038585611827569,6.6613381477509e-16,1
23.1,128,0,23.1,0.0021901336731637,4.5657231110251e-06,-5.1345782206921e-11,1.0703492041671e-10,14.108672366783,0.038585611827569,6.6613381477509e-16,1
23.15,128,0,23.15,0.0021901335681242,4.5657233300799e-06,-5.1345782206921e-11,1.0703492041671e-10,14.106743086192,0.038585611827569,6.6613381477509e-16,1
23.2,128,0,23.2,0.0021901334630847,4.5657235491347e-06,-5.1345782206921e-11,1.0703492041671e-10,14.104813805601,0.038585611827569,6.6613381477509e-16,1
23.25,128,0,23.25,0.0021901333580452,4.5657237681895e-06,-5.1345782206921e-11,1.0703492041671e-10,14.102884525009,0.038585611827569,6.6613381477509e-16,1
23.3,128,0,23.3,0.0021901332530056,4.5657239872443e-06,-5.1345782206921e-11,1.0703492041671e-10,14.100955244418,0.038585611827569,6.6613381477509e-16,1
23.35,128,0,23.35,0.0021901331479661,4.565724206299e-06,-5.1345782206921e-11,1.0703492041671e-10,14.099025963826,0.038585611827569,6.6613381477509e-16,1
23.4,128,0,23.4,0.0021901330429266,4.5657244253538e-06,-5.1345782206921e-11,1.0703492041671e-10,14.097096683235,0.038585611827569,6.6613381477509e-16,1
23.45,128,0,23.45,0.0021901329378871,4.5657246444086e-06,-5.1345782206921e-11,1.0703492041671e-10,14.095167402644,0.038585611827569,6.6613381477509e-16,1
23.5,128,0,23.5,0.0021901328328475,4.5657248634634e-06,-5.1345782206921e-11,1.0703492041671e-10,14.093238122052,0.038585611827569,6.6613381477509e-16,1
23.55,128,0,23.55,0.002190132727808,4.5657250825181e-06,-5.1345782206921e-11,1.0703492041671e-10,14.091308841461,0.038585611827569,6.6613381477509e-16,1
23.6,128,0,23.6,0.0021901326227685,4.5657253015729e-06,-5.1345782206921e-11,1.0703492041671e-10,14.08937956087,0.038585611827569,6.6613381477509e-16,1
23.65,128,0,23.65,0.0021901325177289,4.5657255206277e-06,-5.1345782206921e-11,1.0703492041671e-10,14.087450280278,0.038585611827569,6.6613381477509e-16,1
23.7,128,0,23.7,0.0021901324126894,4.5657257396825e-06,-5.1345782206921e-11,1.0703492041671e-10,14.085520999687,0.038585611827569,6.6613381477509e-16,1
23.75,128,0,23.75,0.0021901323076499,4.5657259587372e-06,-5.1345782206921e-11,1.0703492041671e-10,14.083591719095,0.038585611827569,6.6613381477509e-16,1
23.8,128,0,23.8,0.0021901322026104,4.565726177792e-06,-5.1345782206921e-11,1.0703492041671e-10,14.081662438504,0.038585611827569,6.6613381477509e-16,1
23.85,128,0,23.85,0.0021901320975708,4.5657263968468e-06,-5.1345782206921e-11,1.0703492041671e-10,14.079733157913,0.038585611827569,6.6613381477509e-16,1
23.9,128,0,23.9,0.0021901319925313,4.5657266159016e-06,-5.1345782206921e-11,1.0703492041671e-10,14.077803877321,0.038585611827569,6.6613381477509e-16,1
23.95,128,0,23.95,0.0021901318874918,4.5657268349564e-06,-5.1345782206921e-11,1.0703492041671e-10,14.07587459673,0.038585611827569,6.6613381477509e-16,1
24,128,0,24,0.0021901317824523,4.5657270540111e-06,-5.1345782206921e-11,1.0703492041671e-10,14.073945316139,0.038585611827569,6.6613381477509e-16,1
24.05,128,0,24.05,0.0021901312757105,4.5657281102741e-06,4.6261824302791e-11,-9.6436695458515e-11,14.072016035547,0.038585611827568,1.8429702208778e-14,1
24.1,128,0,24.1,0.0021901307689687,4.5657291665371e-06,4.6261824302791e-11,-9.6436695458515e-11,14.070086754956,0.038585611827568,1.8429702208778e-14,1
24.15,128,0,24.15,0.0021901302622268,4.5657302228001e-06,4.6261824302791e-11,-9.6436695458515e-11,14.068157474364,0.038585611827568,1.8429702208778e-14,1
24.2,128,0,24.2,0.002190129755485,4.5657312790631e-06,4.6261824302791e-11,-9.6436695458515e-11,14.066228193773,0.038585611827568,1.8429702208778e-14,1
24.25,128,0,24.25,0.0021901292487432,4.5657323353261e-06,4.6261824302791e-11,-9.6436695458515e-11,14.064298913182,0.038585611827568,1.8429702208778e-14,1
24.3,128,0,24.3,0.0021901287420014,4.5657333915891e-06,4.6261824302791e-11,-9.6436695458515e-11,14.06236963259,0.038585611827568,1.8429702208778e-14,1
24.35,128,0,24.35,0.0021901282352596,4.5657344478521e-06,4.6261824302791e-11,-9.6436695458515e-11,14.060440351999,0.038585611827568,1.8429702208778e-14,1
24.4,128,0,24.4,0.0021901277285178,4.5657355041151e-06,4.6261824302791e-11,-9.6436695458515e-11,14.058511071408,0.038585611827568,1.8429702208778e-14,1
24.45,128,0,24.45,0.002190127221776,4.5657365603781e-06,4.6261824302791e-11,-9.6436695458515e-11,14.056581790816,0.038585611827568,1.8429702208778e-14,1
24.5,128,0,24.5,0.0021901267150342,4.5657376166411e-06,4.6261824302791e-11,-9.6436695458515e-11,14.054652510225,0.038585611827568,1.8429702208778e-14,1
24.55,128,0,24.55,0.0021901262082924,4.5657386729041e-06,4.6261824302791e-11,-9.6436695458515e-11,14.052723229633,0.038585611827568,1.8429702208778e-14,1
24.6,128,0,24.6,0.0021901257015506,4.5657397291671e-06,4.6261824302791e-11,-9.6436695458515e-11,14.050793949042,0.038585611827568,1.8429702208778e-14,1
24.65,128,0,24.65,0.0021901251948088,4.5657407854301e-06,4.6261824302791e-11,-9.6436695458515e-11,14.048864668451,0.038585611827568,1.8429702208778e-14,1
24.7,128,0,24.7,0.002190124688067,4.5657418416931e-06,4.6261824302791e-11,-9.6436695458515e-11,14.046935387859,0.038585611827568,1.8429702208778e-14,1
24.75,128,0,24.75,0.0021901241813252,4.5657428979561e-06,4.6261824302791e-11,-9.6436695458515e-11,14.045006107268,0.038585611827568,1.8429702208778e-14,1
24.8,128,0,24.8,0.0021901236745834,4.5657439542191e-06,4.6261824302791e-11,-9.6436695458515e-11,14.043076826676,0.038585611827568,1.8429702208778e-14,1
24.85,128,0,24.85,0.0021901231678416,4.5657450104821e-06,4.6261824302791e-11,-9.6436695458515e-11,14.041147546085,0.038585611827568,1.8429702208778e-14,1
24.9,128,0,24.9,0.0021901226610998,4.5657460667451e-06,4.6261824302791e-11,-9.6436695458515e-11,14.039218265494,0.038585611827568,1.8429702208778e-14,1
24.95,128,0,24.95,0.002190122154358,4.5657471230081e-06,4.6261824302791e-11,-9.6436695458515e-11,14.037288984902,0.038585611827568,1.8429702208778e-14,1
25,128,0,25,0.0021901216476162,4.5657481792711e-06,4.6261824302791e-11,-9.6436695458515e-11,14.035359704311,0.038585611827568,1.8429702208778e-14,1
25.05,128,0,25.05,0.0021901234168979,4.5657444911778e-06,-4.0775684901625e-11,8.4999863423895e-11,14.03343042372,0.038585611827558,3.1419311596892e-14,1
25.1,128,0,25.1,0.0021901251861796,4.5657408030846e-06,-4.0775684901625e-11,8.4999863423895e-11,14.031501143128,0.038585611827558,3.1419311596892e-14,1
25.15,128,0,25.15,0.0021901269554613,4.5657371149913e-06,-4.0775684901625e-11,8.4999863423895e-11,14.029571862537,0.038585611827558,3.1419311596892e-14,1
25.2,128,0,25.2,0.002190128724743,4.565733426898e-06,-4.0775684901625e-11,8.4999863423895e-11,14.027642581945,0.038585611827558,3.1419311596892e-14,1
25.25,128,0,25.25,0.0021901304940247,4.5657297388047e-06,-4.0775684901625e-11,8.4999863423895e-11,14.025713301354,0.038585611827558,3.1419311596892e-14,1
25.3,128,0,25.3,0.0021901322633064,4.5657260507114e-06,-4.0775684901625e-11,8.4999863423895e-11,14.023784020763,0.038585611827558,3.1419311596892e-14,1
25.35,128,0,25.35,0.0021901340325881,4.5657223626182e-06,-4.0775684901625e-11,8.4999863423895e-11,14.021854740171,0.038585611827558,3.1419311596892e-14,1
25.4,128,0,25.4,0.0021901358018698,4.5657186745249e-06,-4.0775684901625e-11,8.4999863423895e-11,14.01992545958,0.038585611827558,3.1419311596892e-14,1
25.45,128,0,25.45,0.0021901375711515,4.5657149864316e-06,-4.0775684901625e-11,8.4999863423895e-11,14.017996178989,0.038585611827558,3.1419311596892e-14,1
25.5,128,0,25.5,0.0021901393404333,4.5657112983383e-06,-4.0775684901625e-11,8.4999863423895e-11,14.016066898397,0.038585611827558,3.1419311596892e-14,1
25.55,128,0,25.55,0.002190141109715,4.565707610245e-06,-4.0775684901625e-11,8.4999863423895e-11,14.014137617806,0.038585611827558,3.1419311596892e-14,1
25.6,128,0,25.6,0.0021901428789967,4.5657039221518e-06,-4.0775684901625e-11,8.4999863423895e-11,14.012208337214,0.038585611827558,3.1419311596892e-14,1
25.65,128,0,25.65,0.0021901446482784,4.5657002340585e-06,-4.0775684901625e-11,8.4999863423895e-11,14.010279056623,0.038585611827558,3.1419311596892e-14,1
25.7,128,0,25.7,0.0021901464175601,4.5656965459652e-06,-4.0775684901625e-11,8.4999863423895e-11,14.008349776032,0.038585611827558,3.1419311596892e-14,1
25.75,128,0,25.75,0.0021901481868418,4.5656928578719e-06,-4.0775684901625e-11,8.4999863423895e-11,14.00642049544,0.038585611827558,3.1419311596892e-14,1
25.8,128,0,25.8,0.0021901499561235,4.5656891697786e-06,-4.0775684901625e-11,8.4999863423895e-11,14.004491214849,0.038585611827558,3.1419311596892e-14,1
25.85,128,0,25.85,0.0021901517254052,4.5656854816854e-06,-4.0775684901625e-11,8.4999863423895e-11,14.002561934258,0.038585611827558,3.1419311596892e-14,1
25.9,128,0,25.9,0.0021901534946869,4.5656817935921e-06,-4.0775684901625e-11,8.4999863423895e-11,14.000632653666,0.038585611827558,3.1419311596892e-14,1
25.95,128,0,25.95,0.0021901552639686,4.5656781054988e-06,-4.0775684901625e-11,8.4999863423895e-11,13.998703373075,0.038585611827558,3.1419311596892e-14,1
26,128,0,26,0.0021901570332503,4.5656744174055e-06,-4.0775684901625e-11,8.4999863423895e-11,13.996774092483,0.038585611827558,3.1419311596892e-14,1
26.05,128,0,26.05,0.0021901558364384,4.5656769121298e-06,4.5209830857825e-11,-9.4243442458548e-11,13.994844811892,0.038585611827559,2.2204460492503e-14,1
26.1,128,0,26.1,0.0021901546396265,4.565679406854e-06,4.5209830857825e-11,-9.4243442458548e-11,13.992915531301,0.038585611827559,2.2204460492503e-14,1
26.15,128,0,26.15,0.0021901534428146,4.5656819015782e-06,4.5209830857825e-11,-9.4243442458548e-11,13.990986250709,0.038585611827559,2.2204460492503e-14,1
26.2,128,0,26.2,0.0021901522460027,4.5656843963024e-06,4.5209830857825e-11,-9.4243442458548e-11,13.989056970118,0.038585611827559,2.2204460492503e-14,1
26.25,128,0,26.25,0.0021901510491908,4.5656868910267e-06,4.5209830857825e-11,-9.4243442458548e-11,13.987127689527,0.038585611827559,2.2204460492503e-14,1
26.3,128,0,26.3,0.0021901498523789,4.5656893857509e-06,4.5209830857825e-11,-9.4243442458548e-11,13.985198408935,0.038585611827559,2.2204460492503e-14,1
26.35,128,0,26.35,0.002190148655567,4.5656918804751e-06,4.5209830857825e-11,-9.4243442458548e-11,13.983269128344,0.038585611827559,2.2204460492503e-14,1
26.4,128,0,26.4,0.0021901474587551,4.5656943751994e-06,4.5209830857825e-11,-9.4243442458548e-11,13.981339847752,0.038585611827559,2.2204460492503e-14,1
26.45,128,0,26.45,0.0021901462619432,4.5656968699236e-06,4.5209830857825e-11,-9.4243442458548e-11,13.979410567161,0.038585611827559,2.2204460492503e-14,1
26.5,128,0,26.5,0.0021901450651313,4.5656993646478e-06,4.5209830857825e-11,-9.4243442458548e-11,13.97748128657,0.038585611827559,2.2204460492503e-14,1
26.55,128,0,26.55,0.0021901438683194,4.5657018593721e-06,4.5209830857825e-11,-9.4243442458548e-11,13.975552005978,0.038585611827559,2.2204460492503e-14,1
26.6,128,0,26.6,0.0021901426715075,4.5657043540963e-06,4.5209830857825e-11,-9.4243442458548e-11,13.973622725387,0.038585611827559,2.2204460492503e-14,1
26.65,128,0,26.65,0.0021901414746956,4.5657068488205e-06,4.5209830857825e-11,-9.4243442458548e-11,13.971693444795,0.038585611827559,2.2204460492503e-14,1
26.7,128,0,26.7,0.0021901402778837,4.5657093435448e-06,4.5209830857825e-11,-9.4243442458548e-11,13.969764164204,0.038585611827559,2.2204460492503e-14,1
26.75,128,0,26.75,0.0021901390810718,4.565711838269e-06,4.5209830857825e-11,-9.4243442458548e-11,13.967834883613,0.038585611827559,2.2204460492503e-14,1
26.8,128,0,26.8,0.0021901378842599,4.5657143329932e-06,4.5209830857825e-11,-9.4243442458548e-11,13.965905603021,0.038585611827559,2.2204460492503e-14,1
26.85,128,0,26.85,0.002190136687448,4.5657168277174e-06,4.5209830857825e-11,-9.4243442458548e-11,13.96397632243,0.038585611827559,2.2204460492503e-14,1
26.9,128,0,26.9,0.0021901354906361,4.5657193224417e-06,4.5209830857825e-11,-9.4243442458548e-11,13.962047041839,0.038585611827559,2.2204460492503e-14,1
26.95,128,0,26.95,0.0021901342938242,4.5657218171659e-06,4.5209830857825e-11,-9.4243442458548e-11,13.960117761247,0.038585611827559,2.2204460492503e-14,1
27,128,0,27,0.0021901330970123,4.5657243118901e-06,4.5209830857825e-11,-9.4243442458548e-11,13.958188480656,0.038585611827559,2.2204460492503e-14,1
27.05,128,0,27.05,0.00219013306709,4.5657243743567e-06,-5.0690737904755e-11,1.0566936330104e-10,13.956259200064,0.038585611827565,4.4408920985006e-15,1
27.1,128,0,27.1,0.0021901330371676,4.5657244368233e-06,-5.0690737904755e-11,1.0566936330104e-10,13.954329919473,0.038585611827565,4.4408920985006e-15,1
27.15,128,0,27.15,0.0021901330072453,4.5657244992898e-06,-5.0690737904755e-11,1.0566936330104e-10,13.952400638882,0.038585611827565,4.4408920985006e-15,1
27.2,128,0,27.2,0.0021901329773229,4.5657245617564e-06,-5.0690737904755e-11,1.0566936330104e-10,13.95047135829,0.038585611827565,4.4408920985006e-15,1
27.25,128,0,27.25,0.0021901329474006,4.565724624223e-06,-5.0690737904755e-11,1.0566936330104e-10,13.948542077699,0.038585611827565,4.4408920985006e-15,1
27.3,128,0,27.3,0.0021901329174782,4.5657246866895e-06,-5.0690737904755e-11,1.0566936330104e-10,13.946612797108,0.038585611827565,4.4408920985006e-15,1
27.35,128,0,27.35,0.0021901328875559,4.5657247491561e-06,-5.0690737904755e-11,1.0566936330104e-10,13.944683516516,0.038585611827565,4.4408920985006e-15,1
27.4,128,0,27.4,0.0021901328576336,4.5657248116227e-06,-5.0690737904755e-11,1.0566936330104e-10,13.942754235925,0.038585611827565,4.4408920985006e-15,1
27.45,128,0,27.45,0.0021901328277112,4.5657248740892e-06,-5.0690737904755e-11,1.0566936330104e-10,13.940824955333,0.038585611827565,4.4408920985006e-15,1
27.5,128,0,27.5,0.0021901327977889,4.5657249365558e-06,-5.0690737904755e-11,1.0566936330104e-10,13.938895674742,0.038585611827565,4.4408920985006e-15,1
27.55,128,0,27.55,0.0021901327678665,4.5657249990224e-06,-5.0690737904755e-11,1.0566936330104e-10,13.936966394151,0.038585611827565,4.4408920985006e-15,1
27.6,128,0,27.6,0.0021901327379442,4.5657250614889e-06,-5.0690737904755e-11,1.0566936330104e-10,13.935037113559,0.038585611827565,4.4408920985006e-15,1
27.65,128,0,27.65,0.0021901327080218,4.5657251239555e-06,-5.0690737904755e-11,1.0566936330104e-10,13.933107832968,0.038585611827565,4.4408920985006e-15,1
27.7,128,0,27.7,0.0021901326780995,4.5657251864221e-06,-5.0690737904755e-11,1.0566936330104e-10,13.931178552377,0.038585611827565,4.4408920985006e-15,1
27.75,128,0,27.75,0.0021901326481772,4.5657252488886e-06,-5.0690737904755e-11,1.0566936330104e-10,13.929249271785,0.038585611827565,4.4408920985006e-15,1
27.8,128,0,27.8,0.0021901326182548,4.5657253113552e-06,-5.0690737904755e-11,1.0566936330104e-10,13.927319991194,0.038585611827565,4.4408920985006e-15,1
27.85,128,0,27.85,0.0021901325883325,4.5657253738218e-06,-5.0690737904755e-11,1.0566936330104e-10,13.925390710602,0.038585611827565,4.4408920985006e-15,1
27.9,128,0,27.9,0.0021901325584101,4.5657254362883e-06,-5.0690737904755e-11,1.0566936330104e-10,13.923461430011,0.038585611827565,4.4408920985006e-15,1
27.95,128,0,27.95,0.0021901325284878,4.5657254987549e-06,-5.0690737904755e-11,1.0566936330104e-10,13.92153214942,0.038585611827565,4.4408920985006e-15,1
28,128,0,28,0.0021901324985654,4.5657255612215e-06,-5.0690737904755e-11,1.0566936330104e-10,13.919602868828,0.038585611827565,4.4408920985006e-15,1
28.05,128,0,28.05,0.0021901319431665,4.565726718913e-06,4.6975544757273e-11,-9.792453134768e-11,13.917673588237,0.038585611827572,-1.7097434579227e-14,1
28.1,128,0,28.1,0.0021901313877675,4.5657278766044e-06,4.6975544757273e-11,-9.792453134768e-11,13.915744307646,0.038585611827572,-1.7097434579227e-14,1
28.15,128,0,28.15,0.0021901308323686,4.5657290342959e-06,4.6975544757273e-11,-9.792453134768e-11,13.913815027054,0.038585611827572,-1.7097434579227e-14,1
28.2,128,0,28.2,0.0021901302769696,4.5657301919874e-06,4.6975544757273e-11,-9.792453134768e-11,13.911885746463,0.038585611827572,-1.7097434579227e-14,1
28.25,128,0,28.25,0.0021901297215707,4.5657313496789e-06,4.6975544757273e-11,-9.792453134768e-11,13.909956465871,0.038585611827572,-1.7097434579227e-14,1
28.3,128,0,28.3,0.0021901291661717,4.5657325073704e-06,4.6975544757273e-11,-9.792453134768e-11,13.90802718528,0.038585611827572,-1.7097434579227e-14,1
28.35,128,0,28.35,0.0021901286107728,4.5657336650619e-06,4.6975544757273e-11,-9.792453134768e-11,13.906097904689,0.038585611827572,-1.7097434579227e-14,1
28.4,128,0,28.4,0.0021901280553738,4.5657348227533e-06,4.6975544757273e-11,-9.792453134768e-11,13.904168624097,0.038585611827572,-1.7097434579227e-14,1
28.45,128,0,28.45,0.0021901274999749,4.5657359804448e-06,4.6975544757273e-11,-9.792453134768e-11,13.902239343506,0.038585611827572,-1.7097434579227e-14,1
28.5,128,0,28.5,0.0021901269445759,4.5657371381363e-06,4.6975544757273e-11,-9.792453134768e-11,13.900310062915,0.038585611827572,-1.7097434579227e-14,1
28.55,128,0,28.55,0.002190126389177,4.5657382958278e-06,4.6975544757273e-11,-9.792453134768e-11,13.898380782323,0.038585611827572,-1.7097434579227e-14,1
28.6,128,0,28.6,0.002190125833778,4.5657394535193e-06,4.6975544757273e-11,-9.792453134768e-11,13.896451501732,0.038585611827572,-1.7097434579227e-14,1
28.65,128,0,28.65,0.0021901252783791,4.5657406112108e-06,4.6975544757273e-11,-9.792453134768e-11,13.89452222114,0.038585611827572,-1.7097434579227e-14,1
28.7,128,0,28.7,0.0021901247229801,4.5657417689022e-06,4.6975544757273e-11,-9.792453134768e-11,13.892592940549,0.038585611827572,-1.7097434579227e-14,1
28.75,128,0,28.75,0.0021901241675811,4.5657429265937e-06,4.6975544757273e-11,-9.792453134768e-11,13.890663659958,0.038585611827572,-1.7097434579227e-14,1
28.8,128,0,28.8,0.0021901236121822,4.5657440842852e-06,4.6975544757273e-11,-9.792453134768e-11,13.888734379366,0.038585611827572,-1.7097434579227e-14,1
28.85,128,0,28.85,0.0021901230567832,4.5657452419767e-06,4.6975544757273e-11,-9.792453134768e-11,13.886805098775,0.038585611827572,-1.7097434579227e-14,1
28.9,128,0,28.9,0.0021901225013843,4.5657463996682e-06,4.6975544757273e-11,-9.792453134768e-11,13.884875818183,0.038585611827572,-1.7097434579227e-14,1
28.95,128,0,28.95,0.0021901219459853,4.5657475573597e-06,4.6975544757273e-11,-9.792453134768e-11,13.882946537592,0.038585611827572,-1.7097434579227e-14,1
29,128,0,29,0.0021901213905864,4.5657487150511e-06,4.6975544757273e-11,-9.792453134768e-11,13.881017257001,0.038585611827572,-1.7097434579227e-14,1
29.05,128,0,29.05,0.0021901231529943,4.565745041288e-06,-4.2137445874408e-11,8.7838614483269e-11,13.879087976409,0.038585611827552,1.7763568394003e-15,1
29.1,128,0,29.1,0.0021901249154023,4.5657413675248e-06,-4.2137445874408e-11,8.7838614483269e-11,13.877158695818,0.038585611827552,1.7763568394003e-15,1
29.15,128,0,29.15,0.0021901266778102,4.5657376937616e-06,-4.2137445874408e-11,8.7838614483269e-11,13.875229415227,0.038585611827552,1.7763568394003e-15,1
29.2,128,0,29.2,0.0021901284402181,4.5657340199985e-06,-4.2137445874408e-11,8.7838614483269e-11,13.873300134635,0.038585611827552,1.7763568394003e-15,1
29.25,128,0,29.25,0.0021901302026261,4.5657303462353e-06,-4.2137445874408e-11,8.7838614483269e-11,13.871370854044,0.038585611827552,1.7763568394003e-15,1
29.3,128,0,29.3,0.002190131965034,4.5657266724721e-06,-4.2137445874408e-11,8.7838614483269e-11,13.869441573452,0.038585611827552,1.7763568394003e-15,1
29.35,128,0,29.35,0.002190133727442,4.5657229987089e-06,-4.2137445874408e-11,8.7838614483269e-11,13.867512292861,0.038585611827552,1.7763568394003e-15,1
29.4,128,0,29.4,0.0021901354898499,4.5657193249458e-06,-4.2137445874408e-11,8.7838614483269e-11,13.86558301227,0.038585611827552,1.7763568394003e-15,1
29.45,128,0,29.45,0.0021901372522578,4.5657156511826e-06,-4.2137445874408e-11,8.7838614483269e-11,13.863653731678,0.038585611827552,1.7763568394003e-15,1
29.5,128,0,29.5,0.0021901390146658,4.5657119774194e-06,-4.2137445874408e-11,8.7838614483269e-11,13.861724451087,0.038585611827552,1.7763568394003e-15,1
29.55,128,0,29.55,0.0021901407770737,4.5657083036563e-06,-4.2137445874408e-11,8.7838614483269e-11,13.859795170496,0.038585611827552,1.7763568394003e-15,1
29.6,128,0,29.6,0.0021901425394817,4.5657046298931e-06,-4.2137445874408e-11,8.7838614483269e-11,13.857865889904,0.038585611827552,1.7763568394003e-15,1
29.65,128,0,29.65,0.0021901443018896,4.5657009561299e-06,-4.2137445874408e-11,8.7838614483269e-11,13.855936609313,0.038585611827552,1.7763568394003e-15,1
29.7,128,0,29.7,0.0021901460642975,4.5656972823667e-06,-4.2137445874408e-11,8.7838614483269e-11,13.854007328721,0.038585611827552,1.7763568394003e-15,1
29.75,128,0,29.75,0.0021901478267055,4.5656936086036e-06,-4.2137445874408e-11,8.7838614483269e-11,13.85207804813,0.038585611827552,1.7763568394003e-15,1
29.8,128,0,29.8,0.0021901495891134,4.5656899348404e-06,-4.2137445874408e-11,8.7838614483269e-11,13.850148767539,0.038585611827552,1.7763568394003e-15,1
29.85,128,0,29.85,0.0021901513515214,4.5656862610772e-06,-4.2137445874408e-11,8.7838614483269e-11,13.848219486947,0.038585611827552,1.7763568394003e-15,1
29.9,128,0,29.9,0.0021901531139293,4.5656825873141e-06,-4.2137445874408e-11,8.7838614483269e-11,13.846290206356,0.038585611827552,1.7763568394003e-15,1
29.95,128,0,29.95,0.0021901548763372,4.5656789135509e-06,-4.2137445874408e-11,8.7838614483269e-11,13.844360925765,0.038585611827552,1.7763568394003e-15,1
30,128,0,30,0.0021901566387452,4.5656752397877e-06,-4.2137445874408e-11,8.7838614483269e-11,13.842431645173,0.038585611827552,1.7763568394003e-15,1
30.05,128,0,30.05,0.0021901554816377,4.5656776517438e-06,4.692781041562e-11,-9.7824798055334e-11,13.840502364582,0.03858561182757,-4.2188474935756e-15,1
30.1,128,0,30.1,0.0021901543245303,4.5656800636998e-06,4.692781041562e-11,-9.7824798055334e-11,13.83857308399,0.03858561182757,-4.2188474935756e-15,1
30.15,128,0,30.15,0.0021901531674229,4.5656824756559e-06,4.692781041562e-11,-9.7824798055334e-11,13.836643803399,0.03858561182757,-4.2188474935756e-15,1
30.2,128,0,30.2,0.0021901520103154,4.565684887612e-06,4.692781041562e-11,-9.7824798055334e-11,13.834714522808,0.03858561182757,-4.2188474935756e-15,1
30.25,128,0,30.25,0.002190150853208,4.565687299568e-06,4.692781041562e-11,-9.7824798055334e-11,13.832785242216,0.03858561182757,-4.2188474935756e-15,1
30.3,128,0,30.3,0.0021901496961005,4.5656897115241e-06,4.692781041562e-11,-9.7824798055334e-11,13.830855961625,0.03858561182757,-4.2188474935756e-15,1
30.35,128,0,30.35,0.0021901485389931,4.5656921234802e-06,4.692781041562e-11,-9.7824798055334e-11,13.828926681034,0.03858561182757,-4.2188474935756e-15,1
30.4,128,0,30.4,0.0021901473818856,4.5656945354362e-06,4.692781041562e-11,-9.7824798055334e-11,13.826997400442,0.03858561182757,-4.2188474935756e-15,1
30.45,128,0,30.45,0.0021901462247782,4.5656969473923e-06,4.692781041562e-11,-9.7824798055334e-11,13.825068119851,0.03858561182757,-4.2188474935756e-15,1
30.5,128,0,30.5,0.0021901450676708,4.5656993593484e-06,4.692781041562e-11,-9.7824798055334e-11,13.823138839259,0.03858561182757,-4.2188474935756e-15,1
30.55,128,0,30.55,0.0021901439105633,4.5657017713044e-06,4.692781041562e-11,-9.7824798055334e-11,13.821209558668,0.03858561182757,-4.2188474935756e-15,1
30.6,128,0,30.6,0.0021901427534559,4.5657041832605e-06,4.692781041562e-11,-9.7824798055334e-11,13.819280278077,0.03858561182757,-4.2188474935756e-15,1
30.65,128,0,30.65,0.0021901415963484,4.5657065952166e-06,4.692781041562e-11,-9.7824798055334e-11,13.817350997485,0.03858561182757,-4.2188474935756e-15,1
30.7,128,0,30.7,0.002190140439241,4.5657090071726e-06,4.692781041562e-11,-9.7824798055334e-11,13.815421716894,0.03858561182757,-4.2188474935756e-15,1
30.75,128,0,30.75,0.0021901392821335,4.5657114191287e-06,4.692781041562e-11,-9.7824798055334e-11,13.813492436302,0.03858561182757,-4.2188474935756e-15,1
30.8,128,0,30.8,0.0021901381250261,4.5657138310848e-06,4.692781041562e-11,-9.7824798055334e-11,13.811563155711,0.03858561182757,-4.2188474935756e-15,1
30.85,128,0,30.85,0.0021901369679186,4.5657162430408e-06,4.692781041562e-11,-9.7824798055334e-11,13.80963387512,0.03858561182757,-4.2188474935756e-15,1
30.9,128,0,30.9,0.0021901358108112,4.5657186549969e-06,4.692781041562e-11,-9.7824798055334e-11,13.807704594528,0.03858561182757,-4.2188474935756e-15,1
30.95,128,0,30.95,0.0021901346537038,4.565721066953e-06,4.692781041562e-11,-9.7824798055334e-11,13.805775313937,0.03858561182757,-4.2188474935756e-15,1
31,128,0,31,0.0021901334965963,4.565723478909e-06,4.692781041562e-11,-9.7824798055334e-11,13.803846033346,0.03858561182757,-4.2188474935756e-15,1
31.05,128,0,31.05,0.002190133472393,4.5657235294542e-06,-5.3364236666565e-11,1.1124255736973e-10,13.801916752754,0.038585611827554,2.8199664825479e-14,1
31.1,128,0,31.1,0.0021901334481896,4.5657235799995e-06,-5.3364236666565e-11,1.1124255736973e-10,13.799987472163,0.038585611827554,2.8199664825479e-14,1
31.15,128,0,31.15,0.0021901334239862,4.5657236305447e-06,-5.3364236666565e-11,1.1124255736973e-10,13.798058191571,0.038585611827554,2.8199664825479e-14,1
31.2,128,0,31.2,0.0021901333997829,4.5657236810899e-06,-5.3364236666565e-11,1.1124255736973e-10,13.79612891098,0.038585611827554,2.8199664825479e-14,1
31.25,128,0,31.25,0.0021901333755795,4.5657237316351e-06,-5.3364236666565e-11,1.1124255736973e-10,13.794199630389,0.038585611827554,2.8199664825479e-14,1
31.3,128,0,31.3,0.0021901333513762,4.5657237821803e-06,-5.3364236666565e-11,1.1124255736973e-10,13.792270349797,0.038585611827554,2.8199664825479e-14,1
31.35,128,0,31.35,0.0021901333271728,4.5657238327255e-06,-5.3364236666565e-11,1.1124255736973e-10,13.790341069206,0.038585611827554,2.8199664825479e-14,1
31.4,128,0,31.4,0.0021901333029694,4.5657238832707e-06,-5.3364236666565e-11,1.1124255736973e-10,13.788411788615,0.038585611827554,2.8199664825479e-14,1
31.45,128,0,31.45,0.0021901332787661,4.5657239338159e-06,-5.3364236666565e-11,1.1124255736973e-10,13.786482508023,0.038585611827554,2.8199664825479e-14,1
31.5,128,0,31.5,0.0021901332545627,4.5657239843611e-06,-5.3364236666565e-11,1.1124255736973e-10,13.784553227432,0.038585611827554,2.8199664825479e-14,1
31.55,128,0,31.55,0.0021901332303594,4.5657240349063e-06,-5.3364236666565e-11,1.1124255736973e-10,13.78262394684,0.038585611827554,2.8199664825479e-14,1
31.6,128,0,31.6,0.002190133206156,4.5657240854515e-06,-5.3364236666565e-11,1.1124255736973e-10,13.780694666249,0.038585611827554,2.8199664825479e-14,1
31.65,128,0,31.65,0.0021901331819526,4.5657241359967e-06,-5.3364236666565e-11,1.1124255736973e-10,13.778765385658,0.038585611827554,2.8199664825479e-14,1
31.7,128,0,31.7,0.0021901331577493,4.5657241865419e-06,-5.3364236666565e-11,1.1124255736973e-10,13.776836105066,0.038585611827554,2.8199664825479e-14,1
31.75,128,0,31.75,0.0021901331335459,4.5657242370871e-06,-5.3364236666565e-11,1.1124255736973e-10,13.774906824475,0.038585611827554,2.8199664825479e-14,1
31.8,128,0,31.8,0.0021901331093426,4.5657242876323e-06,-5.3364236666565e-11,1.1124255736973e-10,13.772977543884,0.038585611827554,2.8199664825479e-14,1
31.85,128,0,31.85,0.0021901330851392,4.5657243381775e-06,-5.3364236666565e-11,1.1124255736973e-10,13.771048263292,0.038585611827554,2.8199664825479e-14,1
31.9,128,0,31.9,0.0021901330609358,4.5657243887227e-06,-5.3364236666565e-11,1.1124255736973e-10,13.769118982701,0.038585611827554,2.8199664825479e-14,1
31.95,128,0,31.95,0.0021901330367325,4.5657244392679e-06,-5.3364236666565e-11,1.1124255736973e-10,13.767189702109,0.038585611827554,2.8199664825479e-14,1
32,128,0,32,0.0021901330125291,4.5657244898131e-06,-5.3364236666565e-11,1.1124255736973e-10,13.765260421518,0.038585611827554,2.8199664825479e-14,1
32.05,128,0,32.05,0.0021901323266819,4.5657259194385e-06,5.0002547424485e-11,-1.0423461397407e-10,13.763331140927,0.038585611827572,4.1522341120981e-14,1
32.1,128,0,32.1,0.0021901316408347,4.5657273490638e-06,5.0002547424485e-11,-1.0423461397407e-10,13.761401860335,0.038585611827572,4.1522341120981e-14,1
32.15,128,0,32.15,0.0021901309549874,4.5657287786892e-06,5.0002547424485e-11,-1.0423461397407e-10,13.759472579744,0.038585611827572,4.1522341120981e-14,1
32.2,128,0,32.2,0.0021901302691402,4.5657302083145e-06,5.0002547424485e-11,-1.0423461397407e-10,13.757543299152,0.038585611827572,4.1522341120981e-14,1
32.25,128,0,32.25,0.002190129583293,4.5657316379399e-06,5.0002547424485e-11,-1.0423461397407e-10,13.755614018561,0.038585611827572,4.1522341120981e-14,1
32.3,128,0,32.3,0.0021901288974457,4.5657330675653e-06,5.0002547424485e-11,-1.0423461397407e-10,13.75368473797,0.038585611827572,4.1522341120981e-14,1
32.35,128,0,32.35,0.0021901282115985,4.5657344971906e-06,5.0002547424485e-11,-1.0423461397407e-10,13.751755457378,0.038585611827572,4.1522341120981e-14,1
32.4,128,0,32.4,0.0021901275257513,4.565735926816e-06,5.0002547424485e-11,-1.0423461397407e-10,13.749826176787,0.038585611827572,4.1522341120981e-14,1
32.45,128,0,32.45,0.0021901268399041,4.5657373564413e-06,5.0002547424485e-11,-1.0423461397407e-10,13.747896896196,0.038585611827572,4.1522341120981e-14,1
32.5,128,0,32.5,0.0021901261540568,4.5657387860667e-06,5.0002547424485e-11,-1.0423461397407e-10,13.745967615604,0.038585611827572,4.1522341120981e-14,1
32.55,128,0,32.55,0.0021901254682096,4.565740215692e-06,5.0002547424485e-11,-1.0423461397407e-10,13.744038335013,0.038585611827572,4.1522341120981e-14,1
32.6,128,0,32.6,0.0021901247823624,4.5657416453174e-06,5.0002547424485e-11,-1.0423461397407e-10,13.742109054421,0.038585611827572,4.1522341120981e-14,1
32.65,128,0,32.65,0.0021901240965151,4.5657430749428e-06,5.0002547424485e-11,-1.0423461397407e-10,13.74017977383,0.038585611827572,4.1522341120981e-14,1
32.7,128,0,32.7,0.0021901234106679,4.5657445045681e-06,5.0002547424485e-11,-1.0423461397407e-10,13.738250493239,0.038585611827572,4.1522341120981e-14,1
32.75,128,0,32.75,0.0021901227248207,4.5657459341935e-06,5.0002547424485e-11,-1.0423461397407e-10,13.736321212647,0.038585611827572,4.1522341120981e-14,1
32.8,128,0,32.8,0.0021901220389735,4.5657473638188e-06,5.0002547424485e-11,-1.0423461397407e-10,13.734391932056,0.038585611827572,4.1522341120981e-14,1
32.85,128,0,32.85,0.0021901213531262,4.5657487934442e-06,5.0002547424485e-11,-1.0423461397407e-10,13.732462651465,0.038585611827572,4.1522341120981e-14,1
32.9,128,0,32.9,0.002190120667279,4.5657502230696e-06,5.0002547424485e-11,-1.0423461397407e-10,13.730533370873,0.038585611827572,4.1522341120981e-14,1
32.95,128,0,32.95,0.0021901199814318,4.5657516526949e-06,5.0002547424485e-11,-1.0423461397407e-10,13.728604090282,0.038585611827572,4.1522341120981e-14,1
33,128,0,33,0.0021901192955845,4.5657530823203e-06,5.0002547424485e-11,-1.0423461397407e-10,13.72667480969,0.038585611827572,4.1522341120981e-14,1
33.05,128,0,33.05,0.0021901212936486,4.5657489173094e-06,-4.413289410909e-11,9.1998320459872e-11,13.724745529099,0.038585611827616,-1.3544720900427e-14,1
33.1,128,0,33.1,0.0021901232917126,4.5657447522985e-06,-4.413289410909e-11,9.1998320459872e-11,13.722816248508,0.038585611827616,-1.3544720900427e-14,1
33.15,128,0,33.15,0.0021901252897767,4.5657405872876e-06,-4.413289410909e-11,9.1998320459872e-11,13.720886967916,0.038585611827616,-1.3544720900427e-14,1
33.2,128,0,33.2,0.0021901272878407,4.5657364222767e-06,-4.413289410909e-11,9.1998320459872e-11,13.718957687325,0.038585611827616,-1.3544720900427e-14,1
33.25,128,0,33.25,0.0021901292859048,4.5657322572658e-06,-4.413289410909e-11,9.1998320459872e-11,13.717028406734,0.038585611827616,-1.3544720900427e-14,1
33.3,128,0,33.3,0.0021901312839688,4.5657280922549e-06,-4.413289410909e-11,9.1998320459872e-11,13.715099126142,0.038585611827616,-1.3544720900427e-14,1
33.35,128,0,33.35,0.0021901332820329,4.565723927244e-06,-4.413289410909e-11,9.1998320459872e-11,13.713169845551,0.038585611827616,-1.3544720900427e-14,1
33.4,128,0,33.4,0.0021901352800969,4.5657197622331e-06,-4.413289410909e-11,9.1998320459872e-11,13.711240564959,0.038585611827616,-1.3544720900427e-14,1
33.45,128,0,33.45,0.0021901372781609,4.5657155972222e-06,-4.413289410909e-11,9.1998320459872e-11,13.709311284368,0.038585611827616,-1.3544720900427e-14,1
33.5,128,0,33.5,0.002190139276225,4.5657114322113e-06,-4.413289410909e-11,9.1998320459872e-11,13.707382003777,0.038585611827616,-1.3544720900427e-14,1
33.55,128,0,33.55,0.002190141274289,4.5657072672004e-06,-4.413289410909e-11,9.1998320459872e-11,13.705452723185,0.038585611827616,-1.3544720900427e-14,1
33.6,128,0,33.6,0.0021901432723531,4.5657031021895e-06,-4.413289410909e-11,9.1998320459872e-11,13.703523442594,0.038585611827616,-1.3544720900427e-14,1
33.65,128,0,33.65,0.0021901452704171,4.5656989371786e-06,-4.413289410909e-11,9.1998320459872e-11,13.701594162003,0.038585611827616,-1.3544720900427e-14,1
33.7,128,0,33.7,0.0021901472684812,4.5656947721677e-06,-4.413289410909e-11,9.1998320459872e-11,13.699664881411,0.038585611827616,-1.3544720900427e-14,1
33.75,128,0,33.75,0.0021901492665452,4.5656906071568e-06,-4.413289410909e-11,9.1998320459872e-11,13.69773560082,0.038585611827616,-1.3544720900427e-14,1
33.8,128,0,33.8,0.0021901512646093,4.5656864421459e-06,-4.413289410909e-11,9.1998320459872e-11,13.695806320228,0.038585611827616,-1.3544720900427e-14,1
33.85,128,0,33.85,0.0021901532626733,4.565682277135e-06,-4.413289410909e-11,9.1998320459872e-11,13.693877039637,0.038585611827616,-1.3544720900427e-14,1
33.9,128,0,33.9,0.0021901552607374,4.5656781121241e-06,-4.413289410909e-11,9.1998320459872e-11,13.691947759046,0.038585611827616,-1.3544720900427e-14,1
33.95,128,0,33.95,0.0021901572588014,4.5656739471132e-06,-4.413289410909e-11,9.1998320459872e-11,13.690018478454,0.038585611827616,-1.3544720900427e-14,1
34,128,0,34,0.0021901592568654,4.5656697821023e-06,-4.413289410909e-11,9.1998320459872e-11,13.688089197863,0.038585611827616,-1.3544720900427e-14,1
34.05,128,0,34.05,0.0021901579010056,4.5656726083775e-06,4.6682977613584e-11,-9.7314339162056e-11,13.686159917271,0.038585611827526,-1.1990408665952e-14,1
34.1,128,0,34.1,0.0021901565451458,4.5656754346526e-06,4.6682977613584e-11,-9.7314339162056e-11,13.68423063668,0.038585611827526,-1.1990408665952e-14,1
34.15,128,0,34.15,0.002190155189286,4.5656782609277e-06,4.6682977613584e-11,-9.7314339162056e-11,13.682301356089,0.038585611827526,-1.1990408665952e-14,1
34.2,128,0,34.2,0.0021901538334261,4.5656810872029e-06,4.6682977613584e-11,-9.7314339162056e-11,13.680372075497,0.038585611827526,-1.1990408665952e-14,1
34.25,128,0,34.25,0.0021901524775663,4.565683913478e-06,4.6682977613584e-11,-9.7314339162056e-11,13.678442794906,0.038585611827526,-1.1990408665952e-14,1
34.3,128,0,34.3,0.0021901511217065,4.5656867397531e-06,4.6682977613584e-11,-9.7314339162056e-11,13.676513514315,0.038585611827526,-1.1990408665952e-14,1
34.35,128,0,34.35,0.0021901497658466,4.5656895660282e-06,4.6682977613584e-11,-9.7314339162056e-11,13.674584233723,0.038585611827526,-1.1990408665952e-14,1
34.4,128,0,34.4,0.0021901484099868,4.5656923923034e-06,4.6682977613584e-11,-9.7314339162056e-11,13.672654953132,0.038585611827526,-1.1990408665952e-14,1
34.45,128,0,34.45,0.002190147054127,4.5656952185785e-06,4.6682977613584e-11,-9.7314339162056e-11,13.67072567254,0.038585611827526,-1.1990408665952e-14,1
34.5,128,0,34.5,0.0021901456982671,4.5656980448536e-06,4.6682977613584e-11,-9.7314339162056e-11,13.668796391949,0.038585611827526,-1.1990408665952e-14,1
34.55,128,0,34.55,0.0021901443424073,4.5657008711288e-06,4.6682977613584e-11,-9.7314339162056e-11,13.666867111358,0.038585611827526,-1.1990408665952e-14,1
34.6,128,0,34.6,0.0021901429865475,4.5657036974039e-06,4.6682977613584e-11,-9.7314339162056e-11,13.664937830766,0.038585611827526,-1.1990408665952e-14,1
34.65,128,0,34.65,0.0021901416306876,4.565706523679e-06,4.6682977613584e-11,-9.7314339162056e-11,13.663008550175,0.038585611827526,-1.1990408665952e-14,1
34.7,128,0,34.7,0.0021901402748278,4.5657093499542e-06,4.6682977613584e-11,-9.7314339162056e-11,13.661079269584,0.038585611827526,-1.1990408665952e-14,1
34.75,128,0,34.75,0.002190138918968,4.5657121762293e-06,4.6682977613584e-11,-9.7314339162056e-11,13.659149988992,0.038585611827526,-1.1990408665952e-14,1
34.8,128,0,34.8,0.0021901375631082,4.5657150025044e-06,4.6682977613584e-11,-9.7314339162056e-11,13.657220708401,0.038585611827526,-1.1990408665952e-14,1
34.85,128,0,34.85,0.0021901362072483,4.5657178287795e-06,4.6682977613584e-11,-9.7314339162056e-11,13.655291427809,0.038585611827526,-1.1990408665952e-14,1
34.9,128,0,34.9,0.0021901348513885,4.5657206550547e-06,4.6682977613584e-11,-9.7314339162056e-11,13.653362147218,0.038585611827526,-1.1990408665952e-14,1
34.95,128,0,34.95,0.0021901334955287,4.5657234813298e-06,4.6682977613584e-11,-9.7314339162056e-11,13.651432866627,0.038585611827526,-1.1990408665952e-14,1
35,128,0,35,0.0021901321396688,4.5657263076049e-06,4.6682977613584e-11,-9.7314339162056e-11,13.649503586035,0.038585611827526,-1.1990408665952e-14,1
35.05,128,0,35.05,0.00219013211044,4.5657263686221e-06,-5.0419733343461e-11,1.0510443214223e-10,13.647574305444,0.038585611827555,2.9976021664879e-15,1
35.1,128,0,35.1,0.0021901320812112,4.5657264296393e-06,-5.0419733343461e-11,1.0510443214223e-10,13.645645024853,0.038585611827555,2.9976021664879e-15,1
35.15,128,0,35.15,0.0021901320519823,4.5657264906564e-06,-5.0419733343461e-11,1.0510443214223e-10,13.643715744261,0.038585611827555,2.9976021664879e-15,1
35.2,128,0,35.2,0.0021901320227535,4.5657265516736e-06,-5.0419733343461e-11,1.0510443214223e-10,13.64178646367,0.038585611827555,2.9976021664879e-15,1
35.25,128,0,35.25,0.0021901319935247,4.5657266126908e-06,-5.0419733343461e-11,1.0510443214223e-10,13.639857183078,0.038585611827555,2.9976021664879e-15,1
35.3,128,0,35.3,0.0021901319642958,4.5657266737079e-06,-5.0419733343461e-11,1.0510443214223e-10,13.637927902487,0.038585611827555,2.9976021664879e-15,1
35.35,128,0,35.35,0.002190131935067,4.5657267347251e-06,-5.0419733343461e-11,1.0510443214223e-10,13.635998621896,0.038585611827555,2.9976021664879e-15,1
35.4,128,0,35.4,0.0021901319058382,4.5657267957423e-06,-5.0419733343461e-11,1.0510443214223e-10,13.634069341304,0.038585611827555,2.9976021664879e-15,1
35.45,128,0,35.45,0.0021901318766093,4.5657268567594e-06,-5.0419733343461e-11,1.0510443214223e-10,13.632140060713,0.038585611827555,2.9976021664879e-15,1
35.5,128,0,35.5,0.0021901318473805,4.5657269177766e-06,-5.0419733343461e-11,1.0510443214223e-10,13.630210780122,0.038585611827555,2.9976021664879e-15,1
35.55,128,0,35.55,0.0021901318181517,4.5657269787938e-06,-5.0419733343461e-11,1.0510443214223e-10,13.62828149953,0.038585611827555,2.9976021664879e-15,1
35.6,128,0,35.6,0.0021901317889228,4.5657270398109e-06,-5.0419733343461e-11,1.0510443214223e-10,13.626352218939,0.038585611827555,2.9976021664879e-15,1
35.65,128,0,35.65,0.002190131759694,4.5657271008281e-06,-5.0419733343461e-11,1.0510443214223e-10,13.624422938347,0.038585611827555,2.9976021664879e-15,1
35.7,128,0,35.7,0.0021901317304652,4.5657271618453e-06,-5.0419733343461e-11,1.0510443214223e-10,13.622493657756,0.038585611827555,2.9976021664879e-15,1
35.75,128,0,35.75,0.0021901317012363,4.5657272228625e-06,-5.0419733343461e-11,1.0510443214223e-10,13.620564377165,0.038585611827555,2.9976021664879e-15,1
35.8,128,0,35.8,0.0021901316720075,4.5657272838796e-06,-5.0419733343461e-11,1.0510443214223e-10,13.618635096573,0.038585611827555,2.9976021664879e-15,1
35.85,128,0,35.85,0.0021901316427787,4.5657273448968e-06,-5.0419733343461e-11,1.0510443214223e-10,13.616705815982,0.038585611827555,2.9976021664879e-15,1
35.9,128,0,35.9,0.0021901316135498,4.565727405914e-06,-5.0419733343461e-11,1.0510443214223e-10,13.614776535391,0.038585611827555,2.9976021664879e-15,1
35.95,128,0,35.95,0.002190131584321,4.5657274669311e-06,-5.0419733343461e-11,1.0510443214223e-10,13.612847254799,0.038585611827555,2.9976021664879e-15,1
36,128,0,36,0.0021901315550922,4.5657275279483e-06,-5.0419733343461e-11,1.0510443214223e-10,13.610917974208,0.038585611827555,2.9976021664879e-15,1
36.05,128,0,36.05,0.0021901311038353,4.565728468547e-06,4.5726528585615e-11,-9.5320822103045e-11,13.608988693616,0.038585611827546,-7.105427357601e-15,1
36.1,128,0,36.1,0.0021901306525785,4.5657294091458e-06,4.5726528585615e-11,-9.5320822103045e-11,13.607059413025,0.038585611827546,-7.105427357601e-15,1
36.15,128,0,36.15,0.0021901302013217,4.5657303497445e-06,4.5726528585615e-11,-9.5320822103045e-11,13.605130132434,0.038585611827546,-7.105427357601e-15,1
36.2,128,0,36.2,0.0021901297500649,4.5657312903432e-06,4.5726528585615e-11,-9.5320822103045e-11,13.603200851842,0.038585611827546,-7.105427357601e-15,1
36.25,128,0,36.25,0.0021901292988081,4.565732230942e-06,4.5726528585615e-11,-9.5320822103045e-11,13.601271571251,0.038585611827546,-7.105427357601e-15,1
36.3,128,0,36.3,0.0021901288475512,4.5657331715407e-06,4.5726528585615e-11,-9.5320822103045e-11,13.59934229066,0.038585611827546,-7.105427357601e-15,1
36.35,128,0,36.35,0.0021901283962944,4.5657341121394e-06,4.5726528585615e-11,-9.5320822103045e-11,13.597413010068,0.038585611827546,-7.105427357601e-15,1
36.4,128,0,36.4,0.0021901279450376,4.5657350527382e-06,4.5726528585615e-11,-9.5320822103045e-11,13.595483729477,0.038585611827546,-7.105427357601e-15,1
36.45,128,0,36.45,0.0021901274937808,4.5657359933369e-06,4.5726528585615e-11,-9.5320822103045e-11,13.593554448885,0.038585611827546,-7.105427357601e-15,1
36.5,128,0,36.5,0.0021901270425239,4.5657369339357e-06,4.5726528585615e-11,-9.5320822103045e-11,13.591625168294,0.038585611827546,-7.105427357601e-15,1
36.55,128,0,36.55,0.0021901265912671,4.5657378745344e-06,4.5726528585615e-11,-9.5320822103045e-11,13.589695887703,0.038585611827546,-7.105427357601e-15,1
36.6,128,0,36.6,0.0021901261400103,4.5657388151331e-06,4.5726528585615e-11,-9.5320822103045e-11,13.587766607111,0.038585611827546,-7.105427357601e-15,1
36.65,128,0,36.65,0.0021901256887535,4.5657397557319e-06,4.5726528585615e-11,-9.5320822103045e-11,13.58583732652,0.038585611827546,-7.105427357601e-15,1
36.7,128,0,36.7,0.0021901252374967,4.5657406963306e-06,4.5726528585615e-11,-9.5320822103045e-11,13.583908045928,0.038585611827546,-7.105427357601e-15,1
36.75,128,0,36.75,0.0021901247862398,4.5657416369294e-06,4.5726528585615e-11,-9.5320822103045e-11,13.581978765337,0.038585611827546,-7.105427357601e-15,1
36.8,128,0,36.8,0.002190124334983,4.5657425775281e-06,4.5726528585615e-11,-9.5320822103045e-11,13.580049484746,0.038585611827546,-7.105427357601e-15,1
36.85,128,0,36.85,0.0021901238837262,4.5657435181268e-06,4.5726528585615e-11,-9.5320822103045e-11,13.578120204154,0.038585611827546,-7.105427357601e-15,1
36.9,128,0,36.9,0.0021901234324694,4.5657444587256e-06,4.5726528585615e-11,-9.5320822103045e-11,13.576190923563,0.038585611827546,-7.105427357601e-15,1
36.95,128,0,36.95,0.0021901229812126,4.5657453993243e-06,4.5726528585615e-11,-9.5320822103045e-11,13.574261642972,0.038585611827546,-7.105427357601e-15,1
37,128,0,37,0.0021901225299557,4.565746339923e-06,4.5726528585615e-11,-9.5320822103045e-11,13.57233236238,0.038585611827546,-7.105427357601e-15,1
37.05,128,0,37.05,0.0021901242687956,4.5657427152901e-06,-4.0912643510901e-11,8.5285357341275e-11,13.570403081789,0.038585611827544,-4.6629367034257e-15,1
37.1,128,0,37.1,0.0021901260076355,4.5657390906571e-06,-4.0912643510901e-11,8.5285357341275e-11,13.568473801197,0.038585611827544,-4.6629367034257e-15,1
37.15,128,0,37.15,0.0021901277464753,4.5657354660242e-06,-4.0912643510901e-11,8.5285357341275e-11,13.566544520606,0.038585611827544,-4.6629367034257e-15,1
37.2,128,0,37.2,0.0021901294853152,4.5657318413913e-06,-4.0912643510901e-11,8.5285357341275e-11,13.564615240015,0.038585611827544,-4.6629367034257e-15,1
37.25,128,0,37.25,0.002190131224155,4.5657282167583e-06,-4.0912643510901e-11,8.5285357341275e-11,13.562685959423,0.038585611827544,-4.6629367034257e-15,1
37.3,128,0,37.3,0.0021901329629949,4.5657245921254e-06,-4.0912643510901e-11,8.5285357341275e-11,13.560756678832,0.038585611827544,-4.6629367034257e-15,1
37.35,128,0,37.35,0.0021901347018347,4.5657209674924e-06,-4.0912643510901e-11,8.5285357341275e-11,13.558827398241,0.038585611827544,-4.6629367034257e-15,1
37.4,128,0,37.4,0.0021901364406746,4.5657173428595e-06,-4.0912643510901e-11,8.5285357341275e-11,13.556898117649,0.038585611827544,-4.6629367034257e-15,1
37.45,128,0,37.45,0.0021901381795144,4.5657137182265e-06,-4.0912643510901e-11,8.5285357341275e-11,13.554968837058,0.038585611827544,-4.6629367034257e-15,1
37.5,128,0,37.5,0.0021901399183543,4.5657100935936e-06,-4.0912643510901e-11,8.5285357341275e-11,13.553039556466,0.038585611827544,-4.6629367034257e-15,1
37.55,128,0,37.55,0.0021901416571942,4.5657064689606e-06,-4.0912643510901e-11,8.5285357341275e-11,13.551110275875,0.038585611827544,-4.6629367034257e-15,1
37.6,128,0,37.6,0.002190143396034,4.5657028443277e-06,-4.0912643510901e-11,8.5285357341275e-11,13.549180995284,0.038585611827544,-4.6629367034257e-15,1
37.65,128,0,37.65,0.0021901451348739,4.5656992196948e-06,-4.0912643510901e-11,8.5285357341275e-11,13.547251714692,0.038585611827544,-4.6629367034257e-15,1
37.7,128,0,37.7,0.0021901468737137,4.5656955950618e-06,-4.0912643510901e-11,8.5285357341275e-11,13.545322434101,0.038585611827544,-4.6629367034257e-15,1
37.75,128,0,37.75,0.0021901486125536,4.5656919704289e-06,-4.0912643510901e-11,8.5285357341275e-11,13.54339315351,0.038585611827544,-4.6629367034257e-15,1
37.8,128,0,37.8,0.0021901503513934,4.5656883457959e-06,-4.0912643510901e-11,8.5285357341275e-11,13.541463872918,0.038585611827544,-4.6629367034257e-15,1
37.85,128,0,37.85,0.0021901520902333,4.565684721163e-06,-4.0912643510901e-11,8.5285357341275e-11,13.539534592327,0.038585611827544,-4.6629367034257e-15,1
37.9,128,0,37.9,0.0021901538290731,4.56568109653e-06,-4.0912643510901e-11,8.5285357341275e-11,13.537605311735,0.038585611827544,-4.6629367034257e-15,1
37.95,128,0,37.95,0.002190155567913,4.5656774718971e-06,-4.0912643510901e-11,8.5285357341275e-11,13.535676031144,0.038585611827544,-4.6629367034257e-15,1
38,128,0,38,0.0021901573067529,4.5656738472641e-06,-4.0912643510901e-11,8.5285357341275e-11,13.533746750553,0.038585611827544,-4.6629367034257e-15,1
38.05,128,0,38.05,0.0021901560555368,4.5656764554012e-06,4.5368542762609e-11,-9.4574279720685e-11,13.531817469961,0.038585611827575,9.7699626167014e-15,1
38.1,128,0,38.1,0.0021901548043207,4.5656790635383e-06,4.5368542762609e-11,-9.4574279720685e-11,13.52988818937,0.038585611827575,9.7699626167014e-15,1
38.15,128,0,38.15,0.0021901535531046,4.5656816716753e-06,4.5368542762609e-11,-9.4574279720685e-11,13.527958908779,0.038585611827575,9.7699626167014e-15,1
38.2,128,0,38.2,0.0021901523018886,4.5656842798124e-06,4.5368542762609e-11,-9.4574279720685e-11,13.526029628187,0.038585611827575,9.7699626167014e-15,1
38.25,128,0,38.25,0.0021901510506725,4.5656868879494e-06,4.5368542762609e-11,-9.4574279720685e-11,13.524100347596,0.038585611827575,9.7699626167014e-15,1
38.3,128,0,38.3,0.0021901497994564,4.5656894960865e-06,4.5368542762609e-11,-9.4574279720685e-11,13.522171067004,0.038585611827575,9.7699626167014e-15,1
38.35,128,0,38.35,0.0021901485482404,4.5656921042235e-06,4.5368542762609e-11,-9.4574279720685e-11,13.520241786413,0.038585611827575,9.7699626167014e-15,1
38.4,128,0,38.4,0.0021901472970243,4.5656947123606e-06,4.5368542762609e-11,-9.4574279720685e-11,13.518312505822,0.038585611827575,9.7699626167014e-15,1
38.45,128,0,38.45,0.0021901460458082,4.5656973204976e-06,4.5368542762609e-11,-9.4574279720685e-11,13.51638322523,0.038585611827575,9.7699626167014e-15,1
38.5,128,0,38.5,0.0021901447945922,4.5656999286347e-06,4.5368542762609e-11,-9.4574279720685e-11,13.514453944639,0.038585611827575,9.7699626167014e-15,1
38.55,128,0,38.55,0.0021901435433761,4.5657025367718e-06,4.5368542762609e-11,-9.4574279720685e-11,13.512524664048,0.038585611827575,9.7699626167014e-15,1
38.6,128,0,38.6,0.00219014229216,4.5657051449088e-06,4.5368542762609e-11,-9.4574279720685e-11,13.510595383456,0.038585611827575,9.7699626167014e-15,1
38.65,128,0,38.65,0.0021901410409439,4.5657077530459e-06,4.5368542762609e-11,-9.4574279720685e-11,13.508666102865,0.038585611827575,9.7699626167014e-15,1
38.7,128,0,38.7,0.0021901397897279,4.5657103611829e-06,4.5368542762609e-11,-9.4574279720685e-11,13.506736822273,0.038585611827575,9.7699626167014e-15,1
38.75,128,0,38.75,0.0021901385385118,4.56571296932e-06,4.5368542762609e-11,-9.4574279720685e-11,13.504807541682,0.038585611827575,9.7699626167014e-15,1
38.8,128,0,38.8,0.0021901372872957,4.565715577457e-06,4.5368542762609e-11,-9.4574279720685e-11,13.502878261091,0.038585611827575,9.7699626167014e-15,1
38.85,128,0,38.85,0.0021901360360797,4.5657181855941e-06,4.5368542762609e-11,-9.4574279720685e-11,13.500948980499,0.038585611827575,9.7699626167014e-15,1
38.9,128,0,38.9,0.0021901347848636,4.5657207937311e-06,4.5368542762609e-11,-9.4574279720685e-11,13.499019699908,0.038585611827575,9.7699626167014e-15,1
38.95,128,0,38.95,0.0021901335336475,4.5657234018682e-06,4.5368542762609e-11,-9.4574279720685e-11,13.497090419316,0.038585611827575,9.7699626167014e-15,1
39,128,0,39,0.0021901322824315,4.5657260100053e-06,4.5368542762609e-11,-9.4574279720685e-11,13.495161138725,0.038585611827575,9.7699626167014e-15,1
39.05,128,0,39.05,0.0021901323206965,4.5657259303258e-06,-5.0394287135738e-11,1.0505138636425e-10,13.493231858134,0.038585611827567,4.6629367034257e-15,1
39.1,128,0,39.1,0.0021901323589616,4.5657258506464e-06,-5.0394287135738e-11,1.0505138636425e-10,13.491302577542,0.038585611827567,4.6629367034257e-15,1
39.15,128,0,39.15,0.0021901323972267,4.565725770967e-06,-5.0394287135738e-11,1.0505138636425e-10,13.489373296951,0.038585611827567,4.6629367034257e-15,1
39.2,128,0,39.2,0.0021901324354918,4.5657256912876e-06,-5.0394287135738e-11,1.0505138636425e-10,13.48744401636,0.038585611827567,4.6629367034257e-15,1
39.25,128,0,39.25,0.0021901324737569,4.5657256116082e-06,-5.0394287135738e-11,1.0505138636425e-10,13.485514735768,0.038585611827567,4.6629367034257e-15,1
39.3,128,0,39.3,0.002190132512022,4.5657255319288e-06,-5.0394287135738e-11,1.0505138636425e-10,13.483585455177,0.038585611827567,4.6629367034257e-15,1
39.35,128,0,39.35,0.0021901325502871,4.5657254522494e-06,-5.0394287135738e-11,1.0505138636425e-10,13.481656174585,0.038585611827567,4.6629367034257e-15,1
39.4,128,0,39.4,0.0021901325885521,4.56572537257e-06,-5.0394287135738e-11,1.0505138636425e-10,13.479726893994,0.038585611827567,4.6629367034257e-15,1
39.45,128,0,39.45,0.0021901326268172,4.5657252928906e-06,-5.0394287135738e-11,1.0505138636425e-10,13.477797613403,0.038585611827567,4.6629367034257e-15,1
39.5,128,0,39.5,0.0021901326650823,4.5657252132112e-06,-5.0394287135738e-11,1.0505138636425e-10,13.475868332811,0.038585611827567,4.6629367034257e-15,1
39.55,128,0,39.55,0.0021901327033474,4.5657251335318e-06,-5.0394287135738e-11,1.0505138636425e-10,13.47393905222,0.038585611827567,4.6629367034257e-15,1
39.6,128,0,39.6,0.0021901327416125,4.5657250538524e-06,-5.0394287135738e-11,1.0505138636425e-10,13.472009771629,0.038585611827567,4.6629367034257e-15,1
39.65,128,0,39.65,0.0021901327798776,4.565724974173e-06,-5.0394287135738e-11,1.0505138636425e-10,13.470080491037,0.038585611827567,4.6629367034257e-15,1
39.7,128,0,39.7,0.0021901328181427,4.5657248944936e-06,-5.0394287135738e-11,1.0505138636425e-10,13.468151210446,0.038585611827567,4.6629367034257e-15,1
39.75,128,0,39.75,0.0021901328564077,4.5657248148142e-06,-5.0394287135738e-11,1.0505138636425e-10,13.466221929854,0.038585611827567,4.6629367034257e-15,1
39.8,128,0,39.8,0.0021901328946728,4.5657247351347e-06,-5.0394287135738e-11,1.0505138636425e-10,13.464292649263,0.038585611827567,4.6629367034257e-15,1
39.85,128,0,39.85,0.0021901329329379,4.5657246554553e-06,-5.0394287135738e-11,1.0505138636425e-10,13.462363368672,0.038585611827567,4.6629367034257e-15,1
39.9,128,0,39.9,0.002190132971203,4.5657245757759e-06,-5.0394287135738e-11,1.0505138636425e-10,13.46043408808,0.038585611827567,4.6629367034257e-15,1
39.95,128,0,39.95,0.0021901330094681,4.5657244960965e-06,-5.0394287135738e-11,1.0505138636425e-10,13.458504807489,0.038585611827567,4.6629367034257e-15,1
40,128,0,40,0.0021901330477332,4.5657244164171e-06,-5.0394287135738e-11,1.0505138636425e-10,13.456575526898,0.038585611827567,4.6629367034257e-15,1
40.05,128,0,40.05,0.00219013240646,4.5657257531236e-06,4.6821910531353e-11,-9.7604261236818e-11,13.454646246306,0.038585611827561,1.3322676295502e-15,1
40.1,128,0,40.1,0.0021901317651869,4.56572708983e-06,4.6821910531353e-11,-9.7604261236818e-11,13.452716965715,0.038585611827561,1.3322676295502e-15,1
40.15,128,0,40.15,0.0021901311239138,4.5657284265365e-06,4.6821910531353e-11,-9.7604261236818e-11,13.450787685123,0.038585611827561,1.3322676295502e-15,1
40.2,128,0,40.2,0.0021901304826406,4.5657297632429e-06,4.6821910531353e-11,-9.7604261236818e-11,13.448858404532,0.038585611827561,1.3322676295502e-15,1
40.25,128,0,40.25,0.0021901298413675,4.5657310999493e-06,4.6821910531353e-11,-9.7604261236818e-11,13.446929123941,0.038585611827561,1.3322676295502e-15,1
40.3,128,0,40.3,0.0021901292000944,4.5657324366558e-06,4.6821910531353e-11,-9.7604261236818e-11,13.444999843349,0.038585611827561,1.3322676295502e-15,1
40.35,128,0,40.35,0.0021901285588212,4.5657337733622e-06,4.6821910531353e-11,-9.7604261236818e-11,13.443070562758,0.038585611827561,1.3322676295502e-15,1
40.4,128,0,40.4,0.0021901279175481,4.5657351100687e-06,4.6821910531353e-11,-9.7604261236818e-11,13.441141282167,0.038585611827561,1.3322676295502e-15,1
40.45,128,0,40.45,0.002190127276275,4.5657364467751e-06,4.6821910531353e-11,-9.7604261236818e-11,13.439212001575,0.038585611827561,1.3322676295502e-15,1
40.5,128,0,40.5,0.0021901266350018,4.5657377834816e-06,4.6821910531353e-11,-9.7604261236818e-11,13.437282720984,0.038585611827561,1.3322676295502e-15,1
40.55,128,0,40.55,0.0021901259937287,4.565739120188e-06,4.6821910531353e-11,-9.7604261236818e-11,13.435353440392,0.038585611827561,1.3322676295502e-15,1
40.6,128,0,40.6,0.0021901253524555,4.5657404568945e-06,4.6821910531353e-11,-9.7604261236818e-11,13.433424159801,0.038585611827561,1.3322676295502e-15,1
40.65,128,0,40.65,0.0021901247111824,4.5657417936009e-06,4.6821910531353e-11,-9.7604261236818e-11,13.43149487921,0.038585611827561,1.3322676295502e-15,1
40.7,128,0,40.7,0.0021901240699093,4.5657431303073e-06,4.6821910531353e-11,-9.7604261236818e-11,13.429565598618,0.038585611827561,1.3322676295502e-15,1
40.75,128,0,40.75,0.0021901234286361,4.5657444670138e-06,4.6821910531353e-11,-9.7604261236818e-11,13.427636318027,0.038585611827561,1.3322676295502e-15,1
40.8,128,0,40.8,0.002190122787363,4.5657458037202e-06,4.6821910531353e-11,-9.7604261236818e-11,13.425707037435,0.038585611827561,1.3322676295502e-15,1
40.85,128,0,40.85,0.0021901221460899,4.5657471404267e-06,4.6821910531353e-11,-9.7604261236818e-11,13.423777756844,0.038585611827561,1.3322676295502e-15,1
40.9,128,0,40.9,0.0021901215048167,4.5657484771331e-06,4.6821910531353e-11,-9.7604261236818e-11,13.421848476253,0.038585611827561,1.3322676295502e-15,1
40.95,128,0,40.95,0.0021901208635436,4.5657498138396e-06,4.6821910531353e-11,-9.7604261236818e-11,13.419919195661,0.038585611827561,1.3322676295502e-15,1
41,128,0,41,0.0021901202222705,4.565751150546e-06,4.6821910531353e-11,-9.7604261236818e-11,13.41798991507,0.038585611827561,1.3322676295502e-15,1
41.05,128,0,41.05,0.0021901221410032,4.565747150909e-06,-4.2712656330796e-11,8.9037661643531e-11,13.416060634479,0.038585611827565,-9.9920072216264e-15,1
41.1,128,0,41.1,0.0021901240597359,4.5657431512721e-06,-4.2712656330796e-11,8.9037661643531e-11,13.414131353887,0.038585611827565,-9.9920072216264e-15,1
41.15,128,0,41.15,0.0021901259784686,4.5657391516351e-06,-4.2712656330796e-11,8.9037661643531e-11,13.412202073296,0.038585611827565,-9.9920072216264e-15,1
41.2,128,0,41.2,0.0021901278972013,4.5657351519982e-06,-4.2712656330796e-11,8.9037661643531e-11,13.410272792704,0.038585611827565,-9.9920072216264e-15,1
41.25,128,0,41.25,0.0021901298159341,4.5657311523612e-06,-4.2712656330796e-11,8.9037661643531e-11,13.408343512113,0.038585611827565,-9.9920072216264e-15,1
41.3,128,0,41.3,0.0021901317346668,4.5657271527242e-06,-4.2712656330796e-11,8.9037661643531e-11,13.406414231522,0.038585611827565,-9.9920072216264e-15,1
41.35,128,0,41.35,0.0021901336533995,4.5657231530873e-06,-4.2712656330796e-11,8.9037661643531e-11,13.40448495093,0.038585611827565,-9.9920072216264e-15,1
41.4,128,0,41.4,0.0021901355721322,4.5657191534503e-06,-4.2712656330796e-11,8.9037661643531e-11,13.402555670339,0.038585611827565,-9.9920072216264e-15,1
41.45,128,0,41.45,0.0021901374908649,4.5657151538133e-06,-4.2712656330796e-11,8.9037661643531e-11,13.400626389748,0.038585611827565,-9.9920072216264e-15,1
41.5,128,0,41.5,0.0021901394095977,4.5657111541764e-06,-4.2712656330796e-11,8.9037661643531e-11,13.398697109156,0.038585611827565,-9.9920072216264e-15,1
41.55,128,0,41.55,0.0021901413283304,4.5657071545394e-06,-4.2712656330796e-11,8.9037661643531e-11,13.396767828565,0.038585611827565,-9.9920072216264e-15,1
41.6,128,0,41.6,0.0021901432470631,4.5657031549025e-06,-4.2712656330796e-11,8.9037661643531e-11,13.394838547973,0.038585611827565,-9.9920072216264e-15,1
41.65,128,0,41.65,0.0021901451657958,4.5656991552655e-06,-4.2712656330796e-11,8.9037661643531e-11,13.392909267382,0.038585611827565,-9.9920072216264e-15,1
41.7,128,0,41.7,0.0021901470845286,4.5656951556285e-06,-4.2712656330796e-11,8.9037661643531e-11,13.390979986791,0.038585611827565,-9.9920072216264e-15,1
41.75,128,0,41.75,0.0021901490032613,4.5656911559916e-06,-4.2712656330796e-11,8.9037661643531e-11,13.389050706199,0.038585611827565,-9.9920072216264e-15,1
41.8,128,0,41.8,0.002190150921994,4.5656871563546e-06,-4.2712656330796e-11,8.9037661643531e-11,13.387121425608,0.038585611827565,-9.9920072216264e-15,1
41.85,128,0,41.85,0.0021901528407267,4.5656831567176e-06,-4.2712656330796e-11,8.9037661643531e-11,13.385192145017,0.038585611827565,-9.9920072216264e-15,1
41.9,128,0,41.9,0.0021901547594594,4.5656791570807e-06,-4.2712656330796e-11,8.9037661643531e-11,13.383262864425,0.038585611827565,-9.9920072216264e-15,1
41.95,128,0,41.95,0.0021901566781922,4.5656751574437e-06,-4.2712656330796e-11,8.9037661643531e-11,13.381333583834,0.038585611827565,-9.9920072216264e-15,1
42,128,0,42,0.0021901585969249,4.5656711578068e-06,-4.2712656330796e-11,8.9037661643531e-11,13.379404303242,0.038585611827565,-9.9920072216264e-15,1
42.05,128,0,42.05,0.0021901573019244,4.5656738572135e-06,4.7327633876282e-11,-9.8658242430051e-11,13.377475022651,0.038585611827585,-2.5757174171304e-14,1
42.1,128,0,42.1,0.0021901560069239,4.5656765566202e-06,4.7327633876282e-11,-9.8658242430051e-11,13.37554574206,0.038585611827585,-2.5757174171304e-14,1
42.15,128,0,42.15,0.0021901547119235,4.565679256027e-06,4.7327633876282e-11,-9.8658242430051e-11,13.373616461468,0.038585611827585,-2.5757174171304e-14,1
42.2,128,0,42.2,0.002190153416923,4.5656819554337e-06,4.7327633876282e-11,-9.8658242430051e-11,13.371687180877,0.038585611827585,-2.5757174171304e-14,1
42.25,128,0,42.25,0.0021901521219225,4.5656846548404e-06,4.7327633876282e-11,-9.8658242430051e-11,13.369757900286,0.038585611827585,-2.5757174171304e-14,1
42.3,128,0,42.3,0.0021901508269221,4.5656873542472e-06,4.7327633876282e-11,-9.8658242430051e-11,13.367828619694,0.038585611827585,-2.5757174171304e-14,1
42.35,128,0,42.35,0.0021901495319216,4.5656900536539e-06,4.7327633876282e-11,-9.8658242430051e-11,13.365899339103,0.038585611827585,-2.5757174171304e-14,1
42.4,128,0,42.4,0.0021901482369211,4.5656927530607e-06,4.7327633876282e-11,-9.8658242430051e-11,13.363970058511,0.038585611827585,-2.5757174171304e-14,1
42.45,128,0,42.45,0.0021901469419207,4.5656954524674e-06,4.7327633876282e-11,-9.8658242430051e-11,13.36204077792,0.038585611827585,-2.5757174171304e-14,1
42.5,128,0,42.5,0.0021901456469202,4.5656981518741e-06,4.7327633876282e-11,-9.8658242430051e-11,13.360111497329,0.038585611827585,-2.5757174171304e-14,1
42.55,128,0,42.55,0.0021901443519197,4.5657008512809e-06,4.7327633876282e-11,-9.8658242430051e-11,13.358182216737,0.038585611827585,-2.5757174171304e-14,1
42.6,128,0,42.6,0.0021901430569193,4.5657035506876e-06,4.7327633876282e-11,-9.8658242430051e-11,13.356252936146,0.038585611827585,-2.5757174171304e-14,1
42.65,128,0,42.65,0.0021901417619188,4.5657062500943e-06,4.7327633876282e-11,-9.8658242430051e-11,13.354323655554,0.038585611827585,-2.5757174171304e-14,1
42.7,128,0,42.7,0.0021901404669183,4.5657089495011e-06,4.7327633876282e-11,-9.8658242430051e-11,13.352394374963,0.038585611827585,-2.5757174171304e-14,1
42.75,128,0,42.75,0.0021901391719179,4.5657116489078e-06,4.7327633876282e-11,-9.8658242430051e-11,13.350465094372,0.038585611827585,-2.5757174171304e-14,1
42.8,128,0,42.8,0.0021901378769174,4.5657143483146e-06,4.7327633876282e-11,-9.8658242430051e-11,13.34853581378,0.038585611827585,-2.5757174171304e-14,1
42.85,128,0,42.85,0.0021901365819169,4.5657170477213e-06,4.7327633876282e-11,-9.8658242430051e-11,13.346606533189,0.038585611827585,-2.5757174171304e-14,1
42.9,128,0,42.9,0.0021901352869165,4.565719747128e-06,4.7327633876282e-11,-9.8658242430051e-11,13.344677252598,0.038585611827585,-2.5757174171304e-14,1
42.95,128,0,42.95,0.002190133991916,4.5657224465348e-06,4.7327633876282e-11,-9.8658242430051e-11,13.342747972006,0.038585611827585,-2.5757174171304e-14,1
43,128,0,43,0.0021901326969155,4.5657251459415e-06,4.7327633876282e-11,-9.8658242430051e-11,13.340818691415,0.038585611827585,-2.5757174171304e-14,1
43.05,128,0,43.05,0.0021901327352192,4.5657250661839e-06,-5.2458334685667e-11,1.0935414111882e-10,13.338889410823,0.038585611827551,-4.2188474935756e-15,1
43.1,128,0,43.1,0.0021901327735229,4.5657249864263e-06,-5.2458334685667e-11,1.0935414111882e-10,13.336960130232,0.038585611827551,-4.2188474935756e-15,1
43.15,128,0,43.15,0.0021901328118265,4.5657249066688e-06,-5.2458334685667e-11,1.0935414111882e-10,13.335030849641,0.038585611827551,-4.2188474935756e-15,1
43.2,128,0,43.2,0.0021901328501302,4.5657248269112e-06,-5.2458334685667e-11,1.0935414111882e-10,13.333101569049,0.038585611827551,-4.2188474935756e-15,1
43.25,128,0,43.25,0.0021901328884339,4.5657247471536e-06,-5.2458334685667e-11,1.0935414111882e-10,13.331172288458,0.038585611827551,-4.2188474935756e-15,1
43.3,128,0,43.3,0.0021901329267375,4.565724667396e-06,-5.2458334685667e-11,1.0935414111882e-10,13.329243007867,0.038585611827551,-4.2188474935756e-15,1
43.35,128,0,43.35,0.0021901329650412,4.5657245876384e-06,-5.2458334685667e-11,1.0935414111882e-10,13.327313727275,0.038585611827551,-4.2188474935756e-15,1
43.4,128,0,43.4,0.0021901330033449,4.5657245078809e-06,-5.2458334685667e-11,1.0935414111882e-10,13.325384446684,0.038585611827551,-4.2188474935756e-15,1
43.45,128,0,43.45,0.0021901330416485,4.5657244281233e-06,-5.2458334685667e-11,1.0935414111882e-10,13.323455166092,0.038585611827551,-4.2188474935756e-15,1
43.5,128,0,43.5,0.0021901330799522,4.5657243483657e-06,-5.2458334685667e-11,1.0935414111882e-10,13.321525885501,0.038585611827551,-4.2188474935756e-15,1
43.55,128,0,43.55,0.0021901331182559,4.5657242686081e-06,-5.2458334685667e-11,1.0935414111882e-10,13.31959660491,0.038585611827551,-4.2188474935756e-15,1
43.6,128,0,43.6,0.0021901331565596,4.5657241888505e-06,-5.2458334685667e-11,1.0935414111882e-10,13.317667324318,0.038585611827551,-4.2188474935756e-15,1
43.65,128,0,43.65,0.0021901331948632,4.565724109093e-06,-5.2458334685667e-11,1.0935414111882e-10,13.315738043727,0.038585611827551,-4.2188474935756e-15,1
43.7,128,0,43.7,0.0021901332331669,4.5657240293354e-06,-5.2458334685667e-11,1.0935414111882e-10,13.313808763136,0.038585611827551,-4.2188474935756e-15,1
43.75,128,0,43.75,0.0021901332714706,4.5657239495778e-06,-5.2458334685667e-11,1.0935414111882e-10,13.311879482544,0.038585611827551,-4.2188474935756e-15,1
43.8,128,0,43.8,0.0021901333097742,4.5657238698202e-06,-5.2458334685667e-11,1.0935414111882e-10,13.309950201953,0.038585611827551,-4.2188474935756e-15,1
43.85,128,0,43.85,0.0021901333480779,4.5657237900626e-06,-5.2458334685667e-11,1.0935414111882e-10,13.308020921361,0.038585611827551,-4.2188474935756e-15,1
43.9,128,0,43.9,0.0021901333863816,4.565723710305e-06,-5.2458334685667e-11,1.0935414111882e-10,13.30609164077,0.038585611827551,-4.2188474935756e-15,1
43.95,128,0,43.95,0.0021901334246852,4.5657236305475e-06,-5.2458334685667e-11,1.0935414111882e-10,13.304162360179,0.038585611827551,-4.2188474935756e-15,1
44,128,0,44,0.0021901334629889,4.5657235507899e-06,-5.2458334685667e-11,1.0935414111882e-10,13.302233079587,0.038585611827551,-4.2188474935756e-15,1
44.05,128,0,44.05,0.002190132798791,4.5657249352829e-06,4.8299839890272e-11,-1.0068515365268e-10,13.300303798996,0.038585611827591,1.1546319456102e-14,1
44.1,128,0,44.1,0.0021901321345932,4.5657263197759e-06,4.8299839890272e-11,-1.0068515365268e-10,13.298374518405,0.038585611827591,1.1546319456102e-14,1
44.15,128,0,44.15,0.0021901314703953,4.5657277042689e-06,4.8299839890272e-11,-1.0068515365268e-10,13.296445237813,0.038585611827591,1.1546319456102e-14,1
44.2,128,0,44.2,0.0021901308061974,4.5657290887619e-06,4.8299839890272e-11,-1.0068515365268e-10,13.294515957222,0.038585611827591,1.1546319456102e-14,1
44.25,128,0,44.25,0.0021901301419995,4.565730473255e-06,4.8299839890272e-11,-1.0068515365268e-10,13.29258667663,0.038585611827591,1.1546319456102e-14,1
44.3,128,0,44.3,0.0021901294778017,4.565731857748e-06,4.8299839890272e-11,-1.0068515365268e-10,13.290657396039,0.038585611827591,1.1546319456102e-14,1
44.35,128,0,44.35,0.0021901288136038,4.565733242241e-06,4.8299839890272e-11,-1.0068515365268e-10,13.288728115448,0.038585611827591,1.1546319456102e-14,1
44.4,128,0,44.4,0.0021901281494059,4.565734626734e-06,4.8299839890272e-11,-1.0068515365268e-10,13.286798834856,0.038585611827591,1.1546319456102e-14,1
44.45,128,0,44.45,0.002190127485208,4.565736011227e-06,4.8299839890272e-11,-1.0068515365268e-10,13.284869554265,0.038585611827591,1.1546319456102e-14,1
44.5,128,0,44.5,0.0021901268210102,4.56573739572e-06,4.8299839890272e-11,-1.0068515365268e-10,13.282940273673,0.038585611827591,1.1546319456102e-14,1
44.55,128,0,44.55,0.0021901261568123,4.5657387802131e-06,4.8299839890272e-11,-1.0068515365268e-10,13.281010993082,0.038585611827591,1.1546319456102e-14,1
44.6,128,0,44.6,0.0021901254926144,4.5657401647061e-06,4.8299839890272e-11,-1.0068515365268e-10,13.279081712491,0.038585611827591,1.1546319456102e-14,1
44.65,128,0,44.65,0.0021901248284165,4.5657415491991e-06,4.8299839890272e-11,-1.0068515365268e-10,13.277152431899,0.038585611827591,1.1546319456102e-14,1
44.7,128,0,44.7,0.0021901241642187,4.5657429336921e-06,4.8299839890272e-11,-1.0068515365268e-10,13.275223151308,0.038585611827591,1.1546319456102e-14,1
44.75,128,0,44.75,0.0021901235000208,4.5657443181851e-06,4.8299839890272e-11,-1.0068515365268e-10,13.273293870717,0.038585611827591,1.1546319456102e-14,1
44.8,128,0,44.8,0.0021901228358229,4.5657457026781e-06,4.8299839890272e-11,-1.0068515365268e-10,13.271364590125,0.038585611827591,1.1546319456102e-14,1
44.85,128,0,44.85,0.002190122171625,4.5657470871711e-06,4.8299839890272e-11,-1.0068515365268e-10,13.269435309534,0.038585611827591,1.1546319456102e-14,1
44.9,128,0,44.9,0.0021901215074271,4.5657484716642e-06,4.8299839890272e-11,-1.0068515365268e-10,13.267506028942,0.038585611827591,1.1546319456102e-14,1
44.95,128,0,44.95,0.0021901208432293,4.5657498561572e-06,4.8299839890272e-11,-1.0068515365268e-10,13.265576748351,0.038585611827591,1.1546319456102e-14,1
45,128,0,45,0.0021901201790314,4.5657512406502e-06,4.8299839890272e-11,-1.0068515365268e-10,13.26364746776,0.038585611827591,1.1546319456102e-14,1
45.05,128,0,45.05,0.0021901220559214,4.5657473282398e-06,-4.2841066941743e-11,8.9305364278764e-11,13.261718187168,0.038585611827556,-9.3258734068513e-15,1
45.1,128,0,45.1,0.0021901239328113,4.5657434158294e-06,-4.2841066941743e-11,8.9305364278764e-11,13.259788906577,0.038585611827556,-9.3258734068513e-15,1
45.15,128,0,45.15,0.0021901258097013,4.565739503419e-06,-4.2841066941743e-11,8.9305364278764e-11,13.257859625986,0.038585611827556,-9.3258734068513e-15,1
45.2,128,0,45.2,0.0021901276865912,4.5657355910087e-06,-4.2841066941743e-11,8.9305364278764e-11,13.255930345394,0.038585611827556,-9.3258734068513e-15,1
45.25,128,0,45.25,0.0021901295634812,4.5657316785983e-06,-4.2841066941743e-11,8.9305364278764e-11,13.254001064803,0.038585611827556,-9.3258734068513e-15,1
45.3,128,0,45.3,0.0021901314403712,4.5657277661879e-06,-4.2841066941743e-11,8.9305364278764e-11,13.252071784211,0.038585611827556,-9.3258734068513e-15,1
45.35,128,0,45.35,0.0021901333172611,4.5657238537775e-06,-4.2841066941743e-11,8.9305364278764e-11,13.25014250362,0.038585611827556,-9.3258734068513e-15,1
45.4,128,0,45.4,0.0021901351941511,4.5657199413671e-06,-4.2841066941743e-11,8.9305364278764e-11,13.248213223029,0.038585611827556,-9.3258734068513e-15,1
45.45,128,0,45.45,0.0021901370710411,4.5657160289567e-06,-4.2841066941743e-11,8.9305364278764e-11,13.246283942437,0.038585611827556,-9.3258734068513e-15,1
45.5,128,0,45.5,0.002190138947931,4.5657121165463e-06,-4.2841066941743e-11,8.9305364278764e-11,13.244354661846,0.038585611827556,-9.3258734068513e-15,1
45.55,128,0,45.55,0.002190140824821,4.565708204136e-06,-4.2841066941743e-11,8.9305364278764e-11,13.242425381255,0.038585611827556,-9.3258734068513e-15,1
45.6,128,0,45.6,0.002190142701711,4.5657042917256e-06,-4.2841066941743e-11,8.9305364278764e-11,13.240496100663,0.038585611827556,-9.3258734068513e-15,1
45.65,128,0,45.65,0.0021901445786009,4.5657003793152e-06,-4.2841066941743e-11,8.9305364278764e-11,13.238566820072,0.038585611827556,-9.3258734068513e-15,1
45.7,128,0,45.7,0.0021901464554909,4.5656964669048e-06,-4.2841066941743e-11,8.9305364278764e-11,13.23663753948,0.038585611827556,-9.3258734068513e-15,1
45.75,128,0,45.75,0.0021901483323808,4.5656925544944e-06,-4.2841066941743e-11,8.9305364278764e-11,13.234708258889,0.038585611827556,-9.3258734068513e-15,1
45.8,128,0,45.8,0.0021901502092708,4.565688642084e-06,-4.2841066941743e-11,8.9305364278764e-11,13.232778978298,0.038585611827556,-9.3258734068513e-15,1
45.85,128,0,45.85,0.0021901520861608,4.5656847296736e-06,-4.2841066941743e-11,8.9305364278764e-11,13.230849697706,0.038585611827556,-9.3258734068513e-15,1
45.9,128,0,45.9,0.0021901539630507,4.5656808172633e-06,-4.2841066941743e-11,8.9305364278764e-11,13.228920417115,0.038585611827556,-9.3258734068513e-15,1
45.95,128,0,45.95,0.0021901558399407,4.5656769048529e-06,-4.2841066941743e-11,8.9305364278764e-11,13.226991136524,0.038585611827556,-9.3258734068513e-15,1
46,128,0,46,0.0021901577168307,4.5656729924425e-06,-4.2841066941743e-11,8.9305364278764e-11,13.225061855932,0.038585611827556,-9.3258734068513e-15,1
46.05,128,0,46.05,0.0021901564767832,4.5656755772941e-06,4.6452788038691e-11,-9.6834531230117e-11,13.223132575341,0.038585611827543,-9.1038288019263e-15,1
46.1,128,0,46.1,0.0021901552367358,4.5656781621457e-06,4.6452788038691e-11,-9.6834531230117e-11,13.221203294749,0.038585611827543,-9.1038288019263e-15,1
46.15,128,0,46.15,0.0021901539966884,4.5656807469973e-06,4.6452788038691e-11,-9.6834531230117e-11,13.219274014158,0.038585611827543,-9.1038288019263e-15,1
46.2,128,0,46.2,0.002190152756641,4.5656833318489e-06,4.6452788038691e-11,-9.6834531230117e-11,13.217344733567,0.038585611827543,-9.1038288019263e-15,1
46.25,128,0,46.25,0.0021901515165936,4.5656859167005e-06,4.6452788038691e-11,-9.6834531230117e-11,13.215415452975,0.038585611827543,-9.1038288019263e-15,1
46.3,128,0,46.3,0.0021901502765462,4.5656885015521e-06,4.6452788038691e-11,-9.6834531230117e-11,13.213486172384,0.038585611827543,-9.1038288019263e-15,1
46.35,128,0,46.35,0.0021901490364988,4.5656910864038e-06,4.6452788038691e-11,-9.6834531230117e-11,13.211556891793,0.038585611827543,-9.1038288019263e-15,1
46.4,128,0,46.4,0.0021901477964514,4.5656936712554e-06,4.6452788038691e-11,-9.6834531230117e-11,13.209627611201,0.038585611827543,-9.1038288019263e-15,1
46.45,128,0,46.45,0.002190146556404,4.565696256107e-06,4.6452788038691e-11,-9.6834531230117e-11,13.20769833061,0.038585611827543,-9.1038288019263e-15,1
46.5,128,0,46.5,0.0021901453163566,4.5656988409586e-06,4.6452788038691e-11,-9.6834531230117e-11,13.205769050018,0.038585611827543,-9.1038288019263e-15,1
46.55,128,0,46.55,0.0021901440763092,4.5657014258102e-06,4.6452788038691e-11,-9.6834531230117e-11,13.203839769427,0.038585611827543,-9.1038288019263e-15,1
46.6,128,0,46.6,0.0021901428362618,4.5657040106618e-06,4.6452788038691e-11,-9.6834531230117e-11,13.201910488836,0.038585611827543,-9.1038288019263e-15,1
46.65,128,0,46.65,0.0021901415962144,4.5657065955134e-06,4.6452788038691e-11,-9.6834531230117e-11,13.199981208244,0.038585611827543,-9.1038288019263e-15,1
46.7,128,0,46.7,0.002190140356167,4.565709180365e-06,4.6452788038691e-11,-9.6834531230117e-11,13.198051927653,0.038585611827543,-9.1038288019263e-15,1
46.75,128,0,46.75,0.0021901391161195,4.5657117652167e-06,4.6452788038691e-11,-9.6834531230117e-11,13.196122647061,0.038585611827543,-9.1038288019263e-15,1
46.8,128,0,46.8,0.0021901378760721,4.5657143500683e-06,4.6452788038691e-11,-9.6834531230117e-11,13.19419336647,0.038585611827543,-9.1038288019263e-15,1
46.85,128,0,46.85,0.0021901366360247,4.5657169349199e-06,4.6452788038691e-11,-9.6834531230117e-11,13.192264085879,0.038585611827543,-9.1038288019263e-15,1
46.9,128,0,46.9,0.0021901353959773,4.5657195197715e-06,4.6452788038691e-11,-9.6834531230117e-11,13.190334805287,0.038585611827543,-9.1038288019263e-15,1
46.95,128,0,46.95,0.0021901341559299,4.5657221046231e-06,4.6452788038691e-11,-9.6834531230117e-11,13.188405524696,0.038585611827543,-9.1038288019263e-15,1
47,128,0,47,0.0021901329158825,4.5657246894747e-06,4.6452788038691e-11,-9.6834531230117e-11,13.186476244105,0.038585611827543,-9.1038288019263e-15,1
47.05,128,0,47.05,0.0021901329325162,4.5657246548913e-06,-5.1465368108893e-11,1.0728418817151e-10,13.184546963513,0.038585611827577,-1.6653345369377e-14,1
47.1,128,0,47.1,0.0021901329491498,4.5657246203079e-06,-5.1465368108893e-11,1.0728418817151e-10,13.182617682922,0.038585611827577,-1.6653345369377e-14,1
47.15,128,0,47.15,0.0021901329657835,4.5657245857246e-06,-5.1465368108893e-11,1.0728418817151e-10,13.18068840233,0.038585611827577,-1.6653345369377e-14,1
47.2,128,0,47.2,0.0021901329824172,4.5657245511412e-06,-5.1465368108893e-11,1.0728418817151e-10,13.178759121739,0.038585611827577,-1.6653345369377e-14,1
47.25,128,0,47.25,0.0021901329990508,4.5657245165578e-06,-5.1465368108893e-11,1.0728418817151e-10,13.176829841148,0.038585611827577,-1.6653345369377e-14,1
47.3,128,0,47.3,0.0021901330156845,4.5657244819744e-06,-5.1465368108893e-11,1.0728418817151e-10,13.174900560556,0.038585611827577,-1.6653345369377e-14,1
47.35,128,0,47.35,0.0021901330323182,4.565724447391e-06,-5.1465368108893e-11,1.0728418817151e-10,13.172971279965,0.038585611827577,-1.6653345369377e-14,1
47.4,128,0,47.4,0.0021901330489518,4.5657244128077e-06,-5.1465368108893e-11,1.0728418817151e-10,13.171041999374,0.038585611827577,-1.6653345369377e-14,1
47.45,128,0,47.45,0.0021901330655855,4.5657243782243e-06,-5.1465368108893e-11,1.0728418817151e-10,13.169112718782,0.038585611827577,-1.6653345369377e-14,1
47.5,128,0,47.5,0.0021901330822192,4.5657243436409e-06,-5.1465368108893e-11,1.0728418817151e-10,13.167183438191,0.038585611827577,-1.6653345369377e-14,1
47.55,128,0,47.55,0.0021901330988528,4.5657243090575e-06,-5.1465368108893e-11,1.0728418817151e-10,13.165254157599,0.038585611827577,-1.6653345369377e-14,1
47.6,128,0,47.6,0.0021901331154865,4.5657242744741e-06,-5.1465368108893e-11,1.0728418817151e-10,13.163324877008,0.038585611827577,-1.6653345369377e-14,1
47.65,128,0,47.65,0.0021901331321202,4.5657242398907e-06,-5.1465368108893e-11,1.0728418817151e-10,13.161395596417,0.038585611827577,-1.6653345369377e-14,1
47.7,128,0,47.7,0.0021901331487538,4.5657242053074e-06,-5.1465368108893e-11,1.0728418817151e-10,13.159466315825,0.038585611827577,-1.6653345369377e-14,1
47.75,128,0,47.75,0.0021901331653875,4.565724170724e-06,-5.1465368108893e-11,1.0728418817151e-10,13.157537035234,0.038585611827577,-1.6653345369377e-14,1
47.8,128,0,47.8,0.0021901331820212,4.5657241361406e-06,-5.1465368108893e-11,1.0728418817151e-10,13.155607754643,0.038585611827577,-1.6653345369377e-14,1
47.85,128,0,47.85,0.0021901331986548,4.5657241015572e-06,-5.1465368108893e-11,1.0728418817151e-10,13.153678474051,0.038585611827577,-1.6653345369377e-14,1
47.9,128,0,47.9,0.0021901332152885,4.5657240669738e-06,-5.1465368108893e-11,1.0728418817151e-10,13.15174919346,0.038585611827577,-1.6653345369377e-14,1
47.95,128,0,47.95,0.0021901332319222,4.5657240323905e-06,-5.1465368108893e-11,1.0728418817151e-10,13.149819912868,0.038585611827577,-1.6653345369377e-14,1
48,128,0,48,0.0021901332485558,4.5657239978071e-06,-5.1465368108893e-11,1.0728418817151e-10,13.147890632277,0.038585611827577,-1.6653345369377e-14,1
48.05,128,0,48.05,0.002190132664087,4.5657252160969e-06,4.7097541212583e-11,-9.8178844458989e-11,13.145961351686,0.038585611827562,-3.530509218308e-14,1
48.1,128,0,48.1,0.0021901320796182,4.5657264343868e-06,4.7097541212583e-11,-9.8178844458989e-11,13.144032071094,0.038585611827562,-3.530509218308e-14,1
48.15,128,0,48.15,0.0021901314951494,4.5657276526767e-06,4.7097541212583e-11,-9.8178844458989e-11,13.142102790503,0.038585611827562,-3.530509218308e-14,1
48.2,128,0,48.2,0.0021901309106805,4.5657288709666e-06,4.7097541212583e-11,-9.8178844458989e-11,13.140173509912,0.038585611827562,-3.530509218308e-14,1
48.25,128,0,48.25,0.0021901303262117,4.5657300892564e-06,4.7097541212583e-11,-9.8178844458989e-11,13.13824422932,0.038585611827562,-3.530509218308e-14,1
48.3,128,0,48.3,0.0021901297417429,4.5657313075463e-06,4.7097541212583e-11,-9.8178844458989e-11,13.136314948729,0.038585611827562,-3.530509218308e-14,1
48.35,128,0,48.35,0.0021901291572741,4.5657325258362e-06,4.7097541212583e-11,-9.8178844458989e-11,13.134385668137,0.038585611827562,-3.530509218308e-14,1
48.4,128,0,48.4,0.0021901285728052,4.565733744126e-06,4.7097541212583e-11,-9.8178844458989e-11,13.132456387546,0.038585611827562,-3.530509218308e-14,1
48.45,128,0,48.45,0.0021901279883364,4.5657349624159e-06,4.7097541212583e-11,-9.8178844458989e-11,13.130527106955,0.038585611827562,-3.530509218308e-14,1
48.5,128,0,48.5,0.0021901274038676,4.5657361807058e-06,4.7097541212583e-11,-9.8178844458989e-11,13.128597826363,0.038585611827562,-3.530509218308e-14,1
48.55,128,0,48.55,0.0021901268193988,4.5657373989956e-06,4.7097541212583e-11,-9.8178844458989e-11,13.126668545772,0.038585611827562,-3.530509218308e-14,1
48.6,128,0,48.6,0.0021901262349299,4.5657386172855e-06,4.7097541212583e-11,-9.8178844458989e-11,13.12473926518,0.038585611827562,-3.530509218308e-14,1
48.65,128,0,48.65,0.0021901256504611,4.5657398355754e-06,4.7097541212583e-11,-9.8178844458989e-11,13.122809984589,0.038585611827562,-3.530509218308e-14,1
48.7,128,0,48.7,0.0021901250659923,4.5657410538652e-06,4.7097541212583e-11,-9.8178844458989e-11,13.120880703998,0.038585611827562,-3.530509218308e-14,1
48.75,128,0,48.75,0.0021901244815235,4.5657422721551e-06,4.7097541212583e-11,-9.8178844458989e-11,13.118951423406,0.038585611827562,-3.530509218308e-14,1
48.8,128,0,48.8,0.0021901238970546,4.565743490445e-06,4.7097541212583e-11,-9.8178844458989e-11,13.117022142815,0.038585611827562,-3.530509218308e-14,1
48.85,128,0,48.85,0.0021901233125858,4.5657447087348e-06,4.7097541212583e-11,-9.8178844458989e-11,13.115092862224,0.038585611827562,-3.530509218308e-14,1
48.9,128,0,48.9,0.002190122728117,4.5657459270247e-06,4.7097541212583e-11,-9.8178844458989e-11,13.113163581632,0.038585611827562,-3.530509218308e-14,1
48.95,128,0,48.95,0.0021901221436482,4.5657471453146e-06,4.7097541212583e-11,-9.8178844458989e-11,13.111234301041,0.038585611827562,-3.530509218308e-14,1
49,128,0,49,0.0021901215591793,4.5657483636044e-06,4.7097541212583e-11,-9.8178844458989e-11,13.109305020449,0.038585611827562,-3.530509218308e-14,1
49.05,128,0,49.05,0.0021901233437675,4.5657446436045e-06,-4.1537568159117e-11,8.6588114486939e-11,13.107375739858,0.038585611827557,-8.2156503822262e-15,1
49.1,128,0,49.1,0.0021901251283557,4.5657409236046e-06,-4.1537568159117e-11,8.6588114486939e-11,13.105446459267,0.038585611827557,-8.2156503822262e-15,1
49.15,128,0,49.15,0.0021901269129439,4.5657372036046e-06,-4.1537568159117e-11,8.6588114486939e-11,13.103517178675,0.038585611827557,-8.2156503822262e-15,1
49.2,128,0,49.2,0.0021901286975321,4.5657334836047e-06,-4.1537568159117e-11,8.6588114486939e-11,13.101587898084,0.038585611827557,-8.2156503822262e-15,1
49.25,128,0,49.25,0.0021901304821203,4.5657297636047e-06,-4.1537568159117e-11,8.6588114486939e-11,13.099658617493,0.038585611827557,-8.2156503822262e-15,1
49.3,128,0,49.3,0.0021901322667085,4.5657260436048e-06,-4.1537568159117e-11,8.6588114486939e-11,13.097729336901,0.038585611827557,-8.2156503822262e-15,1
49.35,128,0,49.35,0.0021901340512967,4.5657223236048e-06,-4.1537568159117e-11,8.6588114486939e-11,13.09580005631,0.038585611827557,-8.2156503822262e-15,1
49.4,128,0,49.4,0.0021901358358849,4.5657186036049e-06,-4.1537568159117e-11,8.6588114486939e-11,13.093870775718,0.038585611827557,-8.2156503822262e-15,1
49.45,128,0,49.45,0.0021901376204731,4.565714883605e-06,-4.1537568159117e-11,8.6588114486939e-11,13.091941495127,0.038585611827557,-8.2156503822262e-15,1
49.5,128,0,49.5,0.0021901394050612,4.565711163605e-06,-4.1537568159117e-11,8.6588114486939e-11,13.090012214536,0.038585611827557,-8.2156503822262e-15,1
49.55,128,0,49.55,0.0021901411896494,4.5657074436051e-06,-4.1537568159117e-11,8.6588114486939e-11,13.088082933944,0.038585611827557,-8.2156503822262e-15,1
49.6,128,0,49.6,0.0021901429742376,4.5657037236051e-06,-4.1537568159117e-11,8.6588114486939e-11,13.086153653353,0.038585611827557,-8.2156503822262e-15,1
49.65,128,0,49.65,0.0021901447588258,4.5657000036052e-06,-4.1537568159117e-11,8.6588114486939e-11,13.084224372762,0.038585611827557,-8.2156503822262e-15,1
49.7,128,0,49.7,0.002190146543414,4.5656962836052e-06,-4.1537568159117e-11,8.6588114486939e-11,13.08229509217,0.038585611827557,-8.2156503822262e-15,1
49.75,128,0,49.75,0.0021901483280022,4.5656925636053e-06,-4.1537568159117e-11,8.6588114486939e-11,13.080365811579,0.038585611827557,-8.2156503822262e-15,1
49.8,128,0,49.8,0.0021901501125904,4.5656888436053e-06,-4.1537568159117e-11,8.6588114486939e-11,13.078436530987,0.038585611827557,-8.2156503822262e-15,1
49.85,128,0,49.85,0.0021901518971786,4.5656851236054e-06,-4.1537568159117e-11,8.6588114486939e-11,13.076507250396,0.038585611827557,-8.2156503822262e-15,1
49.9,128,0,49.9,0.0021901536817668,4.5656814036055e-06,-4.1537568159117e-11,8.6588114486939e-11,13.074577969805,0.038585611827557,-8.2156503822262e-15,1
49.95,128,0,49.95,0.002190155466355,4.5656776836055e-06,-4.1537568159117e-11,8.6588114486939e-11,13.072648689213,0.038585611827557,-8.2156503822262e-15,1
50,128,0,50,0.0021901572509432,4.5656739636056e-06,-4.1537568159117e-11,8.6588114486939e-11,13.070719408622,0.038585611827557,-8.2156503822262e-15,1
50.05,128,0,50.05,0.0021901560231507,4.5656765229125e-06,4.5634114208927e-11,-9.512792402529e-11,13.068790128031,0.038585611827558,-4.6629367034257e-15,1
50.1,128,0,50.1,0.0021901547953583,4.5656790822195e-06,4.5634114208927e-11,-9.512792402529e-11,13.066860847439,0.038585611827558,-4.6629367034257e-15,1
50.15,128,0,50.15,0.0021901535675659,4.5656816415265e-06,4.5634114208927e-11,-9.512792402529e-11,13.064931566848,0.038585611827558,-4.6629367034257e-15,1
50.2,128,0,50.2,0.0021901523397735,4.5656842008334e-06,4.5634114208927e-11,-9.512792402529e-11,13.063002286256,0.038585611827558,-4.6629367034257e-15,1
50.25,128,0,50.25,0.0021901511119811,4.5656867601404e-06,4.5634114208927e-11,-9.512792402529e-11,13.061073005665,0.038585611827558,-4.6629367034257e-15,1
50.3,128,0,50.3,0.0021901498841887,4.5656893194474e-06,4.5634114208927e-11,-9.512792402529e-11,13.059143725074,0.038585611827558,-4.6629367034257e-15,1
50.35,128,0,50.35,0.0021901486563963,4.5656918787543e-06,4.5634114208927e-11,-9.512792402529e-11,13.057214444482,0.038585611827558,-4.6629367034257e-15,1
50.4,128,0,50.4,0.0021901474286038,4.5656944380613e-06,4.5634114208927e-11,-9.512792402529e-11,13.055285163891,0.038585611827558,-4.6629367034257e-15,1
50.45,128,0,50.45,0.0021901462008114,4.5656969973683e-06,4.5634114208927e-11,-9.512792402529e-11,13.053355883299,0.038585611827558,-4.6629367034257e-15,1
50.5,128,0,50.5,0.002190144973019,4.5656995566752e-06,4.5634114208927e-11,-9.512792402529e-11,13.051426602708,0.038585611827558,-4.6629367034257e-15,1
50.55,128,0,50.55,0.0021901437452266,4.5657021159822e-06,4.5634114208927e-11,-9.512792402529e-11,13.049497322117,0.038585611827558,-4.6629367034257e-15,1
50.6,128,0,50.6,0.0021901425174342,4.5657046752891e-06,4.5634114208927e-11,-9.512792402529e-11,13.047568041525,0.038585611827558,-4.6629367034257e-15,1
50.65,128,0,50.65,0.0021901412896418,4.5657072345961e-06,4.5634114208927e-11,-9.512792402529e-11,13.045638760934,0.038585611827558,-4.6629367034257e-15,1
50.7,128,0,50.7,0.0021901400618493,4.5657097939031e-06,4.5634114208927e-11,-9.512792402529e-11,13.043709480343,0.038585611827558,-4.6629367034257e-15,1
50.75,128,0,50.75,0.0021901388340569,4.56571235321e-06,4.5634114208927e-11,-9.512792402529e-11,13.041780199751,0.038585611827558,-4.6629367034257e-15,1
50.8,128,0,50.8,0.0021901376062645,4.565714912517e-06,4.5634114208927e-11,-9.512792402529e-11,13.03985091916,0.038585611827558,-4.6629367034257e-15,1
50.85,128,0,50.85,0.0021901363784721,4.565717471824e-06,4.5634114208927e-11,-9.512792402529e-11,13.037921638568,0.038585611827558,-4.6629367034257e-15,1
50.9,128,0,50.9,0.0021901351506797,4.5657200311309e-06,4.5634114208927e-11,-9.512792402529e-11,13.035992357977,0.038585611827558,-4.6629367034257e-15,1
50.95,128,0,50.95,0.0021901339228873,4.5657225904379e-06,4.5634114208927e-11,-9.512792402529e-11,13.034063077386,0.038585611827558,-4.6629367034257e-15,1
51,128,0,51,0.0021901326950948,4.5657251497449e-06,4.5634114208927e-11,-9.512792402529e-11,13.032133796794,0.038585611827558,-4.6629367034257e-15,1
51.05,128,0,51.05,0.0021901326156577,4.5657253154278e-06,-5.0900659902725e-11,1.0610698081908e-10,13.030204516203,0.038585611827544,-1.1546319456102e-14,1
51.1,128,0,51.1,0.0021901325362205,4.5657254811108e-06,-5.0900659902725e-11,1.0610698081908e-10,13.028275235612,0.038585611827544,-1.1546319456102e-14,1
51.15,128,0,51.15,0.0021901324567834,4.5657256467938e-06,-5.0900659902725e-11,1.0610698081908e-10,13.02634595502,0.038585611827544,-1.1546319456102e-14,1
51.2,128,0,51.2,0.0021901323773462,4.5657258124768e-06,-5.0900659902725e-11,1.0610698081908e-10,13.024416674429,0.038585611827544,-1.1546319456102e-14,1
51.25,128,0,51.25,0.0021901322979091,4.5657259781597e-06,-5.0900659902725e-11,1.0610698081908e-10,13.022487393837,0.038585611827544,-1.1546319456102e-14,1
51.3,128,0,51.3,0.0021901322184719,4.5657261438427e-06,-5.0900659902725e-11,1.0610698081908e-10,13.020558113246,0.038585611827544,-1.1546319456102e-14,1
51.35,128,0,51.35,0.0021901321390347,4.5657263095257e-06,-5.0900659902725e-11,1.0610698081908e-10,13.018628832655,0.038585611827544,-1.1546319456102e-14,1
51.4,128,0,51.4,0.0021901320595976,4.5657264752087e-06,-5.0900659902725e-11,1.0610698081908e-10,13.016699552063,0.038585611827544,-1.1546319456102e-14,1
51.45,128,0,51.45,0.0021901319801604,4.5657266408917e-06,-5.0900659902725e-11,1.0610698081908e-10,13.014770271472,0.038585611827544,-1.1546319456102e-14,1
51.5,128,0,51.5,0.0021901319007233,4.5657268065746e-06,-5.0900659902725e-11,1.0610698081908e-10,13.012840990881,0.038585611827544,-1.1546319456102e-14,1
51.55,128,0,51.55,0.0021901318212861,4.5657269722576e-06,-5.0900659902725e-11,1.0610698081908e-10,13.010911710289,0.038585611827544,-1.1546319456102e-14,1
51.6,128,0,51.6,0.002190131741849,4.5657271379406e-06,-5.0900659902725e-11,1.0610698081908e-10,13.008982429698,0.038585611827544,-1.1546319456102e-14,1
51.65,128,0,51.65,0.0021901316624118,4.5657273036236e-06,-5.0900659902725e-11,1.0610698081908e-10,13.007053149106,0.038585611827544,-1.1546319456102e-14,1
51.7,128,0,51.7,0.0021901315829746,4.5657274693066e-06,-5.0900659902725e-11,1.0610698081908e-10,13.005123868515,0.038585611827544,-1.1546319456102e-14,1
51.75,128,0,51.75,0.0021901315035375,4.5657276349895e-06,-5.0900659902725e-11,1.0610698081908e-10,13.003194587924,0.038585611827544,-1.1546319456102e-14,1
51.8,128,0,51.8,0.0021901314241003,4.5657278006725e-06,-5.0900659902725e-11,1.0610698081908e-10,13.001265307332,0.038585611827544,-1.1546319456102e-14,1
51.85,128,0,51.85,0.0021901313446632,4.5657279663555e-06,-5.0900659902725e-11,1.0610698081908e-10,12.999336026741,0.038585611827544,-1.1546319456102e-14,1
51.9,128,0,51.9,0.002190131265226,4.5657281320385e-06,-5.0900659902725e-11,1.0610698081908e-10,12.99740674615,0.038585611827544,-1.1546319456102e-14,1
51.95,128,0,51.95,0.0021901311857888,4.5657282977214e-06,-5.0900659902725e-11,1.0610698081908e-10,12.995477465558,0.038585611827544,-1.1546319456102e-14,1
52,128,0,52,0.0021901311063517,4.5657284634044e-06,-5.0900659902725e-11,1.0610698081908e-10,12.993548184967,0.038585611827544,-1.1546319456102e-14,1
52.05,128,0,52.05,0.0021901307059972,4.5657292978905e-06,4.6546544155791e-11,-9.7030253874972e-11,12.991618904375,0.03858561182755,5.9952043329758e-15,1
52.1,128,0,52.1,0.0021901303056428,4.5657301323766e-06,4.6546544155791e-11,-9.7030253874972e-11,12.989689623784,0.03858561182755,5.9952043329758e-15,1
52.15,128,0,52.15,0.0021901299052883,4.5657309668627e-06,4.6546544155791e-11,-9.7030253874972e-11,12.987760343193,0.03858561182755,5.9952043329758e-15,1
52.2,128,0,52.2,0.0021901295049339,4.5657318013488e-06,4.6546544155791e-11,-9.7030253874972e-11,12.985831062601,0.03858561182755,5.9952043329758e-15,1
52.25,128,0,52.25,0.0021901291045794,4.5657326358349e-06,4.6546544155791e-11,-9.7030253874972e-11,12.98390178201,0.03858561182755,5.9952043329758e-15,1
52.3,128,0,52.3,0.002190128704225,4.565733470321e-06,4.6546544155791e-11,-9.7030253874972e-11,12.981972501419,0.03858561182755,5.9952043329758e-15,1
52.35,128,0,52.35,0.0021901283038705,4.5657343048071e-06,4.6546544155791e-11,-9.7030253874972e-11,12.980043220827,0.03858561182755,5.9952043329758e-15,1
52.4,128,0,52.4,0.0021901279035161,4.5657351392932e-06,4.6546544155791e-11,-9.7030253874972e-11,12.978113940236,0.03858561182755,5.9952043329758e-15,1
52.45,128,0,52.45,0.0021901275031616,4.5657359737793e-06,4.6546544155791e-11,-9.7030253874972e-11,12.976184659644,0.03858561182755,5.9952043329758e-15,1
52.5,128,0,52.5,0.0021901271028072,4.5657368082653e-06,4.6546544155791e-11,-9.7030253874972e-11,12.974255379053,0.03858561182755,5.9952043329758e-15,1
52.55,128,0,52.55,0.0021901267024527,4.5657376427514e-06,4.6546544155791e-11,-9.7030253874972e-11,12.972326098462,0.03858561182755,5.9952043329758e-15,1
52.6,128,0,52.6,0.0021901263020982,4.5657384772375e-06,4.6546544155791e-11,-9.7030253874972e-11,12.97039681787,0.03858561182755,5.9952043329758e-15,1
52.65,128,0,52.65,0.0021901259017438,4.5657393117236e-06,4.6546544155791e-11,-9.7030253874972e-11,12.968467537279,0.03858561182755,5.9952043329758e-15,1
52.7,128,0,52.7,0.0021901255013893,4.5657401462097e-06,4.6546544155791e-11,-9.7030253874972e-11,12.966538256687,0.03858561182755,5.9952043329758e-15,1
52.75,128,0,52.75,0.0021901251010349,4.5657409806958e-06,4.6546544155791e-11,-9.7030253874972e-11,12.964608976096,0.03858561182755,5.9952043329758e-15,1
52.8,128,0,52.8,0.0021901247006804,4.5657418151819e-06,4.6546544155791e-11,-9.7030253874972e-11,12.962679695505,0.03858561182755,5.9952043329758e-15,1
52.85,128,0,52.85,0.002190124300326,4.565742649668e-06,4.6546544155791e-11,-9.7030253874972e-11,12.960750414913,0.03858561182755,5.9952043329758e-15,1
52.9,128,0,52.9,0.0021901238999715,4.5657434841541e-06,4.6546544155791e-11,-9.7030253874972e-11,12.958821134322,0.03858561182755,5.9952043329758e-15,1
52.95,128,0,52.95,0.0021901234996171,4.5657443186402e-06,4.6546544155791e-11,-9.7030253874972e-11,12.956891853731,0.03858561182755,5.9952043329758e-15,1
53,128,0,53,0.0021901230992626,4.5657451531263e-06,4.6546544155791e-11,-9.7030253874972e-11,12.954962573139,0.03858561182755,5.9952043329758e-15,1
53.05,128,0,53.05,0.0021901247758163,4.565741658337e-06,-4.1105211850322e-11,8.5686828187381e-11,12.953033292548,0.038585611827624,3.397282455353e-14,1
53.1,128,0,53.1,0.00219012645237,4.5657381635478e-06,-4.1105211850322e-11,8.5686828187381e-11,12.951104011956,0.038585611827624,3.397282455353e-14,1
53.15,128,0,53.15,0.0021901281289236,4.5657346687585e-06,-4.1105211850322e-11,8.5686828187381e-11,12.949174731365,0.038585611827624,3.397282455353e-14,1
53.2,128,0,53.2,0.0021901298054773,4.5657311739693e-06,-4.1105211850322e-11,8.5686828187381e-11,12.947245450774,0.038585611827624,3.397282455353e-14,1
53.25,128,0,53.25,0.002190131482031,4.56572767918e-06,-4.1105211850322e-11,8.5686828187381e-11,12.945316170182,0.038585611827624,3.397282455353e-14,1
53.3,128,0,53.3,0.0021901331585846,4.5657241843907e-06,-4.1105211850322e-11,8.5686828187381e-11,12.943386889591,0.038585611827624,3.397282455353e-14,1
53.35,128,0,53.35,0.0021901348351383,4.5657206896015e-06,-4.1105211850322e-11,8.5686828187381e-11,12.941457609,0.038585611827624,3.397282455353e-14,1
53.4,128,0,53.4,0.002190136511692,4.5657171948122e-06,-4.1105211850322e-11,8.5686828187381e-11,12.939528328408,0.038585611827624,3.397282455353e-14,1
53.45,128,0,53.45,0.0021901381882456,4.565713700023e-06,-4.1105211850322e-11,8.5686828187381e-11,12.937599047817,0.038585611827624,3.397282455353e-14,1
53.5,128,0,53.5,0.0021901398647993,4.5657102052337e-06,-4.1105211850322e-11,8.5686828187381e-11,12.935669767225,0.038585611827624,3.397282455353e-14,1
53.55,128,0,53.55,0.002190141541353,4.5657067104445e-06,-4.1105211850322e-11,8.5686828187381e-11,12.933740486634,0.038585611827624,3.397282455353e-14,1
53.6,128,0,53.6,0.0021901432179066,4.5657032156552e-06,-4.1105211850322e-11,8.5686828187381e-11,12.931811206043,0.038585611827624,3.397282455353e-14,1
53.65,128,0,53.65,0.0021901448944603,4.565699720866e-06,-4.1105211850322e-11,8.5686828187381e-11,12.929881925451,0.038585611827624,3.397282455353e-14,1
53.7,128,0,53.7,0.002190146571014,4.5656962260767e-06,-4.1105211850322e-11,8.5686828187381e-11,12.92795264486,0.038585611827624,3.397282455353e-14,1
53.75,128,0,53.75,0.0021901482475676,4.5656927312874e-06,-4.1105211850322e-11,8.5686828187381e-11,12.926023364268,0.038585611827624,3.397282455353e-14,1
53.8,128,0,53.8,0.0021901499241213,4.5656892364982e-06,-4.1105211850322e-11,8.5686828187381e-11,12.924094083677,0.038585611827624,3.397282455353e-14,1
53.85,128,0,53.85,0.002190151600675,4.5656857417089e-06,-4.1105211850322e-11,8.5686828187381e-11,12.922164803086,0.038585611827624,3.397282455353e-14,1
53.9,128,0,53.9,0.0021901532772286,4.5656822469197e-06,-4.1105211850322e-11,8.5686828187381e-11,12.920235522494,0.038585611827624,3.397282455353e-14,1
53.95,128,0,53.95,0.0021901549537823,4.5656787521304e-06,-4.1105211850322e-11,8.5686828187381e-11,12.918306241903,0.038585611827624,3.397282455353e-14,1
54,128,0,54,0.002190156630336,4.5656752573412e-06,-4.1105211850322e-11,8.5686828187381e-11,12.916376961312,0.038585611827624,3.397282455353e-14,1
54.05,128,0,54.05,0.002190155508498,4.5656775957758e-06,4.5144840494935e-11,-9.4108009578059e-11,12.91444768072,0.03858561182751,3.1530333899354e-14,1
54.1,128,0,54.1,0.0021901543866601,4.5656799342104e-06,4.5144840494935e-11,-9.4108009578059e-11,12.912518400129,0.03858561182751,3.1530333899354e-14,1
54.15,128,0,54.15,0.0021901532648222,4.565682272645e-06,4.5144840494935e-11,-9.4108009578059e-11,12.910589119537,0.03858561182751,3.1530333899354e-14,1
54.2,128,0,54.2,0.0021901521429842,4.5656846110796e-06,4.5144840494935e-11,-9.4108009578059e-11,12.908659838946,0.03858561182751,3.1530333899354e-14,1
54.25,128,0,54.25,0.0021901510211463,4.5656869495142e-06,4.5144840494935e-11,-9.4108009578059e-11,12.906730558355,0.03858561182751,3.1530333899354e-14,1
54.3,128,0,54.3,0.0021901498993083,4.5656892879488e-06,4.5144840494935e-11,-9.4108009578059e-11,12.904801277763,0.03858561182751,3.1530333899354e-14,1
54.35,128,0,54.35,0.0021901487774704,4.5656916263834e-06,4.5144840494935e-11,-9.4108009578059e-11,12.902871997172,0.03858561182751,3.1530333899354e-14,1
54.4,128,0,54.4,0.0021901476556324,4.565693964818e-06,4.5144840494935e-11,-9.4108009578059e-11,12.900942716581,0.03858561182751,3.1530333899354e-14,1
54.45,128,0,54.45,0.0021901465337945,4.5656963032526e-06,4.5144840494935e-11,-9.4108009578059e-11,12.899013435989,0.03858561182751,3.1530333899354e-14,1
54.5,128,0,54.5,0.0021901454119565,4.5656986416872e-06,4.5144840494935e-11,-9.4108009578059e-11,12.897084155398,0.03858561182751,3.1530333899354e-14,1
54.55,128,0,54.55,0.0021901442901186,4.5657009801218e-06,4.5144840494935e-11,-9.4108009578059e-11,12.895154874806,0.03858561182751,3.1530333899354e-14,1
54.6,128,0,54.6,0.0021901431682807,4.5657033185564e-06,4.5144840494935e-11,-9.4108009578059e-11,12.893225594215,0.03858561182751,3.1530333899354e-14,1
54.65,128,0,54.65,0.0021901420464427,4.565705656991e-06,4.5144840494935e-11,-9.4108009578059e-11,12.891296313624,0.03858561182751,3.1530333899354e-14,1
54.7,128,0,54.7,0.0021901409246048,4.5657079954256e-06,4.5144840494935e-11,-9.4108009578059e-11,12.889367033032,0.03858561182751,3.1530333899354e-14,1
54.75,128,0,54.75,0.0021901398027668,4.5657103338602e-06,4.5144840494935e-11,-9.4108009578059e-11,12.887437752441,0.03858561182751,3.1530333899354e-14,1
54.8,128,0,54.8,0.0021901386809289,4.5657126722948e-06,4.5144840494935e-11,-9.4108009578059e-11,12.88550847185,0.03858561182751,3.1530333899354e-14,1
54.85,128,0,54.85,0.0021901375590909,4.5657150107294e-06,4.5144840494935e-11,-9.4108009578059e-11,12.883579191258,0.03858561182751,3.1530333899354e-14,1
54.9,128,0,54.9,0.002190136437253,4.565717349164e-06,4.5144840494935e-11,-9.4108009578059e-11,12.881649910667,0.03858561182751,3.1530333899354e-14,1
54.95,128,0,54.95,0.002190135315415,4.5657196875985e-06,4.5144840494935e-11,-9.4108009578059e-11,12.879720630075,0.03858561182751,3.1530333899354e-14,1
55,128,0,55,0.0021901341935771,4.5657220260331e-06,4.5144840494935e-11,-9.4108009578059e-11,12.877791349484,0.03858561182751,3.1530333899354e-14,1
55.05,128,0,55.05,0.0021901340483664,4.5657223288266e-06,-5.0330356233906e-11,1.0491816310949e-10,12.875862068893,0.038585611827568,1.9539925233403e-14,1
55.1,128,0,55.1,0.0021901339031556,4.5657226316201e-06,-5.0330356233906e-11,1.0491816310949e-10,12.873932788301,0.038585611827568,1.9539925233403e-14,1
55.15,128,0,55.15,0.0021901337579449,4.5657229344135e-06,-5.0330356233906e-11,1.0491816310949e-10,12.87200350771,0.038585611827568,1.9539925233403e-14,1
55.2,128,0,55.2,0.0021901336127342,4.565723237207e-06,-5.0330356233906e-11,1.0491816310949e-10,12.870074227119,0.038585611827568,1.9539925233403e-14,1
55.25,128,0,55.25,0.0021901334675235,4.5657235400005e-06,-5.0330356233906e-11,1.0491816310949e-10,12.868144946527,0.038585611827568,1.9539925233403e-14,1
55.3,128,0,55.3,0.0021901333223127,4.5657238427939e-06,-5.0330356233906e-11,1.0491816310949e-10,12.866215665936,0.038585611827568,1.9539925233403e-14,1
55.35,128,0,55.35,0.002190133177102,4.5657241455874e-06,-5.0330356233906e-11,1.0491816310949e-10,12.864286385344,0.038585611827568,1.9539925233403e-14,1
55.4,128,0,55.4,0.0021901330318913,4.5657244483808e-06,-5.0330356233906e-11,1.0491816310949e-10,12.862357104753,0.038585611827568,1.9539925233403e-14,1
55.45,128,0,55.45,0.0021901328866806,4.5657247511743e-06,-5.0330356233906e-11,1.0491816310949e-10,12.860427824162,0.038585611827568,1.9539925233403e-14,1
55.5,128,0,55.5,0.0021901327414698,4.5657250539678e-06,-5.0330356233906e-11,1.0491816310949e-10,12.85849854357,0.038585611827568,1.9539925233403e-14,1
55.55,128,0,55.55,0.0021901325962591,4.5657253567612e-06,-5.0330356233906e-11,1.0491816310949e-10,12.856569262979,0.038585611827568,1.9539925233403e-14,1
55.6,128,0,55.6,0.0021901324510484,4.5657256595547e-06,-5.0330356233906e-11,1.0491816310949e-10,12.854639982388,0.038585611827568,1.9539925233403e-14,1
55.65,128,0,55.65,0.0021901323058377,4.5657259623482e-06,-5.0330356233906e-11,1.0491816310949e-10,12.852710701796,0.038585611827568,1.9539925233403e-14,1
55.7,128,0,55.7,0.0021901321606269,4.5657262651416e-06,-5.0330356233906e-11,1.0491816310949e-10,12.850781421205,0.038585611827568,1.9539925233403e-14,1
55.75,128,0,55.75,0.0021901320154162,4.5657265679351e-06,-5.0330356233906e-11,1.0491816310949e-10,12.848852140613,0.038585611827568,1.9539925233403e-14,1
55.8,128,0,55.8,0.0021901318702055,4.5657268707285e-06,-5.0330356233906e-11,1.0491816310949e-10,12.846922860022,0.038585611827568,1.9539925233403e-14,1
55.85,128,0,55.85,0.0021901317249948,4.565727173522e-06,-5.0330356233906e-11,1.0491816310949e-10,12.844993579431,0.038585611827568,1.9539925233403e-14,1
55.9,128,0,55.9,0.002190131579784,4.5657274763155e-06,-5.0330356233906e-11,1.0491816310949e-10,12.843064298839,0.038585611827568,1.9539925233403e-14,1
55.95,128,0,55.95,0.0021901314345733,4.5657277791089e-06,-5.0330356233906e-11,1.0491816310949e-10,12.841135018248,0.038585611827568,1.9539925233403e-14,1
56,128,0,56,0.0021901312893626,4.5657280819024e-06,-5.0330356233906e-11,1.0491816310949e-10,12.839205737657,0.038585611827568,1.9539925233403e-14,1
56.05,128,0,56.05,0.0021901308369724,4.565729024863e-06,4.5967931622959e-11,-9.5824055901421e-11,12.837276457065,0.038585611827562,-1.7541523789077e-14,1
56.1,128,0,56.1,0.0021901303845822,4.5657299678237e-06,4.5967931622959e-11,-9.5824055901421e-11,12.835347176474,0.038585611827562,-1.7541523789077e-14,1
56.15,128,0,56.15,0.002190129932192,4.5657309107843e-06,4.5967931622959e-11,-9.5824055901421e-11,12.833417895882,0.038585611827562,-1.7541523789077e-14,1
56.2,128,0,56.2,0.0021901294798018,4.565731853745e-06,4.5967931622959e-11,-9.5824055901421e-11,12.831488615291,0.038585611827562,-1.7541523789077e-14,1
56.25,128,0,56.25,0.0021901290274115,4.5657327967056e-06,4.5967931622959e-11,-9.5824055901421e-11,12.8295593347,0.038585611827562,-1.7541523789077e-14,1
56.3,128,0,56.3,0.0021901285750213,4.5657337396663e-06,4.5967931622959e-11,-9.5824055901421e-11,12.827630054108,0.038585611827562,-1.7541523789077e-14,1
56.35,128,0,56.35,0.0021901281226311,4.5657346826269e-06,4.5967931622959e-11,-9.5824055901421e-11,12.825700773517,0.038585611827562,-1.7541523789077e-14,1
56.4,128,0,56.4,0.0021901276702409,4.5657356255876e-06,4.5967931622959e-11,-9.5824055901421e-11,12.823771492926,0.038585611827562,-1.7541523789077e-14,1
56.45,128,0,56.45,0.0021901272178507,4.5657365685482e-06,4.5967931622959e-11,-9.5824055901421e-11,12.821842212334,0.038585611827562,-1.7541523789077e-14,1
56.5,128,0,56.5,0.0021901267654605,4.5657375115089e-06,4.5967931622959e-11,-9.5824055901421e-11,12.819912931743,0.038585611827562,-1.7541523789077e-14,1
56.55,128,0,56.55,0.0021901263130703,4.5657384544695e-06,4.5967931622959e-11,-9.5824055901421e-11,12.817983651151,0.038585611827562,-1.7541523789077e-14,1
56.6,128,0,56.6,0.0021901258606801,4.5657393974302e-06,4.5967931622959e-11,-9.5824055901421e-11,12.81605437056,0.038585611827562,-1.7541523789077e-14,1
56.65,128,0,56.65,0.0021901254082899,4.5657403403908e-06,4.5967931622959e-11,-9.5824055901421e-11,12.814125089969,0.038585611827562,-1.7541523789077e-14,1
56.7,128,0,56.7,0.0021901249558997,4.5657412833515e-06,4.5967931622959e-11,-9.5824055901421e-11,12.812195809377,0.038585611827562,-1.7541523789077e-14,1
56.75,128,0,56.75,0.0021901245035095,4.5657422263121e-06,4.5967931622959e-11,-9.5824055901421e-11,12.810266528786,0.038585611827562,-1.7541523789077e-14,1
56.8,128,0,56.8,0.0021901240511193,4.5657431692728e-06,4.5967931622959e-11,-9.5824055901421e-11,12.808337248195,0.038585611827562,-1.7541523789077e-14,1
56.85,128,0,56.85,0.0021901235987291,4.5657441122334e-06,4.5967931622959e-11,-9.5824055901421e-11,12.806407967603,0.038585611827562,-1.7541523789077e-14,1
56.9,128,0,56.9,0.0021901231463389,4.5657450551941e-06,4.5967931622959e-11,-9.5824055901421e-11,12.804478687012,0.038585611827562,-1.7541523789077e-14,1
56.95,128,0,56.95,0.0021901226939487,4.5657459981547e-06,4.5967931622959e-11,-9.5824055901421e-11,12.80254940642,0.038585611827562,-1.7541523789077e-14,1
57,128,0,57,0.0021901222415585,4.5657469411154e-06,4.5967931622959e-11,-9.5824055901421e-11,12.800620125829,0.038585611827562,-1.7541523789077e-14,1
57.05,128,0,57.05,0.0021901239640983,4.5657433504531e-06,-4.1084203831728e-11,8.5643071486954e-11,12.798690845238,0.038585611827552,-2.9976021664879e-14,1
57.1,128,0,57.1,0.0021901256866381,4.5657397597908e-06,-4.1084203831728e-11,8.5643071486954e-11,12.796761564646,0.038585611827552,-2.9976021664879e-14,1
57.15,128,0,57.15,0.0021901274091778,4.5657361691286e-06,-4.1084203831728e-11,8.5643071486954e-11,12.794832284055,0.038585611827552,-2.9976021664879e-14,1
57.2,128,0,57.2,0.0021901291317176,4.5657325784663e-06,-4.1084203831728e-11,8.5643071486954e-11,12.792903003463,0.038585611827552,-2.9976021664879e-14,1
57.25,128,0,57.25,0.0021901308542574,4.565728987804e-06,-4.1084203831728e-11,8.5643071486954e-11,12.790973722872,0.038585611827552,-2.9976021664879e-14,1
57.3,128,0,57.3,0.0021901325767972,4.5657253971418e-06,-4.1084203831728e-11,8.5643071486954e-11,12.789044442281,0.038585611827552,-2.9976021664879e-14,1
57.35,128,0,57.35,0.002190134299337,4.5657218064795e-06,-4.1084203831728e-11,8.5643071486954e-11,12.787115161689,0.038585611827552,-2.9976021664879e-14,1
57.4,128,0,57.4,0.0021901360218768,4.5657182158172e-06,-4.1084203831728e-11,8.5643071486954e-11,12.785185881098,0.038585611827552,-2.9976021664879e-14,1
57.45,128,0,57.45,0.0021901377444166,4.565714625155e-06,-4.1084203831728e-11,8.5643071486954e-11,12.783256600507,0.038585611827552,-2.9976021664879e-14,1
57.5,128,0,57.5,0.0021901394669564,4.5657110344927e-06,-4.1084203831728e-11,8.5643071486954e-11,12.781327319915,0.038585611827552,-2.9976021664879e-14,1
57.55,128,0,57.55,0.0021901411894961,4.5657074438304e-06,-4.1084203831728e-11,8.5643071486954e-11,12.779398039324,0.038585611827552,-2.9976021664879e-14,1
57.6,128,0,57.6,0.0021901429120359,4.5657038531682e-06,-4.1084203831728e-11,8.5643071486954e-11,12.777468758732,0.038585611827552,-2.9976021664879e-14,1
57.65,128,0,57.65,0.0021901446345757,4.5657002625059e-06,-4.1084203831728e-11,8.5643071486954e-11,12.775539478141,0.038585611827552,-2.9976021664879e-14,1
57.7,128,0,57.7,0.0021901463571155,4.5656966718436e-06,-4.1084203831728e-11,8.5643071486954e-11,12.77361019755,0.038585611827552,-2.9976021664879e-14,1
57.75,128,0,57.75,0.0021901480796553,4.5656930811814e-06,-4.1084203831728e-11,8.5643071486954e-11,12.771680916958,0.038585611827552,-2.9976021664879e-14,1
57.8,128,0,57.8,0.0021901498021951,4.5656894905191e-06,-4.1084203831728e-11,8.5643071486954e-11,12.769751636367,0.038585611827552,-2.9976021664879e-14,1
57.85,128,0,57.85,0.0021901515247349,4.5656858998568e-06,-4.1084203831728e-11,8.5643071486954e-11,12.767822355776,0.038585611827552,-2.9976021664879e-14,1
57.9,128,0,57.9,0.0021901532472747,4.5656823091946e-06,-4.1084203831728e-11,8.5643071486954e-11,12.765893075184,0.038585611827552,-2.9976021664879e-14,1
57.95,128,0,57.95,0.0021901549698144,4.5656787185323e-06,-4.1084203831728e-11,8.5643071486954e-11,12.763963794593,0.038585611827552,-2.9976021664879e-14,1
58,128,0,58,0.0021901566923542,4.56567512787e-06,-4.1084203831728e-11,8.5643071486954e-11,12.762034514001,0.038585611827552,-2.9976021664879e-14,1
58.05,128,0,58.05,0.0021901555738837,4.5656774592781e-06,4.6062439122008e-11,-9.6020727251658e-11,12.76010523341,0.038585611827561,-2.8199664825479e-14,1
58.1,128,0,58.1,0.0021901544554133,4.5656797906862e-06,4.6062439122008e-11,-9.6020727251658e-11,12.758175952819,0.038585611827561,-2.8199664825479e-14,1
58.15,128,0,58.15,0.0021901533369428,4.5656821220943e-06,4.6062439122008e-11,-9.6020727251658e-11,12.756246672227,0.038585611827561,-2.8199664825479e-14,1
58.2,128,0,58.2,0.0021901522184723,4.5656844535024e-06,4.6062439122008e-11,-9.6020727251658e-11,12.754317391636,0.038585611827561,-2.8199664825479e-14,1
58.25,128,0,58.25,0.0021901511000018,4.5656867849105e-06,4.6062439122008e-11,-9.6020727251658e-11,12.752388111045,0.038585611827561,-2.8199664825479e-14,1
58.3,128,0,58.3,0.0021901499815313,4.5656891163186e-06,4.6062439122008e-11,-9.6020727251658e-11,12.750458830453,0.038585611827561,-2.8199664825479e-14,1
58.35,128,0,58.35,0.0021901488630608,4.5656914477267e-06,4.6062439122008e-11,-9.6020727251658e-11,12.748529549862,0.038585611827561,-2.8199664825479e-14,1
58.4,128,0,58.4,0.0021901477445903,4.5656937791348e-06,4.6062439122008e-11,-9.6020727251658e-11,12.74660026927,0.038585611827561,-2.8199664825479e-14,1
58.45,128,0,58.45,0.0021901466261198,4.5656961105429e-06,4.6062439122008e-11,-9.6020727251658e-11,12.744670988679,0.038585611827561,-2.8199664825479e-14,1
58.5,128,0,58.5,0.0021901455076494,4.565698441951e-06,4.6062439122008e-11,-9.6020727251658e-11,12.742741708088,0.038585611827561,-2.8199664825479e-14,1
58.55,128,0,58.55,0.0021901443891789,4.5657007733591e-06,4.6062439122008e-11,-9.6020727251658e-11,12.740812427496,0.038585611827561,-2.8199664825479e-14,1
58.6,128,0,58.6,0.0021901432707084,4.5657031047672e-06,4.6062439122008e-11,-9.6020727251658e-11,12.738883146905,0.038585611827561,-2.8199664825479e-14,1
58.65,128,0,58.65,0.0021901421522379,4.5657054361753e-06,4.6062439122008e-11,-9.6020727251658e-11,12.736953866314,0.038585611827561,-2.8199664825479e-14,1
58.7,128,0,58.7,0.0021901410337674,4.5657077675833e-06,4.6062439122008e-11,-9.6020727251658e-11,12.735024585722,0.038585611827561,-2.8199664825479e-14,1
58.75,128,0,58.75,0.0021901399152969,4.5657100989914e-06,4.6062439122008e-11,-9.6020727251658e-11,12.733095305131,0.038585611827561,-2.8199664825479e-14,1
58.8,128,0,58.8,0.0021901387968264,4.5657124303995e-06,4.6062439122008e-11,-9.6020727251658e-11,12.731166024539,0.038585611827561,-2.8199664825479e-14,1
58.85,128,0,58.85,0.0021901376783559,4.5657147618076e-06,4.6062439122008e-11,-9.6020727251658e-11,12.729236743948,0.038585611827561,-2.8199664825479e-14,1
58.9,128,0,58.9,0.0021901365598855,4.5657170932157e-06,4.6062439122008e-11,-9.6020727251658e-11,12.727307463357,0.038585611827561,-2.8199664825479e-14,1
58.95,128,0,58.95,0.002190135441415,4.5657194246238e-06,4.6062439122008e-11,-9.6020727251658e-11,12.725378182765,0.038585611827561,-2.8199664825479e-14,1
59,128,0,59,0.0021901343229445,4.5657217560319e-06,4.6062439122008e-11,-9.6020727251658e-11,12.723448902174,0.038585611827561,-2.8199664825479e-14,1
59.05,128,0,59.05,0.0021901342336177,4.5657219423529e-06,-5.2819075658595e-11,1.1010600653881e-10,12.721519621583,0.038585611827572,-3.1086244689504e-14,1
59.1,128,0,59.1,0.002190134144291,4.565722128674e-06,-5.2819075658595e-11,1.1010600653881e-10,12.719590340991,0.038585611827572,-3.1086244689504e-14,1
59.15,128,0,59.15,0.0021901340549642,4.565722314995e-06,-5.2819075658595e-11,1.1010600653881e-10,12.7176610604,0.038585611827572,-3.1086244689504e-14,1
59.2,128,0,59.2,0.0021901339656375,4.565722501316e-06,-5.2819075658595e-11,1.1010600653881e-10,12.715731779808,0.038585611827572,-3.1086244689504e-14,1
59.25,128,0,59.25,0.0021901338763107,4.565722687637e-06,-5.2819075658595e-11,1.1010600653881e-10,12.713802499217,0.038585611827572,-3.1086244689504e-14,1
59.3,128,0,59.3,0.002190133786984,4.5657228739581e-06,-5.2819075658595e-11,1.1010600653881e-10,12.711873218626,0.038585611827572,-3.1086244689504e-14,1
59.35,128,0,59.35,0.0021901336976572,4.5657230602791e-06,-5.2819075658595e-11,1.1010600653881e-10,12.709943938034,0.038585611827572,-3.1086244689504e-14,1
59.4,128,0,59.4,0.0021901336083305,4.5657232466001e-06,-5.2819075658595e-11,1.1010600653881e-10,12.708014657443,0.038585611827572,-3.1086244689504e-14,1
59.45,128,0,59.45,0.0021901335190037,4.5657234329211e-06,-5.2819075658595e-11,1.1010600653881e-10,12.706085376851,0.038585611827572,-3.1086244689504e-14,1
59.5,128,0,59.5,0.002190133429677,4.5657236192421e-06,-5.2819075658595e-11,1.1010600653881e-10,12.70415609626,0.038585611827572,-3.1086244689504e-14,1
59.55,128,0,59.55,0.0021901333403502,4.5657238055632e-06,-5.2819075658595e-11,1.1010600653881e-10,12.702226815669,0.038585611827572,-3.1086244689504e-14,1
59.6,128,0,59.6,0.0021901332510235,4.5657239918842e-06,-5.2819075658595e-11,1.1010600653881e-10,12.700297535077,0.038585611827572,-3.1086244689504e-14,1
59.65,128,0,59.65,0.0021901331616967,4.5657241782052e-06,-5.2819075658595e-11,1.1010600653881e-10,12.698368254486,0.038585611827572,-3.1086244689504e-14,1
59.7,128,0,59.7,0.00219013307237,4.5657243645262e-06,-5.2819075658595e-11,1.1010600653881e-10,12.696438973895,0.038585611827572,-3.1086244689504e-14,1
59.75,128,0,59.75,0.0021901329830432,4.5657245508473e-06,-5.2819075658595e-11,1.1010600653881e-10,12.694509693303,0.038585611827572,-3.1086244689504e-14,1
59.8,128,0,59.8,0.0021901328937165,4.5657247371683e-06,-5.2819075658595e-11,1.1010600653881e-10,12.692580412712,0.038585611827572,-3.1086244689504e-14,1
59.85,128,0,59.85,0.0021901328043897,4.5657249234893e-06,-5.2819075658595e-11,1.1010600653881e-10,12.69065113212,0.038585611827572,-3.1086244689504e-14,1
59.9,128,0,59.9,0.002190132715063,4.5657251098103e-06,-5.2819075658595e-11,1.1010600653881e-10,12.688721851529,0.038585611827572,-3.1086244689504e-14,1
59.95,128,0,59.95,0.0021901326257362,4.5657252961314e-06,-5.2819075658595e-11,1.1010600653881e-10,12.686792570938,0.038585611827572,-3.1086244689504e-14,1
60,128,0,60,0.0021901325364095,4.5657254824524e-06,-5.2819075658595e-11,1.1010600653881e-10,12.684863290346,0.038585611827572,-3.1086244689504e-14,1
60.05,128,0,60.05,0.0021901318181832,4.5657269796276e-06,4.9973046102879e-11,-1.0417423947083e-10,12.682934009755,0.038585611827566,-3.5527136788005e-15,1
60.1,128,0,60.1,0.0021901310999568,4.5657284768028e-06,4.9973046102879e-11,-1.0417423947083e-10,12.681004729164,0.038585611827566,-3.5527136788005e-15,1
60.15,128,0,60.15,0.0021901303817305,4.5657299739781e-06,4.9973046102879e-11,-1.0417423947083e-10,12.679075448572,0.038585611827566,-3.5527136788005e-15,1
60.2,128,0,60.2,0.0021901296635042,4.5657314711533e-06,4.9973046102879e-11,-1.0417423947083e-10,12.677146167981,0.038585611827566,-3.5527136788005e-15,1
60.25,128,0,60.25,0.0021901289452779,4.5657329683285e-06,4.9973046102879e-11,-1.0417423947083e-10,12.675216887389,0.038585611827566,-3.5527136788005e-15,1
60.3,128,0,60.3,0.0021901282270516,4.5657344655038e-06,4.9973046102879e-11,-1.0417423947083e-10,12.673287606798,0.038585611827566,-3.5527136788005e-15,1
60.35,128,0,60.35,0.0021901275088252,4.565735962679e-06,4.9973046102879e-11,-1.0417423947083e-10,12.671358326207,0.038585611827566,-3.5527136788005e-15,1
60.4,128,0,60.4,0.0021901267905989,4.5657374598542e-06,4.9973046102879e-11,-1.0417423947083e-10,12.669429045615,0.038585611827566,-3.5527136788005e-15,1
60.45,128,0,60.45,0.0021901260723726,4.5657389570295e-06,4.9973046102879e-11,-1.0417423947083e-10,12.667499765024,0.038585611827566,-3.5527136788005e-15,1
60.5,128,0,60.5,0.0021901253541463,4.5657404542047e-06,4.9973046102879e-11,-1.0417423947083e-10,12.665570484433,0.038585611827566,-3.5527136788005e-15,1
60.55,128,0,60.55,0.00219012463592,4.5657419513799e-06,4.9973046102879e-11,-1.0417423947083e-10,12.663641203841,0.038585611827566,-3.5527136788005e-15,1
60.6,128,0,60.6,0.0021901239176936,4.5657434485551e-06,4.9973046102879e-11,-1.0417423947083e-10,12.66171192325,0.038585611827566,-3.5527136788005e-15,1
60.65,128,0,60.65,0.0021901231994673,4.5657449457304e-06,4.9973046102879e-11,-1.0417423947083e-10,12.659782642658,0.038585611827566,-3.5527136788005e-15,1
60.7,128,0,60.7,0.002190122481241,4.5657464429056e-06,4.9973046102879e-11,-1.0417423947083e-10,12.657853362067,0.038585611827566,-3.5527136788005e-15,1
60.75,128,0,60.75,0.0021901217630147,4.5657479400808e-06,4.9973046102879e-11,-1.0417423947083e-10,12.655924081476,0.038585611827566,-3.5527136788005e-15,1
60.8,128,0,60.8,0.0021901210447884,4.5657494372561e-06,4.9973046102879e-11,-1.0417423947083e-10,12.653994800884,0.038585611827566,-3.5527136788005e-15,1
60.85,128,0,60.85,0.002190120326562,4.5657509344313e-06,4.9973046102879e-11,-1.0417423947083e-10,12.652065520293,0.038585611827566,-3.5527136788005e-15,1
60.9,128,0,60.9,0.0021901196083357,4.5657524316065e-06,4.9973046102879e-11,-1.0417423947083e-10,12.650136239701,0.038585611827566,-3.5527136788005e-15,1
60.95,128,0,60.95,0.0021901188901094,4.5657539287818e-06,4.9973046102879e-11,-1.0417423947083e-10,12.64820695911,0.038585611827566,-3.5527136788005e-15,1
61,128,0,61,0.0021901181718831,4.565755425957e-06,4.9973046102879e-11,-1.0417423947083e-10,12.646277678519,0.038585611827566,-3.5527136788005e-15,1
61.05,128,0,61.05,0.0021901202367865,4.5657511214368e-06,-4.3703442139471e-11,9.1104885830051e-11,12.644348397927,0.038585611827564,-2.6534330288541e-14,1
61.1,128,0,61.1,0.0021901223016898,4.5657468169165e-06,-4.3703442139471e-11,9.1104885830051e-11,12.642419117336,0.038585611827564,-2.6534330288541e-14,1
61.15,128,0,61.15,0.0021901243665932,4.5657425123963e-06,-4.3703442139471e-11,9.1104885830051e-11,12.640489836745,0.038585611827564,-2.6534330288541e-14,1
61.2,128,0,61.2,0.0021901264314966,4.5657382078761e-06,-4.3703442139471e-11,9.1104885830051e-11,12.638560556153,0.038585611827564,-2.6534330288541e-14,1
61.25,128,0,61.25,0.0021901284964,4.5657339033558e-06,-4.3703442139471e-11,9.1104885830051e-11,12.636631275562,0.038585611827564,-2.6534330288541e-14,1
61.3,128,0,61.3,0.0021901305613034,4.5657295988356e-06,-4.3703442139471e-11,9.1104885830051e-11,12.63470199497,0.038585611827564,-2.6534330288541e-14,1
61.35,128,0,61.35,0.0021901326262068,4.5657252943154e-06,-4.3703442139471e-11,9.1104885830051e-11,12.632772714379,0.038585611827564,-2.6534330288541e-14,1
61.4,128,0,61.4,0.0021901346911102,4.5657209897951e-06,-4.3703442139471e-11,9.1104885830051e-11,12.630843433788,0.038585611827564,-2.6534330288541e-14,1
61.45,128,0,61.45,0.0021901367560135,4.5657166852749e-06,-4.3703442139471e-11,9.1104885830051e-11,12.628914153196,0.038585611827564,-2.6534330288541e-14,1
61.5,128,0,61.5,0.0021901388209169,4.5657123807547e-06,-4.3703442139471e-11,9.1104885830051e-11,12.626984872605,0.038585611827564,-2.6534330288541e-14,1
61.55,128,0,61.55,0.0021901408858203,4.5657080762344e-06,-4.3703442139471e-11,9.1104885830051e-11,12.625055592014,0.038585611827564,-2.6534330288541e-14,1
61.6,128,0,61.6,0.0021901429507237,4.5657037717142e-06,-4.3703442139471e-11,9.1104885830051e-11,12.623126311422,0.038585611827564,-2.6534330288541e-14,1
61.65,128,0,61.65,0.0021901450156271,4.565699467194e-06,-4.3703442139471e-11,9.1104885830051e-11,12.621197030831,0.038585611827564,-2.6534330288541e-14,1
61.7,128,0,61.7,0.0021901470805305,4.5656951626737e-06,-4.3703442139471e-11,9.1104885830051e-11,12.619267750239,0.038585611827564,-2.6534330288541e-14,1
61.75,128,0,61.75,0.0021901491454339,4.5656908581535e-06,-4.3703442139471e-11,9.1104885830051e-11,12.617338469648,0.038585611827564,-2.6534330288541e-14,1
61.8,128,0,61.8,0.0021901512103373,4.5656865536333e-06,-4.3703442139471e-11,9.1104885830051e-11,12.615409189057,0.038585611827564,-2.6534330288541e-14,1
61.85,128,0,61.85,0.0021901532752406,4.565682249113e-06,-4.3703442139471e-11,9.1104885830051e-11,12.613479908465,0.038585611827564,-2.6534330288541e-14,1
61.9,128,0,61.9,0.002190155340144,4.5656779445928e-06,-4.3703442139471e-11,9.1104885830051e-11,12.611550627874,0.038585611827564,-2.6534330288541e-14,1
61.95,128,0,61.95,0.0021901574050474,4.5656736400726e-06,-4.3703442139471e-11,9.1104885830051e-11,12.609621347283,0.038585611827564,-2.6534330288541e-14,1
62,128,0,62,0.0021901594699508,4.5656693355523e-06,-4.3703442139471e-11,9.1104885830051e-11,12.607692066691,0.038585611827564,-2.6534330288541e-14,1
62.05,128,0,62.05,0.0021901560696975,4.565676423559e-06,7.4377111005644e-11,-1.5504331847389e-10,12.6057627861,0.038585611827553,-1.2656542480727e-14,1
62.1,128,0,62.1,0.0021901526694441,4.5656835115657e-06,7.4377111005644e-11,-1.5504331847389e-10,12.603833505508,0.038585611827553,-1.2656542480727e-14,1
62.15,128,0,62.15,0.0021901492691908,4.5656905995724e-06,7.4377111005644e-11,-1.5504331847389e-10,12.601904224917,0.038585611827553,-1.2656542480727e-14,1
62.2,128,0,62.2,0.0021901458689374,4.5656976875791e-06,7.4377111005644e-11,-1.5504331847389e-10,12.599974944326,0.038585611827553,-1.2656542480727e-14,1
62.25,128,0,62.25,0.0021901424686841,4.5657047755858e-06,7.4377111005644e-11,-1.5504331847389e-10,12.598045663734,0.038585611827553,-1.2656542480727e-14,1
62.3,128,0,62.3,0.0021901390684307,4.5657118635925e-06,7.4377111005644e-11,-1.5504331847389e-10,12.596116383143,0.038585611827553,-1.2656542480727e-14,1
62.35,128,0,62.35,0.0021901356681774,4.5657189515992e-06,7.4377111005644e-11,-1.5504331847389e-10,12.594187102552,0.038585611827553,-1.2656542480727e-14,1
62.4,128,0,62.4,0.002190132267924,4.5657260396059e-06,7.4377111005644e-11,-1.5504331847389e-10,12.59225782196,0.038585611827553,-1.2656542480727e-14,1
62.45,128,0,62.45,0.0021901288676707,4.5657331276126e-06,7.4377111005644e-11,-1.5504331847389e-10,12.590328541369,0.038585611827553,-1.2656542480727e-14,1
62.5,128,0,62.5,0.0021901254674174,4.5657402156193e-06,7.4377111005644e-11,-1.5504331847389e-10,12.588399260777,0.038585611827553,-1.2656542480727e-14,1
62.55,128,0,62.55,0.002190122067164,4.565747303626e-06,7.4377111005644e-11,-1.5504331847389e-10,12.586469980186,0.038585611827553,-1.2656542480727e-14,1
62.6,128,0,62.6,0.0021901186669107,4.5657543916327e-06,7.4377111005644e-11,-1.5504331847389e-10,12.584540699595,0.038585611827553,-1.2656542480727e-14,1
62.65,128,0,62.65,0.0021901152666573,4.5657614796393e-06,7.4377111005644e-11,-1.5504331847389e-10,12.582611419003,0.038585611827553,-1.2656542480727e-14,1
62.7,128,0,62.7,0.002190111866404,4.565768567646e-06,7.4377111005644e-11,-1.5504331847389e-10,12.580682138412,0.038585611827553,-1.2656542480727e-14,1
62.75,128,0,62.75,0.0021901084661506,4.5657756556527e-06,7.4377111005644e-11,-1.5504331847389e-10,12.57875285782,0.038585611827553,-1.2656542480727e-14,1
62.8,128,0,62.8,0.0021901050658973,4.5657827436594e-06,7.4377111005644e-11,-1.5504331847389e-10,12.576823577229,0.038585611827553,-1.2656542480727e-14,1
62.85,128,0,62.85,0.0021901016656439,4.5657898316661e-06,7.4377111005644e-11,-1.5504331847389e-10,12.574894296638,0.038585611827553,-1.2656542480727e-14,1
62.9,128,0,62.9,0.0021900982653906,4.5657969196728e-06,7.4377111005644e-11,-1.5504331847389e-10,12.572965016046,0.038585611827553,-1.2656542480727e-14,1
62.95,128,0,62.95,0.0021900948651373,4.5658040076795e-06,7.4377111005644e-11,-1.5504331847389e-10,12.571035735455,0.038585611827553,-1.2656542480727e-14,1
63,128,0,63,0.0021900914648839,4.5658110956862e-06,7.4377111005644e-11,-1.5504331847389e-10,12.569106454864,0.038585611827553,-1.2656542480727e-14,1
63.05,128,0,63.05,0.0021900995498976,4.5657942424149e-06,-1.450402055352e-10,3.0234235148569e-10,12.567177174272,0.038585611827543,3.1530333899354e-14,1
63.1,128,0,63.1,0.0021901076349113,4.5657773891436e-06,-1.450402055352e-10,3.0234235148569e-10,12.565247893681,0.038585611827543,3.1530333899354e-14,1
63.15,128,0,63.15,0.002190115719925,4.5657605358723e-06,-1.450402055352e-10,3.0234235148569e-10,12.563318613089,0.038585611827543,3.1530333899354e-14,1
63.2,128,0,63.2,0.0021901238049387,4.5657436826011e-06,-1.450402055352e-10,3.0234235148569e-10,12.561389332498,0.038585611827543,3.1530333899354e-14,1
63.25,128,0,63.25,0.0021901318899524,4.5657268293298e-06,-1.450402055352e-10,3.0234235148569e-10,12.559460051907,0.038585611827543,3.1530333899354e-14,1
63.3,128,0,63.3,0.0021901399749661,4.5657099760585e-06,-1.450402055352e-10,3.0234235148569e-10,12.557530771315,0.038585611827543,3.1530333899354e-14,1
63.35,128,0,63.35,0.0021901480599798,4.5656931227872e-06,-1.450402055352e-10,3.0234235148569e-10,12.555601490724,0.038585611827543,3.1530333899354e-14,1
63.4,128,0,63.4,0.0021901561449935,4.5656762695159e-06,-1.450402055352e-10,3.0234235148569e-10,12.553672210133,0.038585611827543,3.1530333899354e-14,1
63.45,128,0,63.45,0.0021901642300072,4.5656594162446e-06,-1.450402055352e-10,3.0234235148569e-10,12.551742929541,0.038585611827543,3.1530333899354e-14,1
63.5,128,0,63.5,0.0021901723150209,4.5656425629733e-06,-1.450402055352e-10,3.0234235148569e-10,12.54981364895,0.038585611827543,3.1530333899354e-14,1
63.55,128,0,63.55,0.0021901804000346,4.5656257097021e-06,-1.450402055352e-10,3.0234235148569e-10,12.547884368358,0.038585611827543,3.1530333899354e-14,1
63.6,128,0,63.6,0.0021901884850484,4.5656088564308e-06,-1.450402055352e-10,3.0234235148569e-10,12.545955087767,0.038585611827543,3.1530333899354e-14,1
63.65,128,0,63.65,0.0021901965700621,4.5655920031595e-06,-1.450402055352e-10,3.0234235148569e-10,12.544025807176,0.038585611827543,3.1530333899354e-14,1
63.7,128,0,63.7,0.0021902046550758,4.5655751498882e-06,-1.450402055352e-10,3.0234235148569e-10,12.542096526584,0.038585611827543,3.1530333899354e-14,1
63.75,128,0,63.75,0.0021902127400895,4.5655582966169e-06,-1.450402055352e-10,3.0234235148569e-10,12.540167245993,0.038585611827543,3.1530333899354e-14,1
63.8,128,0,63.8,0.0021902208251032,4.5655414433456e-06,-1.450402055352e-10,3.0234235148569e-10,12.538237965402,0.038585611827543,3.1530333899354e-14,1
63.85,128,0,63.85,0.0021902289101169,4.5655245900743e-06,-1.450402055352e-10,3.0234235148569e-10,12.53630868481,0.038585611827543,3.1530333899354e-14,1
63.9,128,0,63.9,0.0021902369951306,4.5655077368031e-06,-1.450402055352e-10,3.0234235148569e-10,12.534379404219,0.038585611827543,3.1530333899354e-14,1
63.95,128,0,63.95,0.0021902450801443,4.5654908835318e-06,-1.450402055352e-10,3.0234235148569e-10,12.532450123627,0.038585611827543,3.1530333899354e-14,1
64,128,0,64,0.002190253165158,4.5654740302605e-06,-1.450402055352e-10,3.0234235148569e-10,12.530520843036,0.038585611827543,3.1530333899354e-14,1
64.05,128,0,64.05,0.0021902464523931,4.5654880230497e-06,1.4055171213841e-10,-2.9298997921413e-10,12.528591562445,0.038585611827574,-1.9761969838328e-14,1
64.1,128,0,64.1,0.0021902397396282,4.5655020158389e-06,1.4055171213841e-10,-2.9298997921413e-10,12.526662281853,0.038585611827574,-1.9761969838328e-14,1
64.15,128,0,64.15,0.0021902330268632,4.5655160086281e-06,1.4055171213841e-10,-2.9298997921413e-10,12.524733001262,0.038585611827574,-1.9761969838328e-14,1
64.2,128,0,64.2,0.0021902263140983,4.5655300014173e-06,1.4055171213841e-10,-2.9298997921413e-10,12.522803720671,0.038585611827574,-1.9761969838328e-14,1
64.25,128,0,64.25,0.0021902196013334,4.5655439942066e-06,1.4055171213841e-10,-2.9298997921413e-10,12.520874440079,0.038585611827574,-1.9761969838328e-14,1
64.3,128,0,64.3,0.0021902128885685,4.5655579869958e-06,1.4055171213841e-10,-2.9298997921413e-10,12.518945159488,0.038585611827574,-1.9761969838328e-14,1
64.35,128,0,64.35,0.0021902061758036,4.565571979785e-06,1.4055171213841e-10,-2.9298997921413e-10,12.517015878896,0.038585611827574,-1.9761969838328e-14,1
64.4,128,0,64.4,0.0021901994630387,4.5655859725742e-06,1.4055171213841e-10,-2.9298997921413e-10,12.515086598305,0.038585611827574,-1.9761969838328e-14,1
64.45,128,0,64.45,0.0021901927502738,4.5655999653634e-06,1.4055171213841e-10,-2.9298997921413e-10,12.513157317714,0.038585611827574,-1.9761969838328e-14,1
64.5,128,0,64.5,0.0021901860375089,4.5656139581526e-06,1.4055171213841e-10,-2.9298997921413e-10,12.511228037122,0.038585611827574,-1.9761969838328e-14,1
64.55,128,0,64.55,0.0021901793247439,4.5656279509418e-06,1.4055171213841e-10,-2.9298997921413e-10,12.509298756531,0.038585611827574,-1.9761969838328e-14,1
64.6,128,0,64.6,0.002190172611979,4.565641943731e-06,1.4055171213841e-10,-2.9298997921413e-10,12.50736947594,0.038585611827574,-1.9761969838328e-14,1
64.65,128,0,64.65,0.0021901658992141,4.5656559365203e-06,1.4055171213841e-10,-2.9298997921413e-10,12.505440195348,0.038585611827574,-1.9761969838328e-14,1
64.7,128,0,64.7,0.0021901591864492,4.5656699293095e-06,1.4055171213841e-10,-2.9298997921413e-10,12.503510914757,0.038585611827574,-1.9761969838328e-14,1
64.75,128,0,64.75,0.0021901524736843,4.5656839220987e-06,1.4055171213841e-10,-2.9298997921413e-10,12.501581634165,0.038585611827574,-1.9761969838328e-14,1
64.8,128,0,64.8,0.0021901457609194,4.5656979148879e-06,1.4055171213841e-10,-2.9298997921413e-10,12.499652353574,0.038585611827574,-1.9761969838328e-14,1
64.85,128,0,64.85,0.0021901390481545,4.5657119076771e-06,1.4055171213841e-10,-2.9298997921413e-10,12.497723072983,0.038585611827574,-1.9761969838328e-14,1
64.9,128,0,64.9,0.0021901323353896,4.5657259004663e-06,1.4055171213841e-10,-2.9298997921413e-10,12.495793792391,0.038585611827574,-1.9761969838328e-14,1
64.95,128,0,64.95,0.0021901256226246,4.5657398932555e-06,1.4055171213841e-10,-2.9298997921413e-10,12.4938645118,0.038585611827574,-1.9761969838328e-14,1
65,128,0,65,0.0021901189098597,4.5657538860448e-06,1.4055171213841e-10,-2.9298997921413e-10,12.491935231209,0.038585611827574,-1.9761969838328e-14,1
65.05,128,0,65.05,0.0021901208013723,4.5657499432716e-06,-9.3931453115078e-11,1.9580895683505e-10,12.490005950617,0.038585611827592,-2.6201263381154e-14,1
65.1,128,0,65.1,0.002190122692885,4.5657460004985e-06,-9.3931453115078e-11,1.9580895683505e-10,12.488076670026,0.038585611827592,-2.6201263381154e-14,1
65.15,128,0,65.15,0.0021901245843976,4.5657420577253e-06,-9.3931453115078e-11,1.9580895683505e-10,12.486147389434,0.038585611827592,-2.6201263381154e-14,1
65.2,128,0,65.2,0.0021901264759102,4.5657381149522e-06,-9.3931453115078e-11,1.9580895683505e-10,12.484218108843,0.038585611827592,-2.6201263381154e-14,1
65.25,128,0,65.25,0.0021901283674228,4.565734172179e-06,-9.3931453115078e-11,1.9580895683505e-10,12.482288828252,0.038585611827592,-2.6201263381154e-14,1
65.3,128,0,65.3,0.0021901302589355,4.5657302294059e-06,-9.3931453115078e-11,1.9580895683505e-10,12.48035954766,0.038585611827592,-2.6201263381154e-14,1
65.35,128,0,65.35,0.0021901321504481,4.5657262866327e-06,-9.3931453115078e-11,1.9580895683505e-10,12.478430267069,0.038585611827592,-2.6201263381154e-14,1
65.4,128,0,65.4,0.0021901340419607,4.5657223438596e-06,-9.3931453115078e-11,1.9580895683505e-10,12.476500986477,0.038585611827592,-2.6201263381154e-14,1
65.45,128,0,65.45,0.0021901359334733,4.5657184010864e-06,-9.3931453115078e-11,1.9580895683505e-10,12.474571705886,0.038585611827592,-2.6201263381154e-14,1
65.5,128,0,65.5,0.0021901378249859,4.5657144583133e-06,-9.3931453115078e-11,1.9580895683505e-10,12.472642425295,0.038585611827592,-2.6201263381154e-14,1
65.55,128,0,65.55,0.0021901397164986,4.5657105155401e-06,-9.3931453115078e-11,1.9580895683505e-10,12.470713144703,0.038585611827592,-2.6201263381154e-14,1
65.6,128,0,65.6,0.0021901416080112,4.565706572767e-06,-9.3931453115078e-11,1.9580895683505e-10,12.468783864112,0.038585611827592,-2.6201263381154e-14,1
65.65,128,0,65.65,0.0021901434995238,4.5657026299939e-06,-9.3931453115078e-11,1.9580895683505e-10,12.466854583521,0.038585611827592,-2.6201263381154e-14,1
65.7,128,0,65.7,0.0021901453910364,4.5656986872207e-06,-9.3931453115078e-11,1.9580895683505e-10,12.464925302929,0.038585611827592,-2.6201263381154e-14,1
65.75,128,0,65.75,0.002190147282549,4.5656947444476e-06,-9.3931453115078e-11,1.9580895683505e-10,12.462996022338,0.038585611827592,-2.6201263381154e-14,1
65.8,128,0,65.8,0.0021901491740617,4.5656908016744e-06,-9.3931453115078e-11,1.9580895683505e-10,12.461066741746,0.038585611827592,-2.6201263381154e-14,1
65.85,128,0,65.85,0.0021901510655743,4.5656868589013e-06,-9.3931453115078e-11,1.9580895683505e-10,12.459137461155,0.038585611827592,-2.6201263381154e-14,1
65.9,128,0,65.9,0.0021901529570869,4.5656829161281e-06,-9.3931453115078e-11,1.9580895683505e-10,12.457208180564,0.038585611827592,-2.6201263381154e-14,1
65.95,128,0,65.95,0.0021901548485995,4.565678973355e-06,-9.3931453115078e-11,1.9580895683505e-10,12.455278899972,0.038585611827592,-2.6201263381154e-14,1
66,128,0,66,0.0021901567401121,4.5656750305818e-06,-9.3931453115078e-11,1.9580895683505e-10,12.453349619381,0.038585611827592,-2.6201263381154e-14,1
66.05,128,0,66.05,0.0021901556621226,4.5656772772923e-06,8.3173213233557e-11,-1.7337934413033e-10,12.45142033879,0.038585611827534,-2.8865798640254e-15,1
66.1,128,0,66.1,0.0021901545841331,4.5656795240027e-06,8.3173213233557e-11,-1.7337934413033e-10,12.449491058198,0.038585611827534,-2.8865798640254e-15,1
66.15,128,0,66.15,0.0021901535061436,4.5656817707131e-06,8.3173213233557e-11,-1.7337934413033e-10,12.447561777607,0.038585611827534,-2.8865798640254e-15,1
66.2,128,0,66.2,0.0021901524281541,4.5656840174236e-06,8.3173213233557e-11,-1.7337934413033e-10,12.445632497015,0.038585611827534,-2.8865798640254e-15,1
66.25,128,0,66.25,0.0021901513501646,4.565686264134e-06,8.3173213233557e-11,-1.7337934413033e-10,12.443703216424,0.038585611827534,-2.8865798640254e-15,1
66.3,128,0,66.3,0.0021901502721751,4.5656885108444e-06,8.3173213233557e-11,-1.7337934413033e-10,12.441773935833,0.038585611827534,-2.8865798640254e-15,1
66.35,128,0,66.35,0.0021901491941856,4.5656907575549e-06,8.3173213233557e-11,-1.7337934413033e-10,12.439844655241,0.038585611827534,-2.8865798640254e-15,1
66.4,128,0,66.4,0.0021901481161961,4.5656930042653e-06,8.3173213233557e-11,-1.7337934413033e-10,12.43791537465,0.038585611827534,-2.8865798640254e-15,1
66.45,128,0,66.45,0.0021901470382066,4.5656952509757e-06,8.3173213233557e-11,-1.7337934413033e-10,12.435986094059,0.038585611827534,-2.8865798640254e-15,1
66.5,128,0,66.5,0.0021901459602171,4.5656974976862e-06,8.3173213233557e-11,-1.7337934413033e-10,12.434056813467,0.038585611827534,-2.8865798640254e-15,1
66.55,128,0,66.55,0.0021901448822276,4.5656997443966e-06,8.3173213233557e-11,-1.7337934413033e-10,12.432127532876,0.038585611827534,-2.8865798640254e-15,1
66.6,128,0,66.6,0.002190143804238,4.565701991107e-06,8.3173213233557e-11,-1.7337934413033e-10,12.430198252284,0.038585611827534,-2.8865798640254e-15,1
66.65,128,0,66.65,0.0021901427262485,4.5657042378175e-06,8.3173213233557e-11,-1.7337934413033e-10,12.428268971693,0.038585611827534,-2.8865798640254e-15,1
66.7,128,0,66.7,0.002190141648259,4.5657064845279e-06,8.3173213233557e-11,-1.7337934413033e-10,12.426339691102,0.038585611827534,-2.8865798640254e-15,1
66.75,128,0,66.75,0.0021901405702695,4.5657087312384e-06,8.3173213233557e-11,-1.7337934413033e-10,12.42441041051,0.038585611827534,-2.8865798640254e-15,1
66.8,128,0,66.8,0.00219013949228,4.5657109779488e-06,8.3173213233557e-11,-1.7337934413033e-10,12.422481129919,0.038585611827534,-2.8865798640254e-15,1
66.85,128,0,66.85,0.0021901384142905,4.5657132246592e-06,8.3173213233557e-11,-1.7337934413033e-10,12.420551849328,0.038585611827534,-2.8865798640254e-15,1
66.9,128,0,66.9,0.002190137336301,4.5657154713697e-06,8.3173213233557e-11,-1.7337934413033e-10,12.418622568736,0.038585611827534,-2.8865798640254e-15,1
66.95,128,0,66.95,0.0021901362583115,4.5657177180801e-06,8.3173213233557e-11,-1.7337934413033e-10,12.416693288145,0.038585611827534,-2.8865798640254e-15,1
67,128,0,67,0.002190135180322,4.5657199647905e-06,8.3173213233557e-11,-1.7337934413033e-10,12.414764007553,0.038585611827534,-2.8865798640254e-15,1
67.05,128,0,67.05,0.0021901349868643,4.5657203684239e-06,-6.8816873048791e-11,1.4345301410721e-10,12.412834726962,0.038585611827543,-5.3290705182008e-15,1
67.1,128,0,67.1,0.0021901347934065,4.5657207720573e-06,-6.8816873048791e-11,1.4345301410721e-10,12.410905446371,0.038585611827543,-5.3290705182008e-15,1
67.15,128,0,67.15,0.0021901345999488,4.5657211756907e-06,-6.8816873048791e-11,1.4345301410721e-10,12.408976165779,0.038585611827543,-5.3290705182008e-15,1
67.2,128,0,67.2,0.0021901344064911,4.5657215793241e-06,-6.8816873048791e-11,1.4345301410721e-10,12.407046885188,0.038585611827543,-5.3290705182008e-15,1
67.25,128,0,67.25,0.0021901342130334,4.5657219829575e-06,-6.8816873048791e-11,1.4345301410721e-10,12.405117604596,0.038585611827543,-5.3290705182008e-15,1
67.3,128,0,67.3,0.0021901340195756,4.5657223865909e-06,-6.8816873048791e-11,1.4345301410721e-10,12.403188324005,0.038585611827543,-5.3290705182008e-15,1
67.35,128,0,67.35,0.0021901338261179,4.5657227902243e-06,-6.8816873048791e-11,1.4345301410721e-10,12.401259043414,0.038585611827543,-5.3290705182008e-15,1
67.4,128,0,67.4,0.0021901336326602,4.5657231938577e-06,-6.8816873048791e-11,1.4345301410721e-10,12.399329762822,0.038585611827543,-5.3290705182008e-15,1
67.45,128,0,67.45,0.0021901334392024,4.5657235974911e-06,-6.8816873048791e-11,1.4345301410721e-10,12.397400482231,0.038585611827543,-5.3290705182008e-15,1
67.5,128,0,67.5,0.0021901332457447,4.5657240011245e-06,-6.8816873048791e-11,1.4345301410721e-10,12.39547120164,0.038585611827543,-5.3290705182008e-15,1
67.55,128,0,67.55,0.002190133052287,4.5657244047579e-06,-6.8816873048791e-11,1.4345301410721e-10,12.393541921048,0.038585611827543,-5.3290705182008e-15,1
67.6,128,0,67.6,0.0021901328588293,4.5657248083913e-06,-6.8816873048791e-11,1.4345301410721e-10,12.391612640457,0.038585611827543,-5.3290705182008e-15,1
67.65,128,0,67.65,0.0021901326653715,4.5657252120247e-06,-6.8816873048791e-11,1.4345301410721e-10,12.389683359865,0.038585611827543,-5.3290705182008e-15,1
67.7,128,0,67.7,0.0021901324719138,4.5657256156581e-06,-6.8816873048791e-11,1.4345301410721e-10,12.387754079274,0.038585611827543,-5.3290705182008e-15,1
67.75,128,0,67.75,0.0021901322784561,4.5657260192915e-06,-6.8816873048791e-11,1.4345301410721e-10,12.385824798683,0.038585611827543,-5.3290705182008e-15,1
67.8,128,0,67.8,0.0021901320849984,4.5657264229249e-06,-6.8816873048791e-11,1.4345301410721e-10,12.383895518091,0.038585611827543,-5.3290705182008e-15,1
67.85,128,0,67.85,0.0021901318915406,4.5657268265583e-06,-6.8816873048791e-11,1.4345301410721e-10,12.3819662375,0.038585611827543,-5.3290705182008e-15,1
67.9,128,0,67.9,0.0021901316980829,4.5657272301918e-06,-6.8816873048791e-11,1.4345301410721e-10,12.380036956909,0.038585611827543,-5.3290705182008e-15,1
67.95,128,0,67.95,0.0021901315046252,4.5657276338252e-06,-6.8816873048791e-11,1.4345301410721e-10,12.378107676317,0.038585611827543,-5.3290705182008e-15,1
68,128,0,68,0.0021901313111675,4.5657280374586e-06,-6.8816873048791e-11,1.4345301410721e-10,12.376178395726,0.038585611827543,-5.3290705182008e-15,1
68.05,128,0,68.05,0.0021901307565465,4.565729193446e-06,5.6331358430157e-11,-1.1742693516896e-10,12.374249115134,0.038585611827561,-6.6613381477509e-16,1
68.1,128,0,68.1,0.0021901302019256,4.5657303494335e-06,5.6331358430157e-11,-1.1742693516896e-10,12.372319834543,0.038585611827561,-6.6613381477509e-16,1
68.15,128,0,68.15,0.0021901296473046,4.565731505421e-06,5.6331358430157e-11,-1.1742693516896e-10,12.370390553952,0.038585611827561,-6.6613381477509e-16,1
68.2,128,0,68.2,0.0021901290926837,4.5657326614085e-06,5.6331358430157e-11,-1.1742693516896e-10,12.36846127336,0.038585611827561,-6.6613381477509e-16,1
68.25,128,0,68.25,0.0021901285380628,4.565733817396e-06,5.6331358430157e-11,-1.1742693516896e-10,12.366531992769,0.038585611827561,-6.6613381477509e-16,1
68.3,128,0,68.3,0.0021901279834418,4.5657349733835e-06,5.6331358430157e-11,-1.1742693516896e-10,12.364602712178,0.038585611827561,-6.6613381477509e-16,1
68.35,128,0,68.35,0.0021901274288209,4.565736129371e-06,5.6331358430157e-11,-1.1742693516896e-10,12.362673431586,0.038585611827561,-6.6613381477509e-16,1
68.4,128,0,68.4,0.0021901268741999,4.5657372853584e-06,5.6331358430157e-11,-1.1742693516896e-10,12.360744150995,0.038585611827561,-6.6613381477509e-16,1
68.45,128,0,68.45,0.002190126319579,4.5657384413459e-06,5.6331358430157e-11,-1.1742693516896e-10,12.358814870403,0.038585611827561,-6.6613381477509e-16,1
68.5,128,0,68.5,0.002190125764958,4.5657395973334e-06,5.6331358430157e-11,-1.1742693516896e-10,12.356885589812,0.038585611827561,-6.6613381477509e-16,1
68.55,128,0,68.55,0.0021901252103371,4.5657407533209e-06,5.6331358430157e-11,-1.1742693516896e-10,12.354956309221,0.038585611827561,-6.6613381477509e-16,1
68.6,128,0,68.6,0.0021901246557162,4.5657419093084e-06,5.6331358430157e-11,-1.1742693516896e-10,12.353027028629,0.038585611827561,-6.6613381477509e-16,1
68.65,128,0,68.65,0.0021901241010952,4.5657430652959e-06,5.6331358430157e-11,-1.1742693516896e-10,12.351097748038,0.038585611827561,-6.6613381477509e-16,1
68.7,128,0,68.7,0.0021901235464743,4.5657442212834e-06,5.6331358430157e-11,-1.1742693516896e-10,12.349168467447,0.038585611827561,-6.6613381477509e-16,1
68.75,128,0,68.75,0.0021901229918533,4.5657453772708e-06,5.6331358430157e-11,-1.1742693516896e-10,12.347239186855,0.038585611827561,-6.6613381477509e-16,1
68.8,128,0,68.8,0.0021901224372324,4.5657465332583e-06,5.6331358430157e-11,-1.1742693516896e-10,12.345309906264,0.038585611827561,-6.6613381477509e-16,1
68.85,128,0,68.85,0.0021901218826114,4.5657476892458e-06,5.6331358430157e-11,-1.1742693516896e-10,12.343380625672,0.038585611827561,-6.6613381477509e-16,1
68.9,128,0,68.9,0.0021901213279905,4.5657488452333e-06,5.6331358430157e-11,-1.1742693516896e-10,12.341451345081,0.038585611827561,-6.6613381477509e-16,1
68.95,128,0,68.95,0.0021901207733696,4.5657500012208e-06,5.6331358430157e-11,-1.1742693516896e-10,12.33952206449,0.038585611827561,-6.6613381477509e-16,1
69,128,0,69,0.0021901202187486,4.5657511572083e-06,5.6331358430157e-11,-1.1742693516896e-10,12.337592783898,0.038585611827561,-6.6613381477509e-16,1
69.05,128,0,69.05,0.002190122166375,4.565747097385e-06,-4.8008607745969e-11,1.0007718409962e-10,12.335663503307,0.038585611827559,1.0658141036402e-14,1
69.1,128,0,69.1,0.0021901241140014,4.5657430375618e-06,-4.8008607745969e-11,1.0007718409962e-10,12.333734222716,0.038585611827559,1.0658141036402e-14,1
69.15,128,0,69.15,0.0021901260616278,4.5657389777386e-06,-4.8008607745969e-11,1.0007718409962e-10,12.331804942124,0.038585611827559,1.0658141036402e-14,1
69.2,128,0,69.2,0.0021901280092543,4.5657349179154e-06,-4.8008607745969e-11,1.0007718409962e-10,12.329875661533,0.038585611827559,1.0658141036402e-14,1
69.25,128,0,69.25,0.0021901299568807,4.5657308580922e-06,-4.8008607745969e-11,1.0007718409962e-10,12.327946380941,0.038585611827559,1.0658141036402e-14,1
69.3,128,0,69.3,0.0021901319045071,4.5657267982689e-06,-4.8008607745969e-11,1.0007718409962e-10,12.32601710035,0.038585611827559,1.0658141036402e-14,1
69.35,128,0,69.35,0.0021901338521335,4.5657227384457e-06,-4.8008607745969e-11,1.0007718409962e-10,12.324087819759,0.038585611827559,1.0658141036402e-14,1
69.4,128,0,69.4,0.0021901357997599,4.5657186786225e-06,-4.8008607745969e-11,1.0007718409962e-10,12.322158539167,0.038585611827559,1.0658141036402e-14,1
69.45,128,0,69.45,0.0021901377473863,4.5657146187993e-06,-4.8008607745969e-11,1.0007718409962e-10,12.320229258576,0.038585611827559,1.0658141036402e-14,1
69.5,128,0,69.5,0.0021901396950127,4.5657105589761e-06,-4.8008607745969e-11,1.0007718409962e-10,12.318299977984,0.038585611827559,1.0658141036402e-14,1
69.55,128,0,69.55,0.0021901416426391,4.5657064991528e-06,-4.8008607745969e-11,1.0007718409962e-10,12.316370697393,0.038585611827559,1.0658141036402e-14,1
69.6,128,0,69.6,0.0021901435902655,4.5657024393296e-06,-4.8008607745969e-11,1.0007718409962e-10,12.314441416802,0.038585611827559,1.0658141036402e-14,1
69.65,128,0,69.65,0.0021901455378919,4.5656983795064e-06,-4.8008607745969e-11,1.0007718409962e-10,12.31251213621,0.038585611827559,1.0658141036402e-14,1
69.7,128,0,69.7,0.0021901474855183,4.5656943196832e-06,-4.8008607745969e-11,1.0007718409962e-10,12.310582855619,0.038585611827559,1.0658141036402e-14,1
69.75,128,0,69.75,0.0021901494331448,4.56569025986e-06,-4.8008607745969e-11,1.0007718409962e-10,12.308653575028,0.038585611827559,1.0658141036402e-14,1
69.8,128,0,69.8,0.0021901513807712,4.5656862000367e-06,-4.8008607745969e-11,1.0007718409962e-10,12.306724294436,0.038585611827559,1.0658141036402e-14,1
69.85,128,0,69.85,0.0021901533283976,4.5656821402135e-06,-4.8008607745969e-11,1.0007718409962e-10,12.304795013845,0.038585611827559,1.0658141036402e-14,1
69.9,128,0,69.9,0.002190155276024,4.5656780803903e-06,-4.8008607745969e-11,1.0007718409962e-10,12.302865733253,0.038585611827559,1.0658141036402e-14,1
69.95,128,0,69.95,0.0021901572236504,4.5656740205671e-06,-4.8008607745969e-11,1.0007718409962e-10,12.300936452662,0.038585611827559,1.0658141036402e-14,1
70,128,0,70,0.0021901591712768,4.5656699607439e-06,-4.8008607745969e-11,1.0007718409962e-10,12.299007172071,0.038585611827559,1.0658141036402e-14,1
70.05,128,0,70.05,0.002190157866079,4.5656726813935e-06,4.8587060946591e-11,-1.0128352234902e-10,12.297077891479,0.038585611827569,2.0983215165415e-14,1
70.1,128,0,70.1,0.0021901565608812,4.5656754020431e-06,4.8587060946591e-11,-1.0128352234902e-10,12.295148610888,0.038585611827569,2.0983215165415e-14,1
70.15,128,0,70.15,0.0021901552556834,4.5656781226926e-06,4.8587060946591e-11,-1.0128352234902e-10,12.293219330297,0.038585611827569,2.0983215165415e-14,1
70.2,128,0,70.2,0.0021901539504857,4.5656808433422e-06,4.8587060946591e-11,-1.0128352234902e-10,12.291290049705,0.038585611827569,2.0983215165415e-14,1
70.25,128,0,70.25,0.0021901526452879,4.5656835639918e-06,4.8587060946591e-11,-1.0128352234902e-10,12.289360769114,0.038585611827569,2.0983215165415e-14,1
70.3,128,0,70.3,0.0021901513400901,4.5656862846414e-06,4.8587060946591e-11,-1.0128352234902e-10,12.287431488522,0.038585611827569,2.0983215165415e-14,1
70.35,128,0,70.35,0.0021901500348923,4.565689005291e-06,4.8587060946591e-11,-1.0128352234902e-10,12.285502207931,0.038585611827569,2.0983215165415e-14,1
70.4,128,0,70.4,0.0021901487296945,4.5656917259406e-06,4.8587060946591e-11,-1.0128352234902e-10,12.28357292734,0.038585611827569,2.0983215165415e-14,1
70.45,128,0,70.45,0.0021901474244968,4.5656944465902e-06,4.8587060946591e-11,-1.0128352234902e-10,12.281643646748,0.038585611827569,2.0983215165415e-14,1
70.5,128,0,70.5,0.002190146119299,4.5656971672398e-06,4.8587060946591e-11,-1.0128352234902e-10,12.279714366157,0.038585611827569,2.0983215165415e-14,1
70.55,128,0,70.55,0.0021901448141012,4.5656998878894e-06,4.8587060946591e-11,-1.0128352234902e-10,12.277785085566,0.038585611827569,2.0983215165415e-14,1
70.6,128,0,70.6,0.0021901435089034,4.565702608539e-06,4.8587060946591e-11,-1.0128352234902e-10,12.275855804974,0.038585611827569,2.0983215165415e-14,1
70.65,128,0,70.65,0.0021901422037056,4.5657053291886e-06,4.8587060946591e-11,-1.0128352234902e-10,12.273926524383,0.038585611827569,2.0983215165415e-14,1
70.7,128,0,70.7,0.0021901408985078,4.5657080498382e-06,4.8587060946591e-11,-1.0128352234902e-10,12.271997243791,0.038585611827569,2.0983215165415e-14,1
70.75,128,0,70.75,0.0021901395933101,4.5657107704878e-06,4.8587060946591e-11,-1.0128352234902e-10,12.2700679632,0.038585611827569,2.0983215165415e-14,1
70.8,128,0,70.8,0.0021901382881123,4.5657134911374e-06,4.8587060946591e-11,-1.0128352234902e-10,12.268138682609,0.038585611827569,2.0983215165415e-14,1
70.85,128,0,70.85,0.0021901369829145,4.565716211787e-06,4.8587060946591e-11,-1.0128352234902e-10,12.266209402017,0.038585611827569,2.0983215165415e-14,1
70.9,128,0,70.9,0.0021901356777167,4.5657189324366e-06,4.8587060946591e-11,-1.0128352234902e-10,12.264280121426,0.038585611827569,2.0983215165415e-14,1
70.95,128,0,70.95,0.0021901343725189,4.5657216530862e-06,4.8587060946591e-11,-1.0128352234902e-10,12.262350840835,0.038585611827569,2.0983215165415e-14,1
71,128,0,71,0.0021901330673211,4.5657243737358e-06,4.8587060946591e-11,-1.0128352234902e-10,12.260421560243,0.038585611827569,2.0983215165415e-14,1
71.05,128,0,71.05,0.0021901329314996,4.5657246569589e-06,-5.1882322444019e-11,1.081535497293e-10,12.258492279652,0.038585611827536,1.0880185641327e-14,1
71.1,128,0,71.1,0.0021901327956782,4.565724940182e-06,-5.1882322444019e-11,1.081535497293e-10,12.25656299906,0.038585611827536,1.0880185641327e-14,1
71.15,128,0,71.15,0.0021901326598567,4.5657252234051e-06,-5.1882322444019e-11,1.081535497293e-10,12.254633718469,0.038585611827536,1.0880185641327e-14,1
71.2,128,0,71.2,0.0021901325240352,4.5657255066282e-06,-5.1882322444019e-11,1.081535497293e-10,12.252704437878,0.038585611827536,1.0880185641327e-14,1
71.25,128,0,71.25,0.0021901323882137,4.5657257898514e-06,-5.1882322444019e-11,1.081535497293e-10,12.250775157286,0.038585611827536,1.0880185641327e-14,1
71.3,128,0,71.3,0.0021901322523922,4.5657260730745e-06,-5.1882322444019e-11,1.081535497293e-10,12.248845876695,0.038585611827536,1.0880185641327e-14,1
71.35,128,0,71.35,0.0021901321165707,4.5657263562976e-06,-5.1882322444019e-11,1.081535497293e-10,12.246916596103,0.038585611827536,1.0880185641327e-14,1
71.4,128,0,71.4,0.0021901319807492,4.5657266395207e-06,-5.1882322444019e-11,1.081535497293e-10,12.244987315512,0.038585611827536,1.0880185641327e-14,1
71.45,128,0,71.45,0.0021901318449277,4.5657269227438e-06,-5.1882322444019e-11,1.081535497293e-10,12.243058034921,0.038585611827536,1.0880185641327e-14,1
71.5,128,0,71.5,0.0021901317091062,4.5657272059669e-06,-5.1882322444019e-11,1.081535497293e-10,12.241128754329,0.038585611827536,1.0880185641327e-14,1
71.55,128,0,71.55,0.0021901315732847,4.5657274891901e-06,-5.1882322444019e-11,1.081535497293e-10,12.239199473738,0.038585611827536,1.0880185641327e-14,1
71.6,128,0,71.6,0.0021901314374632,4.5657277724132e-06,-5.1882322444019e-11,1.081535497293e-10,12.237270193147,0.038585611827536,1.0880185641327e-14,1
71.65,128,0,71.65,0.0021901313016418,4.5657280556363e-06,-5.1882322444019e-11,1.081535497293e-10,12.235340912555,0.038585611827536,1.0880185641327e-14,1
71.7,128,0,71.7,0.0021901311658203,4.5657283388594e-06,-5.1882322444019e-11,1.081535497293e-10,12.233411631964,0.038585611827536,1.0880185641327e-14,1
71.75,128,0,71.75,0.0021901310299988,4.5657286220825e-06,-5.1882322444019e-11,1.081535497293e-10,12.231482351372,0.038585611827536,1.0880185641327e-14,1
71.8,128,0,71.8,0.0021901308941773,4.5657289053056e-06,-5.1882322444019e-11,1.081535497293e-10,12.229553070781,0.038585611827536,1.0880185641327e-14,1
71.85,128,0,71.85,0.0021901307583558,4.5657291885287e-06,-5.1882322444019e-11,1.081535497293e-10,12.22762379019,0.038585611827536,1.0880185641327e-14,1
71.9,128,0,71.9,0.0021901306225343,4.5657294717519e-06,-5.1882322444019e-11,1.081535497293e-10,12.225694509598,0.038585611827536,1.0880185641327e-14,1
71.95,128,0,71.95,0.0021901304867128,4.565729754975e-06,-5.1882322444019e-11,1.081535497293e-10,12.223765229007,0.038585611827536,1.0880185641327e-14,1
72,128,0,72,0.0021901303508913,4.5657300381981e-06,-5.1882322444019e-11,1.081535497293e-10,12.221835948416,0.038585611827536,1.0880185641327e-14,1
72.05,128,0,72.05,0.0021901299361455,4.5657309026885e-06,4.6608983832159e-11,-9.7160475139084e-11,12.219906667824,0.038585611827566,1.7985612998928e-14,1
72.1,128,0,72.1,0.0021901295213996,4.5657317671788e-06,4.6608983832159e-11,-9.7160475139084e-11,12.217977387233,0.038585611827566,1.7985612998928e-14,1
72.15,128,0,72.15,0.0021901291066538,4.5657326316692e-06,4.6608983832159e-11,-9.7160475139084e-11,12.216048106641,0.038585611827566,1.7985612998928e-14,1
72.2,128,0,72.2,0.002190128691908,4.5657334961595e-06,4.6608983832159e-11,-9.7160475139084e-11,12.21411882605,0.038585611827566,1.7985612998928e-14,1
72.25,128,0,72.25,0.0021901282771621,4.5657343606499e-06,4.6608983832159e-11,-9.7160475139084e-11,12.212189545459,0.038585611827566,1.7985612998928e-14,1
72.3,128,0,72.3,0.0021901278624163,4.5657352251402e-06,4.6608983832159e-11,-9.7160475139084e-11,12.210260264867,0.038585611827566,1.7985612998928e-14,1
72.35,128,0,72.35,0.0021901274476704,4.5657360896306e-06,4.6608983832159e-11,-9.7160475139084e-11,12.208330984276,0.038585611827566,1.7985612998928e-14,1
72.4,128,0,72.4,0.0021901270329246,4.5657369541209e-06,4.6608983832159e-11,-9.7160475139084e-11,12.206401703685,0.038585611827566,1.7985612998928e-14,1
72.45,128,0,72.45,0.0021901266181788,4.5657378186113e-06,4.6608983832159e-11,-9.7160475139084e-11,12.204472423093,0.038585611827566,1.7985612998928e-14,1
72.5,128,0,72.5,0.0021901262034329,4.5657386831016e-06,4.6608983832159e-11,-9.7160475139084e-11,12.202543142502,0.038585611827566,1.7985612998928e-14,1
72.55,128,0,72.55,0.0021901257886871,4.565739547592e-06,4.6608983832159e-11,-9.7160475139084e-11,12.20061386191,0.038585611827566,1.7985612998928e-14,1
72.6,128,0,72.6,0.0021901253739413,4.5657404120824e-06,4.6608983832159e-11,-9.7160475139084e-11,12.198684581319,0.038585611827566,1.7985612998928e-14,1
72.65,128,0,72.65,0.0021901249591954,4.5657412765727e-06,4.6608983832159e-11,-9.7160475139084e-11,12.196755300728,0.038585611827566,1.7985612998928e-14,1
72.7,128,0,72.7,0.0021901245444496,4.5657421410631e-06,4.6608983832159e-11,-9.7160475139084e-11,12.194826020136,0.038585611827566,1.7985612998928e-14,1
72.75,128,0,72.75,0.0021901241297037,4.5657430055534e-06,4.6608983832159e-11,-9.7160475139084e-11,12.192896739545,0.038585611827566,1.7985612998928e-14,1
72.8,128,0,72.8,0.0021901237149579,4.5657438700438e-06,4.6608983832159e-11,-9.7160475139084e-11,12.190967458954,0.038585611827566,1.7985612998928e-14,1
72.85,128,0,72.85,0.0021901233002121,4.5657447345341e-06,4.6608983832159e-11,-9.7160475139084e-11,12.189038178362,0.038585611827566,1.7985612998928e-14,1
72.9,128,0,72.9,0.0021901228854662,4.5657455990245e-06,4.6608983832159e-11,-9.7160475139084e-11,12.187108897771,0.038585611827566,1.7985612998928e-14,1
72.95,128,0,72.95,0.0021901224707204,4.5657464635148e-06,4.6608983832159e-11,-9.7160475139084e-11,12.185179617179,0.038585611827566,1.7985612998928e-14,1
73,128,0,73,0.0021901220559745,4.5657473280052e-06,4.6608983832159e-11,-9.7160475139084e-11,12.183250336588,0.038585611827566,1.7985612998928e-14,1
73.05,128,0,73.05,0.0021901238166916,4.5657436577673e-06,-4.1042800814401e-11,8.5556700689711e-11,12.181321055997,0.038585611827554,-2.8199664825479e-14,1
73.1,128,0,73.1,0.0021901255774087,4.5657399875294e-06,-4.1042800814401e-11,8.5556700689711e-11,12.179391775405,0.038585611827554,-2.8199664825479e-14,1
73.15,128,0,73.15,0.0021901273381257,4.5657363172915e-06,-4.1042800814401e-11,8.5556700689711e-11,12.177462494814,0.038585611827554,-2.8199664825479e-14,1
73.2,128,0,73.2,0.0021901290988428,4.5657326470536e-06,-4.1042800814401e-11,8.5556700689711e-11,12.175533214223,0.038585611827554,-2.8199664825479e-14,1
73.25,128,0,73.25,0.0021901308595598,4.5657289768157e-06,-4.1042800814401e-11,8.5556700689711e-11,12.173603933631,0.038585611827554,-2.8199664825479e-14,1
73.3,128,0,73.3,0.0021901326202769,4.5657253065778e-06,-4.1042800814401e-11,8.5556700689711e-11,12.17167465304,0.038585611827554,-2.8199664825479e-14,1
73.35,128,0,73.35,0.002190134380994,4.5657216363399e-06,-4.1042800814401e-11,8.5556700689711e-11,12.169745372448,0.038585611827554,-2.8199664825479e-14,1
73.4,128,0,73.4,0.002190136141711,4.565717966102e-06,-4.1042800814401e-11,8.5556700689711e-11,12.167816091857,0.038585611827554,-2.8199664825479e-14,1
73.45,128,0,73.45,0.0021901379024281,4.5657142958641e-06,-4.1042800814401e-11,8.5556700689711e-11,12.165886811266,0.038585611827554,-2.8199664825479e-14,1
73.5,128,0,73.5,0.0021901396631451,4.5657106256262e-06,-4.1042800814401e-11,8.5556700689711e-11,12.163957530674,0.038585611827554,-2.8199664825479e-14,1
73.55,128,0,73.55,0.0021901414238622,4.5657069553883e-06,-4.1042800814401e-11,8.5556700689711e-11,12.162028250083,0.038585611827554,-2.8199664825479e-14,1
73.6,128,0,73.6,0.0021901431845792,4.5657032851504e-06,-4.1042800814401e-11,8.5556700689711e-11,12.160098969492,0.038585611827554,-2.8199664825479e-14,1
73.65,128,0,73.65,0.0021901449452963,4.5656996149125e-06,-4.1042800814401e-11,8.5556700689711e-11,12.1581696889,0.038585611827554,-2.8199664825479e-14,1
73.7,128,0,73.7,0.0021901467060134,4.5656959446746e-06,-4.1042800814401e-11,8.5556700689711e-11,12.156240408309,0.038585611827554,-2.8199664825479e-14,1
73.75,128,0,73.75,0.0021901484667304,4.5656922744367e-06,-4.1042800814401e-11,8.5556700689711e-11,12.154311127717,0.038585611827554,-2.8199664825479e-14,1
73.8,128,0,73.8,0.0021901502274475,4.5656886041988e-06,-4.1042800814401e-11,8.5556700689711e-11,12.152381847126,0.038585611827554,-2.8199664825479e-14,1
73.85,128,0,73.85,0.0021901519881645,4.5656849339608e-06,-4.1042800814401e-11,8.5556700689711e-11,12.150452566535,0.038585611827554,-2.8199664825479e-14,1
73.9,128,0,73.9,0.0021901537488816,4.5656812637229e-06,-4.1042800814401e-11,8.5556700689711e-11,12.148523285943,0.038585611827554,-2.8199664825479e-14,1
73.95,128,0,73.95,0.0021901555095987,4.565677593485e-06,-4.1042800814401e-11,8.5556700689711e-11,12.146594005352,0.038585611827554,-2.8199664825479e-14,1
74,128,0,74,0.0021901572703157,4.5656739232471e-06,-4.1042800814401e-11,8.5556700689711e-11,12.144664724761,0.038585611827554,-2.8199664825479e-14,1
74.05,128,0,74.05,0.0021901560656214,4.5656764344016e-06,4.4797620162289e-11,-9.3384159263307e-11,12.142735444169,0.038585611827619,-4.7073456244107e-14,1
74.1,128,0,74.1,0.002190154860927,4.5656789455561e-06,4.4797620162289e-11,-9.3384159263307e-11,12.140806163578,0.038585611827619,-4.7073456244107e-14,1
74.15,128,0,74.15,0.0021901536562327,4.5656814567106e-06,4.4797620162289e-11,-9.3384159263307e-11,12.138876882986,0.038585611827619,-4.7073456244107e-14,1
74.2,128,0,74.2,0.0021901524515384,4.5656839678651e-06,4.4797620162289e-11,-9.3384159263307e-11,12.136947602395,0.038585611827619,-4.7073456244107e-14,1
74.25,128,0,74.25,0.002190151246844,4.5656864790196e-06,4.4797620162289e-11,-9.3384159263307e-11,12.135018321804,0.038585611827619,-4.7073456244107e-14,1
74.3,128,0,74.3,0.0021901500421497,4.5656889901742e-06,4.4797620162289e-11,-9.3384159263307e-11,12.133089041212,0.038585611827619,-4.7073456244107e-14,1
74.35,128,0,74.35,0.0021901488374554,4.5656915013287e-06,4.4797620162289e-11,-9.3384159263307e-11,12.131159760621,0.038585611827619,-4.7073456244107e-14,1
74.4,128,0,74.4,0.002190147632761,4.5656940124832e-06,4.4797620162289e-11,-9.3384159263307e-11,12.129230480029,0.038585611827619,-4.7073456244107e-14,1
74.45,128,0,74.45,0.0021901464280667,4.5656965236377e-06,4.4797620162289e-11,-9.3384159263307e-11,12.127301199438,0.038585611827619,-4.7073456244107e-14,1
74.5,128,0,74.5,0.0021901452233724,4.5656990347922e-06,4.4797620162289e-11,-9.3384159263307e-11,12.125371918847,0.038585611827619,-4.7073456244107e-14,1
74.55,128,0,74.55,0.002190144018678,4.5657015459467e-06,4.4797620162289e-11,-9.3384159263307e-11,12.123442638255,0.038585611827619,-4.7073456244107e-14,1
74.6,128,0,74.6,0.0021901428139837,4.5657040571012e-06,4.4797620162289e-11,-9.3384159263307e-11,12.121513357664,0.038585611827619,-4.7073456244107e-14,1
74.65,128,0,74.65,0.0021901416092894,4.5657065682557e-06,4.4797620162289e-11,-9.3384159263307e-11,12.119584077073,0.038585611827619,-4.7073456244107e-14,1
74.7,128,0,74.7,0.002190140404595,4.5657090794102e-06,4.4797620162289e-11,-9.3384159263307e-11,12.117654796481,0.038585611827619,-4.7073456244107e-14,1
74.75,128,0,74.75,0.0021901391999007,4.5657115905647e-06,4.4797620162289e-11,-9.3384159263307e-11,12.11572551589,0.038585611827619,-4.7073456244107e-14,1
74.8,128,0,74.8,0.0021901379952064,4.5657141017192e-06,4.4797620162289e-11,-9.3384159263307e-11,12.113796235298,0.038585611827619,-4.7073456244107e-14,1
74.85,128,0,74.85,0.002190136790512,4.5657166128737e-06,4.4797620162289e-11,-9.3384159263307e-11,12.111866954707,0.038585611827619,-4.7073456244107e-14,1
74.9,128,0,74.9,0.0021901355858177,4.5657191240282e-06,4.4797620162289e-11,-9.3384159263307e-11,12.109937674116,0.038585611827619,-4.7073456244107e-14,1
74.95,128,0,74.95,0.0021901343811233,4.5657216351827e-06,4.4797620162289e-11,-9.3384159263307e-11,12.108008393524,0.038585611827619,-4.7073456244107e-14,1
75,128,0,75,0.002190133176429,4.5657241463372e-06,4.4797620162289e-11,-9.3384159263307e-11,12.106079112933,0.038585611827619,-4.7073456244107e-14,1
75.05,128,0,75.05,0.0021901331318912,4.5657242392712e-06,-4.993171367343e-11,1.0408710281446e-10,12.104149832341,0.038585611827497,-6.4392935428259e-15,1
75.1,128,0,75.1,0.0021901330873534,4.5657243322052e-06,-4.993171367343e-11,1.0408710281446e-10,12.10222055175,0.038585611827497,-6.4392935428259e-15,1
75.15,128,0,75.15,0.0021901330428156,4.5657244251392e-06,-4.993171367343e-11,1.0408710281446e-10,12.100291271159,0.038585611827497,-6.4392935428259e-15,1
75.2,128,0,75.2,0.0021901329982778,4.5657245180732e-06,-4.993171367343e-11,1.0408710281446e-10,12.098361990567,0.038585611827497,-6.4392935428259e-15,1
75.25,128,0,75.25,0.00219013295374,4.5657246110072e-06,-4.993171367343e-11,1.0408710281446e-10,12.096432709976,0.038585611827497,-6.4392935428259e-15,1
75.3,128,0,75.3,0.0021901329092021,4.5657247039412e-06,-4.993171367343e-11,1.0408710281446e-10,12.094503429385,0.038585611827497,-6.4392935428259e-15,1
75.35,128,0,75.35,0.0021901328646643,4.5657247968752e-06,-4.993171367343e-11,1.0408710281446e-10,12.092574148793,0.038585611827497,-6.4392935428259e-15,1
75.4,128,0,75.4,0.0021901328201265,4.5657248898092e-06,-4.993171367343e-11,1.0408710281446e-10,12.090644868202,0.038585611827497,-6.4392935428259e-15,1
75.45,128,0,75.45,0.0021901327755887,4.5657249827432e-06,-4.993171367343e-11,1.0408710281446e-10,12.08871558761,0.038585611827497,-6.4392935428259e-15,1
75.5,128,0,75.5,0.0021901327310509,4.5657250756772e-06,-4.993171367343e-11,1.0408710281446e-10,12.086786307019,0.038585611827497,-6.4392935428259e-15,1
75.55,128,0,75.55,0.0021901326865131,4.5657251686113e-06,-4.993171367343e-11,1.0408710281446e-10,12.084857026428,0.038585611827497,-6.4392935428259e-15,1
75.6,128,0,75.6,0.0021901326419753,4.5657252615453e-06,-4.993171367343e-11,1.0408710281446e-10,12.082927745836,0.038585611827497,-6.4392935428259e-15,1
75.65,128,0,75.65,0.0021901325974375,4.5657253544793e-06,-4.993171367343e-11,1.0408710281446e-10,12.080998465245,0.038585611827497,-6.4392935428259e-15,1
75.7,128,0,75.7,0.0021901325528996,4.5657254474133e-06,-4.993171367343e-11,1.0408710281446e-10,12.079069184654,0.038585611827497,-6.4392935428259e-15,1
75.75,128,0,75.75,0.0021901325083618,4.5657255403473e-06,-4.993171367343e-11,1.0408710281446e-10,12.077139904062,0.038585611827497,-6.4392935428259e-15,1
75.8,128,0,75.8,0.002190132463824,4.5657256332813e-06,-4.993171367343e-11,1.0408710281446e-10,12.075210623471,0.038585611827497,-6.4392935428259e-15,1
75.85,128,0,75.85,0.0021901324192862,4.5657257262153e-06,-4.993171367343e-11,1.0408710281446e-10,12.073281342879,0.038585611827497,-6.4392935428259e-15,1
75.9,128,0,75.9,0.0021901323747484,4.5657258191493e-06,-4.993171367343e-11,1.0408710281446e-10,12.071352062288,0.038585611827497,-6.4392935428259e-15,1
75.95,128,0,75.95,0.0021901323302106,4.5657259120833e-06,-4.993171367343e-11,1.0408710281446e-10,12.069422781697,0.038585611827497,-6.4392935428259e-15,1
76,128,0,76,0.0021901322856728,4.5657260050173e-06,-4.993171367343e-11,1.0408710281446e-10,12.067493501105,0.038585611827497,-6.4392935428259e-15,1
76.05,128,0,76.05,0.0021901317658854,4.5657270884722e-06,4.5613135419176e-11,-9.5084422580041e-11,12.065564220514,0.038585611827597,7.7715611723761e-15,1
76.1,128,0,76.1,0.0021901312460981,4.5657281719271e-06,4.5613135419176e-11,-9.5084422580041e-11,12.063634939923,0.038585611827597,7.7715611723761e-15,1
76.15,128,0,76.15,0.0021901307263108,4.565729255382e-06,4.5613135419176e-11,-9.5084422580041e-11,12.061705659331,0.038585611827597,7.7715611723761e-15,1
76.2,128,0,76.2,0.0021901302065235,4.5657303388368e-06,4.5613135419176e-11,-9.5084422580041e-11,12.05977637874,0.038585611827597,7.7715611723761e-15,1
76.25,128,0,76.25,0.0021901296867361,4.5657314222917e-06,4.5613135419176e-11,-9.5084422580041e-11,12.057847098148,0.038585611827597,7.7715611723761e-15,1
76.3,128,0,76.3,0.0021901291669488,4.5657325057466e-06,4.5613135419176e-11,-9.5084422580041e-11,12.055917817557,0.038585611827597,7.7715611723761e-15,1
76.35,128,0,76.35,0.0021901286471615,4.5657335892015e-06,4.5613135419176e-11,-9.5084422580041e-11,12.053988536966,0.038585611827597,7.7715611723761e-15,1
76.4,128,0,76.4,0.0021901281273741,4.5657346726563e-06,4.5613135419176e-11,-9.5084422580041e-11,12.052059256374,0.038585611827597,7.7715611723761e-15,1
76.45,128,0,76.45,0.0021901276075868,4.5657357561112e-06,4.5613135419176e-11,-9.5084422580041e-11,12.050129975783,0.038585611827597,7.7715611723761e-15,1
76.5,128,0,76.5,0.0021901270877995,4.5657368395661e-06,4.5613135419176e-11,-9.5084422580041e-11,12.048200695192,0.038585611827597,7.7715611723761e-15,1
76.55,128,0,76.55,0.0021901265680121,4.565737923021e-06,4.5613135419176e-11,-9.5084422580041e-11,12.0462714146,0.038585611827597,7.7715611723761e-15,1
76.6,128,0,76.6,0.0021901260482248,4.5657390064758e-06,4.5613135419176e-11,-9.5084422580041e-11,12.044342134009,0.038585611827597,7.7715611723761e-15,1
76.65,128,0,76.65,0.0021901255284375,4.5657400899307e-06,4.5613135419176e-11,-9.5084422580041e-11,12.042412853417,0.038585611827597,7.7715611723761e-15,1
76.7,128,0,76.7,0.0021901250086501,4.5657411733856e-06,4.5613135419176e-11,-9.5084422580041e-11,12.040483572826,0.038585611827597,7.7715611723761e-15,1
76.75,128,0,76.75,0.0021901244888628,4.5657422568405e-06,4.5613135419176e-11,-9.5084422580041e-11,12.038554292235,0.038585611827597,7.7715611723761e-15,1
76.8,128,0,76.8,0.0021901239690755,4.5657433402953e-06,4.5613135419176e-11,-9.5084422580041e-11,12.036625011643,0.038585611827597,7.7715611723761e-15,1
76.85,128,0,76.85,0.0021901234492881,4.5657444237502e-06,4.5613135419176e-11,-9.5084422580041e-11,12.034695731052,0.038585611827597,7.7715611723761e-15,1
76.9,128,0,76.9,0.0021901229295008,4.5657455072051e-06,4.5613135419176e-11,-9.5084422580041e-11,12.032766450461,0.038585611827597,7.7715611723761e-15,1
76.95,128,0,76.95,0.0021901224097135,4.56574659066e-06,4.5613135419176e-11,-9.5084422580041e-11,12.030837169869,0.038585611827597,7.7715611723761e-15,1
77,128,0,77,0.0021901218899261,4.5657476741148e-06,4.5613135419176e-11,-9.5084422580041e-11,12.028907889278,0.038585611827597,7.7715611723761e-15,1
77.05,128,0,77.05,0.002190123703382,4.5657438939394e-06,-4.0417985884572e-11,8.4254185559042e-11,12.026978608686,0.038585611827555,6.883382752676e-15,1
77.1,128,0,77.1,0.0021901255168379,4.5657401137639e-06,-4.0417985884572e-11,8.4254185559042e-11,12.025049328095,0.038585611827555,6.883382752676e-15,1
77.15,128,0,77.15,0.0021901273302938,4.5657363335884e-06,-4.0417985884572e-11,8.4254185559042e-11,12.023120047504,0.038585611827555,6.883382752676e-15,1
77.2,128,0,77.2,0.0021901291437497,4.5657325534129e-06,-4.0417985884572e-11,8.4254185559042e-11,12.021190766912,0.038585611827555,6.883382752676e-15,1
77.25,128,0,77.25,0.0021901309572056,4.5657287732374e-06,-4.0417985884572e-11,8.4254185559042e-11,12.019261486321,0.038585611827555,6.883382752676e-15,1
77.3,128,0,77.3,0.0021901327706615,4.5657249930619e-06,-4.0417985884572e-11,8.4254185559042e-11,12.017332205729,0.038585611827555,6.883382752676e-15,1
77.35,128,0,77.35,0.0021901345841174,4.5657212128864e-06,-4.0417985884572e-11,8.4254185559042e-11,12.015402925138,0.038585611827555,6.883382752676e-15,1
77.4,128,0,77.4,0.0021901363975733,4.565717432711e-06,-4.0417985884572e-11,8.4254185559042e-11,12.013473644547,0.038585611827555,6.883382752676e-15,1
77.45,128,0,77.45,0.0021901382110292,4.5657136525355e-06,-4.0417985884572e-11,8.4254185559042e-11,12.011544363955,0.038585611827555,6.883382752676e-15,1
77.5,128,0,77.5,0.0021901400244851,4.56570987236e-06,-4.0417985884572e-11,8.4254185559042e-11,12.009615083364,0.038585611827555,6.883382752676e-15,1
77.55,128,0,77.55,0.002190141837941,4.5657060921845e-06,-4.0417985884572e-11,8.4254185559042e-11,12.007685802773,0.038585611827555,6.883382752676e-15,1
77.6,128,0,77.6,0.0021901436513969,4.565702312009e-06,-4.0417985884572e-11,8.4254185559042e-11,12.005756522181,0.038585611827555,6.883382752676e-15,1
77.65,128,0,77.65,0.0021901454648528,4.5656985318335e-06,-4.0417985884572e-11,8.4254185559042e-11,12.00382724159,0.038585611827555,6.883382752676e-15,1
77.7,128,0,77.7,0.0021901472783087,4.565694751658e-06,-4.0417985884572e-11,8.4254185559042e-11,12.001897960998,0.038585611827555,6.883382752676e-15,1
77.75,128,0,77.75,0.0021901490917646,4.5656909714826e-06,-4.0417985884572e-11,8.4254185559042e-11,11.999968680407,0.038585611827555,6.883382752676e-15,1
77.8,128,0,77.8,0.0021901509052205,4.5656871913071e-06,-4.0417985884572e-11,8.4254185559042e-11,11.998039399816,0.038585611827555,6.883382752676e-15,1
77.85,128,0,77.85,0.0021901527186764,4.5656834111316e-06,-4.0417985884572e-11,8.4254185559042e-11,11.996110119224,0.038585611827555,6.883382752676e-15,1
77.9,128,0,77.9,0.0021901545321323,4.5656796309561e-06,-4.0417985884572e-11,8.4254185559042e-11,11.994180838633,0.038585611827555,6.883382752676e-15,1
77.95,128,0,77.95,0.0021901563455882,4.5656758507806e-06,-4.0417985884572e-11,8.4254185559042e-11,11.992251558042,0.038585611827555,6.883382752676e-15,1
78,128,0,78,0.0021901581590441,4.5656720706051e-06,-4.0417985884572e-11,8.4254185559042e-11,11.99032227745,0.038585611827555,6.883382752676e-15,1
78.05,128,0,78.05,0.0021901569158498,4.5656746620176e-06,4.4438234659812e-11,-9.2634959428788e-11,11.988392996859,0.038585611827581,-1.6986412276765e-14,1
78.1,128,0,78.1,0.0021901556726556,4.56567725343e-06,4.4438234659812e-11,-9.2634959428788e-11,11.986463716267,0.038585611827581,-1.6986412276765e-14,1
78.15,128,0,78.15,0.0021901544294613,4.5656798448425e-06,4.4438234659812e-11,-9.2634959428788e-11,11.984534435676,0.038585611827581,-1.6986412276765e-14,1
78.2,128,0,78.2,0.002190153186267,4.5656824362549e-06,4.4438234659812e-11,-9.2634959428788e-11,11.982605155085,0.038585611827581,-1.6986412276765e-14,1
78.25,128,0,78.25,0.0021901519430727,4.5656850276673e-06,4.4438234659812e-11,-9.2634959428788e-11,11.980675874493,0.038585611827581,-1.6986412276765e-14,1
78.3,128,0,78.3,0.0021901506998784,4.5656876190798e-06,4.4438234659812e-11,-9.2634959428788e-11,11.978746593902,0.038585611827581,-1.6986412276765e-14,1
78.35,128,0,78.35,0.0021901494566841,4.5656902104922e-06,4.4438234659812e-11,-9.2634959428788e-11,11.976817313311,0.038585611827581,-1.6986412276765e-14,1
78.4,128,0,78.4,0.0021901482134898,4.5656928019047e-06,4.4438234659812e-11,-9.2634959428788e-11,11.974888032719,0.038585611827581,-1.6986412276765e-14,1
78.45,128,0,78.45,0.0021901469702955,4.5656953933171e-06,4.4438234659812e-11,-9.2634959428788e-11,11.972958752128,0.038585611827581,-1.6986412276765e-14,1
78.5,128,0,78.5,0.0021901457271013,4.5656979847296e-06,4.4438234659812e-11,-9.2634959428788e-11,11.971029471536,0.038585611827581,-1.6986412276765e-14,1
78.55,128,0,78.55,0.002190144483907,4.565700576142e-06,4.4438234659812e-11,-9.2634959428788e-11,11.969100190945,0.038585611827581,-1.6986412276765e-14,1
78.6,128,0,78.6,0.0021901432407127,4.5657031675545e-06,4.4438234659812e-11,-9.2634959428788e-11,11.967170910354,0.038585611827581,-1.6986412276765e-14,1
78.65,128,0,78.65,0.0021901419975184,4.5657057589669e-06,4.4438234659812e-11,-9.2634959428788e-11,11.965241629762,0.038585611827581,-1.6986412276765e-14,1
78.7,128,0,78.7,0.0021901407543241,4.5657083503794e-06,4.4438234659812e-11,-9.2634959428788e-11,11.963312349171,0.038585611827581,-1.6986412276765e-14,1
78.75,128,0,78.75,0.0021901395111298,4.5657109417918e-06,4.4438234659812e-11,-9.2634959428788e-11,11.96138306858,0.038585611827581,-1.6986412276765e-14,1
78.8,128,0,78.8,0.0021901382679355,4.5657135332042e-06,4.4438234659812e-11,-9.2634959428788e-11,11.959453787988,0.038585611827581,-1.6986412276765e-14,1
78.85,128,0,78.85,0.0021901370247412,4.5657161246167e-06,4.4438234659812e-11,-9.2634959428788e-11,11.957524507397,0.038585611827581,-1.6986412276765e-14,1
78.9,128,0,78.9,0.002190135781547,4.5657187160291e-06,4.4438234659812e-11,-9.2634959428788e-11,11.955595226805,0.038585611827581,-1.6986412276765e-14,1
78.95,128,0,78.95,0.0021901345383527,4.5657213074416e-06,4.4438234659812e-11,-9.2634959428788e-11,11.953665946214,0.038585611827581,-1.6986412276765e-14,1
79,128,0,79,0.0021901332951584,4.565723898854e-06,4.4438234659812e-11,-9.2634959428788e-11,11.951736665623,0.038585611827581,-1.6986412276765e-14,1
79.05,128,0,79.05,0.0021901332356568,4.5657240229799e-06,-4.9326099720183e-11,1.0282464824922e-10,11.949807385031,0.038585611827539,-1.4321877017665e-14,1
79.1,128,0,79.1,0.0021901331761552,4.5657241471058e-06,-4.9326099720183e-11,1.0282464824922e-10,11.94787810444,0.038585611827539,-1.4321877017665e-14,1
79.15,128,0,79.15,0.0021901331166537,4.5657242712317e-06,-4.9326099720183e-11,1.0282464824922e-10,11.945948823849,0.038585611827539,-1.4321877017665e-14,1
79.2,128,0,79.2,0.0021901330571521,4.5657243953576e-06,-4.9326099720183e-11,1.0282464824922e-10,11.944019543257,0.038585611827539,-1.4321877017665e-14,1
79.25,128,0,79.25,0.0021901329976505,4.5657245194835e-06,-4.9326099720183e-11,1.0282464824922e-10,11.942090262666,0.038585611827539,-1.4321877017665e-14,1
79.3,128,0,79.3,0.0021901329381489,4.5657246436094e-06,-4.9326099720183e-11,1.0282464824922e-10,11.940160982074,0.038585611827539,-1.4321877017665e-14,1
79.35,128,0,79.35,0.0021901328786474,4.5657247677353e-06,-4.9326099720183e-11,1.0282464824922e-10,11.938231701483,0.038585611827539,-1.4321877017665e-14,1
79.4,128,0,79.4,0.0021901328191458,4.5657248918612e-06,-4.9326099720183e-11,1.0282464824922e-10,11.936302420892,0.038585611827539,-1.4321877017665e-14,1
79.45,128,0,79.45,0.0021901327596442,4.5657250159871e-06,-4.9326099720183e-11,1.0282464824922e-10,11.9343731403,0.038585611827539,-1.4321877017665e-14,1
79.5,128,0,79.5,0.0021901327001427,4.5657251401129e-06,-4.9326099720183e-11,1.0282464824922e-10,11.932443859709,0.038585611827539,-1.4321877017665e-14,1
79.55,128,0,79.55,0.0021901326406411,4.5657252642388e-06,-4.9326099720183e-11,1.0282464824922e-10,11.930514579117,0.038585611827539,-1.4321877017665e-14,1
79.6,128,0,79.6,0.0021901325811395,4.5657253883647e-06,-4.9326099720183e-11,1.0282464824922e-10,11.928585298526,0.038585611827539,-1.4321877017665e-14,1
79.65,128,0,79.65,0.0021901325216379,4.5657255124906e-06,-4.9326099720183e-11,1.0282464824922e-10,11.926656017935,0.038585611827539,-1.4321877017665e-14,1
79.7,128,0,79.7,0.0021901324621364,4.5657256366165e-06,-4.9326099720183e-11,1.0282464824922e-10,11.924726737343,0.038585611827539,-1.4321877017665e-14,1
79.75,128,0,79.75,0.0021901324026348,4.5657257607424e-06,-4.9326099720183e-11,1.0282464824922e-10,11.922797456752,0.038585611827539,-1.4321877017665e-14,1
79.8,128,0,79.8,0.0021901323431332,4.5657258848683e-06,-4.9326099720183e-11,1.0282464824922e-10,11.920868176161,0.038585611827539,-1.4321877017665e-14,1
79.85,128,0,79.85,0.0021901322836316,4.5657260089942e-06,-4.9326099720183e-11,1.0282464824922e-10,11.918938895569,0.038585611827539,-1.4321877017665e-14,1
79.9,128,0,79.9,0.0021901322241301,4.5657261331201e-06,-4.9326099720183e-11,1.0282464824922e-10,11.917009614978,0.038585611827539,-1.4321877017665e-14,1
79.95,128,0,79.95,0.0021901321646285,4.565726257246e-06,-4.9326099720183e-11,1.0282464824922e-10,11.915080334386,0.038585611827539,-1.4321877017665e-14,1
80,128,0,80,0.0021901321051269,4.5657263813719e-06,-4.9326099720183e-11,1.0282464824922e-10,11.913151053795,0.038585611827539,-1.4321877017665e-14,1
80.05,128,0,80.05,0.0021901316010256,4.5657274321289e-06,4.5690931721047e-11,-9.5246632969531e-11,11.911221773204,0.03858561182757,1.4876988529977e-14,1
80.1,128,0,80.1,0.0021901310969242,4.5657284828859e-06,4.5690931721047e-11,-9.5246632969531e-11,11.909292492612,0.03858561182757,1.4876988529977e-14,1
80.15,128,0,80.15,0.0021901305928228,4.565729533643e-06,4.5690931721047e-11,-9.5246632969531e-11,11.907363212021,0.03858561182757,1.4876988529977e-14,1
80.2,128,0,80.2,0.0021901300887214,4.5657305844e-06,4.5690931721047e-11,-9.5246632969531e-11,11.90543393143,0.03858561182757,1.4876988529977e-14,1
80.25,128,0,80.25,0.0021901295846201,4.565731635157e-06,4.5690931721047e-11,-9.5246632969531e-11,11.903504650838,0.03858561182757,1.4876988529977e-14,1
80.3,128,0,80.3,0.0021901290805187,4.5657326859141e-06,4.5690931721047e-11,-9.5246632969531e-11,11.901575370247,0.03858561182757,1.4876988529977e-14,1
80.35,128,0,80.35,0.0021901285764173,4.5657337366711e-06,4.5690931721047e-11,-9.5246632969531e-11,11.899646089655,0.03858561182757,1.4876988529977e-14,1
80.4,128,0,80.4,0.0021901280723159,4.5657347874281e-06,4.5690931721047e-11,-9.5246632969531e-11,11.897716809064,0.03858561182757,1.4876988529977e-14,1
80.45,128,0,80.45,0.0021901275682146,4.5657358381852e-06,4.5690931721047e-11,-9.5246632969531e-11,11.895787528473,0.03858561182757,1.4876988529977e-14,1
80.5,128,0,80.5,0.0021901270641132,4.5657368889422e-06,4.5690931721047e-11,-9.5246632969531e-11,11.893858247881,0.03858561182757,1.4876988529977e-14,1
80.55,128,0,80.55,0.0021901265600118,4.5657379396992e-06,4.5690931721047e-11,-9.5246632969531e-11,11.89192896729,0.03858561182757,1.4876988529977e-14,1
80.6,128,0,80.6,0.0021901260559104,4.5657389904563e-06,4.5690931721047e-11,-9.5246632969531e-11,11.889999686699,0.03858561182757,1.4876988529977e-14,1
80.65,128,0,80.65,0.0021901255518091,4.5657400412133e-06,4.5690931721047e-11,-9.5246632969531e-11,11.888070406107,0.03858561182757,1.4876988529977e-14,1
80.7,128,0,80.7,0.0021901250477077,4.5657410919703e-06,4.5690931721047e-11,-9.5246632969531e-11,11.886141125516,0.03858561182757,1.4876988529977e-14,1
80.75,128,0,80.75,0.0021901245436063,4.5657421427274e-06,4.5690931721047e-11,-9.5246632969531e-11,11.884211844924,0.03858561182757,1.4876988529977e-14,1
80.8,128,0,80.8,0.0021901240395049,4.5657431934844e-06,4.5690931721047e-11,-9.5246632969531e-11,11.882282564333,0.03858561182757,1.4876988529977e-14,1
80.85,128,0,80.85,0.0021901235354036,4.5657442442414e-06,4.5690931721047e-11,-9.5246632969531e-11,11.880353283742,0.03858561182757,1.4876988529977e-14,1
80.9,128,0,80.9,0.0021901230313022,4.5657452949985e-06,4.5690931721047e-11,-9.5246632969531e-11,11.87842400315,0.03858561182757,1.4876988529977e-14,1
80.95,128,0,80.95,0.0021901225272008,4.5657463457555e-06,4.5690931721047e-11,-9.5246632969531e-11,11.876494722559,0.03858561182757,1.4876988529977e-14,1
81,128,0,81,0.0021901220230994,4.5657473965125e-06,4.5690931721047e-11,-9.5246632969531e-11,11.874565441968,0.03858561182757,1.4876988529977e-14,1
81.05,128,0,81.05,0.002190123769363,4.5657437564047e-06,-4.0585526229071e-11,8.4603469288287e-11,11.872636161376,0.03858561182756,1.1102230246252e-14,1
81.1,128,0,81.1,0.0021901255156266,4.565740116297e-06,-4.0585526229071e-11,8.4603469288287e-11,11.870706880785,0.03858561182756,1.1102230246252e-14,1
81.15,128,0,81.15,0.0021901272618901,4.5657364761892e-06,-4.0585526229071e-11,8.4603469288287e-11,11.868777600193,0.03858561182756,1.1102230246252e-14,1
81.2,128,0,81.2,0.0021901290081537,4.5657328360815e-06,-4.0585526229071e-11,8.4603469288287e-11,11.866848319602,0.03858561182756,1.1102230246252e-14,1
81.25,128,0,81.25,0.0021901307544173,4.5657291959737e-06,-4.0585526229071e-11,8.4603469288287e-11,11.864919039011,0.03858561182756,1.1102230246252e-14,1
81.3,128,0,81.3,0.0021901325006808,4.5657255558659e-06,-4.0585526229071e-11,8.4603469288287e-11,11.862989758419,0.03858561182756,1.1102230246252e-14,1
81.35,128,0,81.35,0.0021901342469444,4.5657219157582e-06,-4.0585526229071e-11,8.4603469288287e-11,11.861060477828,0.03858561182756,1.1102230246252e-14,1
81.4,128,0,81.4,0.0021901359932079,4.5657182756504e-06,-4.0585526229071e-11,8.4603469288287e-11,11.859131197236,0.03858561182756,1.1102230246252e-14,1
81.45,128,0,81.45,0.0021901377394715,4.5657146355426e-06,-4.0585526229071e-11,8.4603469288287e-11,11.857201916645,0.03858561182756,1.1102230246252e-14,1
81.5,128,0,81.5,0.0021901394857351,4.5657109954349e-06,-4.0585526229071e-11,8.4603469288287e-11,11.855272636054,0.03858561182756,1.1102230246252e-14,1
81.55,128,0,81.55,0.0021901412319986,4.5657073553271e-06,-4.0585526229071e-11,8.4603469288287e-11,11.853343355462,0.03858561182756,1.1102230246252e-14,1
81.6,128,0,81.6,0.0021901429782622,4.5657037152193e-06,-4.0585526229071e-11,8.4603469288287e-11,11.851414074871,0.03858561182756,1.1102230246252e-14,1
81.65,128,0,81.65,0.0021901447245257,4.5657000751116e-06,-4.0585526229071e-11,8.4603469288287e-11,11.84948479428,0.03858561182756,1.1102230246252e-14,1
81.7,128,0,81.7,0.0021901464707893,4.5656964350038e-06,-4.0585526229071e-11,8.4603469288287e-11,11.847555513688,0.03858561182756,1.1102230246252e-14,1
81.75,128,0,81.75,0.0021901482170529,4.5656927948961e-06,-4.0585526229071e-11,8.4603469288287e-11,11.845626233097,0.03858561182756,1.1102230246252e-14,1
81.8,128,0,81.8,0.0021901499633164,4.5656891547883e-06,-4.0585526229071e-11,8.4603469288287e-11,11.843696952505,0.03858561182756,1.1102230246252e-14,1
81.85,128,0,81.85,0.00219015170958,4.5656855146805e-06,-4.0585526229071e-11,8.4603469288287e-11,11.841767671914,0.03858561182756,1.1102230246252e-14,1
81.9,128,0,81.9,0.0021901534558436,4.5656818745728e-06,-4.0585526229071e-11,8.4603469288287e-11,11.839838391323,0.03858561182756,1.1102230246252e-14,1
81.95,128,0,81.95,0.0021901552021071,4.565678234465e-06,-4.0585526229071e-11,8.4603469288287e-11,11.837909110731,0.03858561182756,1.1102230246252e-14,1
82,128,0,82,0.0021901569483707,4.5656745943572e-06,-4.0585526229071e-11,8.4603469288287e-11,11.83597983014,0.03858561182756,1.1102230246252e-14,1
82.05,128,0,82.05,0.0021901558231741,4.5656769397922e-06,4.4327774055498e-11,-9.2404713872785e-11,11.834050549549,0.038585611827554,-7.9936057773011e-15,1
82.1,128,0,82.1,0.0021901546979776,4.5656792852272e-06,4.4327774055498e-11,-9.2404713872785e-11,11.832121268957,0.038585611827554,-7.9936057773011e-15,1
82.15,128,0,82.15,0.002190153572781,4.5656816306621e-06,4.4327774055498e-11,-9.2404713872785e-11,11.830191988366,0.038585611827554,-7.9936057773011e-15,1
82.2,128,0,82.2,0.0021901524475844,4.5656839760971e-06,4.4327774055498e-11,-9.2404713872785e-11,11.828262707774,0.038585611827554,-7.9936057773011e-15,1
82.25,128,0,82.25,0.0021901513223879,4.5656863215321e-06,4.4327774055498e-11,-9.2404713872785e-11,11.826333427183,0.038585611827554,-7.9936057773011e-15,1
82.3,128,0,82.3,0.0021901501971913,4.565688666967e-06,4.4327774055498e-11,-9.2404713872785e-11,11.824404146592,0.038585611827554,-7.9936057773011e-15,1
82.35,128,0,82.35,0.0021901490719947,4.565691012402e-06,4.4327774055498e-11,-9.2404713872785e-11,11.822474866,0.038585611827554,-7.9936057773011e-15,1
82.4,128,0,82.4,0.0021901479467982,4.565693357837e-06,4.4327774055498e-11,-9.2404713872785e-11,11.820545585409,0.038585611827554,-7.9936057773011e-15,1
82.45,128,0,82.45,0.0021901468216016,4.5656957032719e-06,4.4327774055498e-11,-9.2404713872785e-11,11.818616304818,0.038585611827554,-7.9936057773011e-15,1
82.5,128,0,82.5,0.0021901456964051,4.5656980487069e-06,4.4327774055498e-11,-9.2404713872785e-11,11.816687024226,0.038585611827554,-7.9936057773011e-15,1
82.55,128,0,82.55,0.0021901445712085,4.5657003941419e-06,4.4327774055498e-11,-9.2404713872785e-11,11.814757743635,0.038585611827554,-7.9936057773011e-15,1
82.6,128,0,82.6,0.0021901434460119,4.5657027395768e-06,4.4327774055498e-11,-9.2404713872785e-11,11.812828463043,0.038585611827554,-7.9936057773011e-15,1
82.65,128,0,82.65,0.0021901423208154,4.5657050850118e-06,4.4327774055498e-11,-9.2404713872785e-11,11.810899182452,0.038585611827554,-7.9936057773011e-15,1
82.7,128,0,82.7,0.0021901411956188,4.5657074304468e-06,4.4327774055498e-11,-9.2404713872785e-11,11.808969901861,0.038585611827554,-7.9936057773011e-15,1
82.75,128,0,82.75,0.0021901400704222,4.5657097758817e-06,4.4327774055498e-11,-9.2404713872785e-11,11.807040621269,0.038585611827554,-7.9936057773011e-15,1
82.8,128,0,82.8,0.0021901389452257,4.5657121213167e-06,4.4327774055498e-11,-9.2404713872785e-11,11.805111340678,0.038585611827554,-7.9936057773011e-15,1
82.85,128,0,82.85,0.0021901378200291,4.5657144667517e-06,4.4327774055498e-11,-9.2404713872785e-11,11.803182060087,0.038585611827554,-7.9936057773011e-15,1
82.9,128,0,82.9,0.0021901366948326,4.5657168121867e-06,4.4327774055498e-11,-9.2404713872785e-11,11.801252779495,0.038585611827554,-7.9936057773011e-15,1
82.95,128,0,82.95,0.002190135569636,4.5657191576216e-06,4.4327774055498e-11,-9.2404713872785e-11,11.799323498904,0.038585611827554,-7.9936057773011e-15,1
83,128,0,83,0.0021901344444394,4.5657215030566e-06,4.4327774055498e-11,-9.2404713872785e-11,11.797394218312,0.038585611827554,-7.9936057773011e-15,1
83.05,128,0,83.05,0.0021901342964118,4.5657218117232e-06,-5.0046733268135e-11,1.0432687970367e-10,11.795464937721,0.038585611827556,2.8421709430404e-14,1
83.1,128,0,83.1,0.0021901341483841,4.5657221203898e-06,-5.0046733268135e-11,1.0432687970367e-10,11.79353565713,0.038585611827556,2.8421709430404e-14,1
83.15,128,0,83.15,0.0021901340003565,4.5657224290564e-06,-5.0046733268135e-11,1.0432687970367e-10,11.791606376538,0.038585611827556,2.8421709430404e-14,1
83.2,128,0,83.2,0.0021901338523288,4.5657227377231e-06,-5.0046733268135e-11,1.0432687970367e-10,11.789677095947,0.038585611827556,2.8421709430404e-14,1
83.25,128,0,83.25,0.0021901337043011,4.5657230463897e-06,-5.0046733268135e-11,1.0432687970367e-10,11.787747815356,0.038585611827556,2.8421709430404e-14,1
83.3,128,0,83.3,0.0021901335562735,4.5657233550563e-06,-5.0046733268135e-11,1.0432687970367e-10,11.785818534764,0.038585611827556,2.8421709430404e-14,1
83.35,128,0,83.35,0.0021901334082458,4.5657236637229e-06,-5.0046733268135e-11,1.0432687970367e-10,11.783889254173,0.038585611827556,2.8421709430404e-14,1
83.4,128,0,83.4,0.0021901332602182,4.5657239723896e-06,-5.0046733268135e-11,1.0432687970367e-10,11.781959973581,0.038585611827556,2.8421709430404e-14,1
83.45,128,0,83.45,0.0021901331121905,4.5657242810562e-06,-5.0046733268135e-11,1.0432687970367e-10,11.78003069299,0.038585611827556,2.8421709430404e-14,1
83.5,128,0,83.5,0.0021901329641628,4.5657245897228e-06,-5.0046733268135e-11,1.0432687970367e-10,11.778101412399,0.038585611827556,2.8421709430404e-14,1
83.55,128,0,83.55,0.0021901328161352,4.5657248983894e-06,-5.0046733268135e-11,1.0432687970367e-10,11.776172131807,0.038585611827556,2.8421709430404e-14,1
83.6,128,0,83.6,0.0021901326681075,4.565725207056e-06,-5.0046733268135e-11,1.0432687970367e-10,11.774242851216,0.038585611827556,2.8421709430404e-14,1
83.65,128,0,83.65,0.0021901325200799,4.5657255157227e-06,-5.0046733268135e-11,1.0432687970367e-10,11.772313570624,0.038585611827556,2.8421709430404e-14,1
83.7,128,0,83.7,0.0021901323720522,4.5657258243893e-06,-5.0046733268135e-11,1.0432687970367e-10,11.770384290033,0.038585611827556,2.8421709430404e-14,1
83.75,128,0,83.75,0.0021901322240246,4.5657261330559e-06,-5.0046733268135e-11,1.0432687970367e-10,11.768455009442,0.038585611827556,2.8421709430404e-14,1
83.8,128,0,83.8,0.0021901320759969,4.5657264417225e-06,-5.0046733268135e-11,1.0432687970367e-10,11.76652572885,0.038585611827556,2.8421709430404e-14,1
83.85,128,0,83.85,0.0021901319279692,4.5657267503891e-06,-5.0046733268135e-11,1.0432687970367e-10,11.764596448259,0.038585611827556,2.8421709430404e-14,1
83.9,128,0,83.9,0.0021901317799416,4.5657270590558e-06,-5.0046733268135e-11,1.0432687970367e-10,11.762667167668,0.038585611827556,2.8421709430404e-14,1
83.95,128,0,83.95,0.0021901316319139,4.5657273677224e-06,-5.0046733268135e-11,1.0432687970367e-10,11.760737887076,0.038585611827556,2.8421709430404e-14,1
84,128,0,84,0.0021901314838863,4.565727676389e-06,-5.0046733268135e-11,1.0432687970367e-10,11.758808606485,0.038585611827556,2.8421709430404e-14,1
84.05,128,0,84.05,0.0021901309651265,4.5657287577046e-06,4.647061074706e-11,-9.6871934007865e-11,11.756879325893,0.038585611827575,3.5083047578155e-14,1
84.1,128,0,84.1,0.0021901304463666,4.5657298390203e-06,4.647061074706e-11,-9.6871934007865e-11,11.754950045302,0.038585611827575,3.5083047578155e-14,1
84.15,128,0,84.15,0.0021901299276068,4.5657309203359e-06,4.647061074706e-11,-9.6871934007865e-11,11.753020764711,0.038585611827575,3.5083047578155e-14,1
84.2,128,0,84.2,0.002190129408847,4.5657320016516e-06,4.647061074706e-11,-9.6871934007865e-11,11.751091484119,0.038585611827575,3.5083047578155e-14,1
84.25,128,0,84.25,0.0021901288900872,4.5657330829672e-06,4.647061074706e-11,-9.6871934007865e-11,11.749162203528,0.038585611827575,3.5083047578155e-14,1
84.3,128,0,84.3,0.0021901283713274,4.5657341642829e-06,4.647061074706e-11,-9.6871934007865e-11,11.747232922937,0.038585611827575,3.5083047578155e-14,1
84.35,128,0,84.35,0.0021901278525676,4.5657352455985e-06,4.647061074706e-11,-9.6871934007865e-11,11.745303642345,0.038585611827575,3.5083047578155e-14,1
84.4,128,0,84.4,0.0021901273338078,4.5657363269142e-06,4.647061074706e-11,-9.6871934007865e-11,11.743374361754,0.038585611827575,3.5083047578155e-14,1
84.45,128,0,84.45,0.0021901268150479,4.5657374082298e-06,4.647061074706e-11,-9.6871934007865e-11,11.741445081162,0.038585611827575,3.5083047578155e-14,1
84.5,128,0,84.5,0.0021901262962881,4.5657384895454e-06,4.647061074706e-11,-9.6871934007865e-11,11.739515800571,0.038585611827575,3.5083047578155e-14,1
84.55,128,0,84.55,0.0021901257775283,4.5657395708611e-06,4.647061074706e-11,-9.6871934007865e-11,11.73758651998,0.038585611827575,3.5083047578155e-14,1
84.6,128,0,84.6,0.0021901252587685,4.5657406521767e-06,4.647061074706e-11,-9.6871934007865e-11,11.735657239388,0.038585611827575,3.5083047578155e-14,1
84.65,128,0,84.65,0.0021901247400087,4.5657417334924e-06,4.647061074706e-11,-9.6871934007865e-11,11.733727958797,0.038585611827575,3.5083047578155e-14,1
84.7,128,0,84.7,0.0021901242212489,4.565742814808e-06,4.647061074706e-11,-9.6871934007865e-11,11.731798678206,0.038585611827575,3.5083047578155e-14,1
84.75,128,0,84.75,0.002190123702489,4.5657438961237e-06,4.647061074706e-11,-9.6871934007865e-11,11.729869397614,0.038585611827575,3.5083047578155e-14,1
84.8,128,0,84.8,0.0021901231837292,4.5657449774393e-06,4.647061074706e-11,-9.6871934007865e-11,11.727940117023,0.038585611827575,3.5083047578155e-14,1
84.85,128,0,84.85,0.0021901226649694,4.565746058755e-06,4.647061074706e-11,-9.6871934007865e-11,11.726010836431,0.038585611827575,3.5083047578155e-14,1
84.9,128,0,84.9,0.0021901221462096,4.5657471400706e-06,4.647061074706e-11,-9.6871934007865e-11,11.72408155584,0.038585611827575,3.5083047578155e-14,1
84.95,128,0,84.95,0.0021901216274498,4.5657482213862e-06,4.647061074706e-11,-9.6871934007865e-11,11.722152275249,0.038585611827575,3.5083047578155e-14,1
85,128,0,85,0.00219012110869,4.5657493027019e-06,4.647061074706e-11,-9.6871934007865e-11,11.720222994657,0.038585611827575,3.5083047578155e-14,1
85.05,128,0,85.05,0.0021901229348347,4.5657454960732e-06,-4.0938868912065e-11,8.5340034848503e-11,11.718293714066,0.038585611827572,-3.7747582837255e-15,1
85.1,128,0,85.1,0.0021901247609795,4.5657416894445e-06,-4.0938868912065e-11,8.5340034848503e-11,11.716364433475,0.038585611827572,-3.7747582837255e-15,1
85.15,128,0,85.15,0.0021901265871243,4.5657378828158e-06,-4.0938868912065e-11,8.5340034848503e-11,11.714435152883,0.038585611827572,-3.7747582837255e-15,1
85.2,128,0,85.2,0.002190128413269,4.5657340761871e-06,-4.0938868912065e-11,8.5340034848503e-11,11.712505872292,0.038585611827572,-3.7747582837255e-15,1
85.25,128,0,85.25,0.0021901302394138,4.5657302695584e-06,-4.0938868912065e-11,8.5340034848503e-11,11.7105765917,0.038585611827572,-3.7747582837255e-15,1
85.3,128,0,85.3,0.0021901320655586,4.5657264629297e-06,-4.0938868912065e-11,8.5340034848503e-11,11.708647311109,0.038585611827572,-3.7747582837255e-15,1
85.35,128,0,85.35,0.0021901338917033,4.565722656301e-06,-4.0938868912065e-11,8.5340034848503e-11,11.706718030518,0.038585611827572,-3.7747582837255e-15,1
85.4,128,0,85.4,0.0021901357178481,4.5657188496723e-06,-4.0938868912065e-11,8.5340034848503e-11,11.704788749926,0.038585611827572,-3.7747582837255e-15,1
85.45,128,0,85.45,0.0021901375439929,4.5657150430435e-06,-4.0938868912065e-11,8.5340034848503e-11,11.702859469335,0.038585611827572,-3.7747582837255e-15,1
85.5,128,0,85.5,0.0021901393701377,4.5657112364148e-06,-4.0938868912065e-11,8.5340034848503e-11,11.700930188743,0.038585611827572,-3.7747582837255e-15,1
85.55,128,0,85.55,0.0021901411962824,4.5657074297861e-06,-4.0938868912065e-11,8.5340034848503e-11,11.699000908152,0.038585611827572,-3.7747582837255e-15,1
85.6,128,0,85.6,0.0021901430224272,4.5657036231574e-06,-4.0938868912065e-11,8.5340034848503e-11,11.697071627561,0.038585611827572,-3.7747582837255e-15,1
85.65,128,0,85.65,0.002190144848572,4.5656998165287e-06,-4.0938868912065e-11,8.5340034848503e-11,11.695142346969,0.038585611827572,-3.7747582837255e-15,1
85.7,128,0,85.7,0.0021901466747167,4.5656960099e-06,-4.0938868912065e-11,8.5340034848503e-11,11.693213066378,0.038585611827572,-3.7747582837255e-15,1
85.75,128,0,85.75,0.0021901485008615,4.5656922032713e-06,-4.0938868912065e-11,8.5340034848503e-11,11.691283785787,0.038585611827572,-3.7747582837255e-15,1
85.8,128,0,85.8,0.0021901503270063,4.5656883966426e-06,-4.0938868912065e-11,8.5340034848503e-11,11.689354505195,0.038585611827572,-3.7747582837255e-15,1
85.85,128,0,85.85,0.002190152153151,4.5656845900139e-06,-4.0938868912065e-11,8.5340034848503e-11,11.687425224604,0.038585611827572,-3.7747582837255e-15,1
85.9,128,0,85.9,0.0021901539792958,4.5656807833852e-06,-4.0938868912065e-11,8.5340034848503e-11,11.685495944012,0.038585611827572,-3.7747582837255e-15,1
85.95,128,0,85.95,0.0021901558054406,4.5656769767565e-06,-4.0938868912065e-11,8.5340034848503e-11,11.683566663421,0.038585611827572,-3.7747582837255e-15,1
86,128,0,86,0.0021901576315853,4.5656731701278e-06,-4.0938868912065e-11,8.5340034848503e-11,11.68163738283,0.038585611827572,-3.7747582837255e-15,1
86.05,128,0,86.05,0.0021901563956812,4.5656757463441e-06,4.4818269582397e-11,-9.3427168141638e-11,11.679708102238,0.038585611827541,9.3258734068513e-15,1
86.1,128,0,86.1,0.0021901551597771,4.5656783225603e-06,4.4818269582397e-11,-9.3427168141638e-11,11.677778821647,0.038585611827541,9.3258734068513e-15,1
86.15,128,0,86.15,0.0021901539238729,4.5656808987766e-06,4.4818269582397e-11,-9.3427168141638e-11,11.675849541056,0.038585611827541,9.3258734068513e-15,1
86.2,128,0,86.2,0.0021901526879688,4.5656834749929e-06,4.4818269582397e-11,-9.3427168141638e-11,11.673920260464,0.038585611827541,9.3258734068513e-15,1
86.25,128,0,86.25,0.0021901514520647,4.5656860512092e-06,4.4818269582397e-11,-9.3427168141638e-11,11.671990979873,0.038585611827541,9.3258734068513e-15,1
86.3,128,0,86.3,0.0021901502161606,4.5656886274254e-06,4.4818269582397e-11,-9.3427168141638e-11,11.670061699281,0.038585611827541,9.3258734068513e-15,1
86.35,128,0,86.35,0.0021901489802564,4.5656912036417e-06,4.4818269582397e-11,-9.3427168141638e-11,11.66813241869,0.038585611827541,9.3258734068513e-15,1
86.4,128,0,86.4,0.0021901477443523,4.565693779858e-06,4.4818269582397e-11,-9.3427168141638e-11,11.666203138099,0.038585611827541,9.3258734068513e-15,1
86.45,128,0,86.45,0.0021901465084482,4.5656963560742e-06,4.4818269582397e-11,-9.3427168141638e-11,11.664273857507,0.038585611827541,9.3258734068513e-15,1
86.5,128,0,86.5,0.002190145272544,4.5656989322905e-06,4.4818269582397e-11,-9.3427168141638e-11,11.662344576916,0.038585611827541,9.3258734068513e-15,1
86.55,128,0,86.55,0.0021901440366399,4.5657015085068e-06,4.4818269582397e-11,-9.3427168141638e-11,11.660415296325,0.038585611827541,9.3258734068513e-15,1
86.6,128,0,86.6,0.0021901428007358,4.5657040847231e-06,4.4818269582397e-11,-9.3427168141638e-11,11.658486015733,0.038585611827541,9.3258734068513e-15,1
86.65,128,0,86.65,0.0021901415648316,4.5657066609393e-06,4.4818269582397e-11,-9.3427168141638e-11,11.656556735142,0.038585611827541,9.3258734068513e-15,1
86.7,128,0,86.7,0.0021901403289275,4.5657092371556e-06,4.4818269582397e-11,-9.3427168141638e-11,11.65462745455,0.038585611827541,9.3258734068513e-15,1
86.75,128,0,86.75,0.0021901390930234,4.5657118133719e-06,4.4818269582397e-11,-9.3427168141638e-11,11.652698173959,0.038585611827541,9.3258734068513e-15,1
86.8,128,0,86.8,0.0021901378571193,4.5657143895881e-06,4.4818269582397e-11,-9.3427168141638e-11,11.650768893368,0.038585611827541,9.3258734068513e-15,1
86.85,128,0,86.85,0.0021901366212151,4.5657169658044e-06,4.4818269582397e-11,-9.3427168141638e-11,11.648839612776,0.038585611827541,9.3258734068513e-15,1
86.9,128,0,86.9,0.002190135385311,4.5657195420207e-06,4.4818269582397e-11,-9.3427168141638e-11,11.646910332185,0.038585611827541,9.3258734068513e-15,1
86.95,128,0,86.95,0.0021901341494069,4.565722118237e-06,4.4818269582397e-11,-9.3427168141638e-11,11.644981051594,0.038585611827541,9.3258734068513e-15,1
87,128,0,87,0.0021901329135027,4.5657246944532e-06,4.4818269582397e-11,-9.3427168141638e-11,11.643051771002,0.038585611827541,9.3258734068513e-15,1
87.05,128,0,87.05,0.002190132848043,4.5657248309992e-06,-4.9963381552036e-11,1.0415309042133e-10,11.641122490411,0.038585611827584,-7.2164496600635e-15,1
87.1,128,0,87.1,0.0021901327825833,4.5657249675452e-06,-4.9963381552036e-11,1.0415309042133e-10,11.639193209819,0.038585611827584,-7.2164496600635e-15,1
87.15,128,0,87.15,0.0021901327171236,4.5657251040912e-06,-4.9963381552036e-11,1.0415309042133e-10,11.637263929228,0.038585611827584,-7.2164496600635e-15,1
87.2,128,0,87.2,0.0021901326516639,4.5657252406371e-06,-4.9963381552036e-11,1.0415309042133e-10,11.635334648637,0.038585611827584,-7.2164496600635e-15,1
87.25,128,0,87.25,0.0021901325862042,4.5657253771831e-06,-4.9963381552036e-11,1.0415309042133e-10,11.633405368045,0.038585611827584,-7.2164496600635e-15,1
87.3,128,0,87.3,0.0021901325207445,4.5657255137291e-06,-4.9963381552036e-11,1.0415309042133e-10,11.631476087454,0.038585611827584,-7.2164496600635e-15,1
87.35,128,0,87.35,0.0021901324552848,4.5657256502751e-06,-4.9963381552036e-11,1.0415309042133e-10,11.629546806863,0.038585611827584,-7.2164496600635e-15,1
87.4,128,0,87.4,0.0021901323898251,4.565725786821e-06,-4.9963381552036e-11,1.0415309042133e-10,11.627617526271,0.038585611827584,-7.2164496600635e-15,1
87.45,128,0,87.45,0.0021901323243654,4.565725923367e-06,-4.9963381552036e-11,1.0415309042133e-10,11.62568824568,0.038585611827584,-7.2164496600635e-15,1
87.5,128,0,87.5,0.0021901322589058,4.565726059913e-06,-4.9963381552036e-11,1.0415309042133e-10,11.623758965088,0.038585611827584,-7.2164496600635e-15,1
87.55,128,0,87.55,0.0021901321934461,4.565726196459e-06,-4.9963381552036e-11,1.0415309042133e-10,11.621829684497,0.038585611827584,-7.2164496600635e-15,1
87.6,128,0,87.6,0.0021901321279864,4.5657263330049e-06,-4.9963381552036e-11,1.0415309042133e-10,11.619900403906,0.038585611827584,-7.2164496600635e-15,1
87.65,128,0,87.65,0.0021901320625267,4.5657264695509e-06,-4.9963381552036e-11,1.0415309042133e-10,11.617971123314,0.038585611827584,-7.2164496600635e-15,1
87.7,128,0,87.7,0.002190131997067,4.5657266060969e-06,-4.9963381552036e-11,1.0415309042133e-10,11.616041842723,0.038585611827584,-7.2164496600635e-15,1
87.75,128,0,87.75,0.0021901319316073,4.5657267426429e-06,-4.9963381552036e-11,1.0415309042133e-10,11.614112562131,0.038585611827584,-7.2164496600635e-15,1
87.8,128,0,87.8,0.0021901318661476,4.5657268791888e-06,-4.9963381552036e-11,1.0415309042133e-10,11.61218328154,0.038585611827584,-7.2164496600635e-15,1
87.85,128,0,87.85,0.0021901318006879,4.5657270157348e-06,-4.9963381552036e-11,1.0415309042133e-10,11.610254000949,0.038585611827584,-7.2164496600635e-15,1
87.9,128,0,87.9,0.0021901317352282,4.5657271522808e-06,-4.9963381552036e-11,1.0415309042133e-10,11.608324720357,0.038585611827584,-7.2164496600635e-15,1
87.95,128,0,87.95,0.0021901316697685,4.5657272888268e-06,-4.9963381552036e-11,1.0415309042133e-10,11.606395439766,0.038585611827584,-7.2164496600635e-15,1
88,128,0,88,0.0021901316043088,4.5657274253727e-06,-4.9963381552036e-11,1.0415309042133e-10,11.604466159175,0.038585611827584,-7.2164496600635e-15,1
88.05,128,0,88.05,0.0021901311188933,4.5657284371779e-06,4.587742304064e-11,-9.5635356696006e-11,11.602536878583,0.038585611827578,-3.1308289294429e-14,1
88.1,128,0,88.1,0.0021901306334778,4.5657294489831e-06,4.587742304064e-11,-9.5635356696006e-11,11.600607597992,0.038585611827578,-3.1308289294429e-14,1
88.15,128,0,88.15,0.0021901301480624,4.5657304607882e-06,4.587742304064e-11,-9.5635356696006e-11,11.5986783174,0.038585611827578,-3.1308289294429e-14,1
88.2,128,0,88.2,0.0021901296626469,4.5657314725934e-06,4.587742304064e-11,-9.5635356696006e-11,11.596749036809,0.038585611827578,-3.1308289294429e-14,1
88.25,128,0,88.25,0.0021901291772314,4.5657324843985e-06,4.587742304064e-11,-9.5635356696006e-11,11.594819756218,0.038585611827578,-3.1308289294429e-14,1
88.3,128,0,88.3,0.0021901286918159,4.5657334962037e-06,4.587742304064e-11,-9.5635356696006e-11,11.592890475626,0.038585611827578,-3.1308289294429e-14,1
88.35,128,0,88.35,0.0021901282064005,4.5657345080088e-06,4.587742304064e-11,-9.5635356696006e-11,11.590961195035,0.038585611827578,-3.1308289294429e-14,1
88.4,128,0,88.4,0.002190127720985,4.565735519814e-06,4.587742304064e-11,-9.5635356696006e-11,11.589031914444,0.038585611827578,-3.1308289294429e-14,1
88.45,128,0,88.45,0.0021901272355695,4.5657365316191e-06,4.587742304064e-11,-9.5635356696006e-11,11.587102633852,0.038585611827578,-3.1308289294429e-14,1
88.5,128,0,88.5,0.002190126750154,4.5657375434243e-06,4.587742304064e-11,-9.5635356696006e-11,11.585173353261,0.038585611827578,-3.1308289294429e-14,1
88.55,128,0,88.55,0.0021901262647386,4.5657385552295e-06,4.587742304064e-11,-9.5635356696006e-11,11.583244072669,0.038585611827578,-3.1308289294429e-14,1
88.6,128,0,88.6,0.0021901257793231,4.5657395670346e-06,4.587742304064e-11,-9.5635356696006e-11,11.581314792078,0.038585611827578,-3.1308289294429e-14,1
88.65,128,0,88.65,0.0021901252939076,4.5657405788398e-06,4.587742304064e-11,-9.5635356696006e-11,11.579385511487,0.038585611827578,-3.1308289294429e-14,1
88.7,128,0,88.7,0.0021901248084921,4.5657415906449e-06,4.587742304064e-11,-9.5635356696006e-11,11.577456230895,0.038585611827578,-3.1308289294429e-14,1
88.75,128,0,88.75,0.0021901243230767,4.5657426024501e-06,4.587742304064e-11,-9.5635356696006e-11,11.575526950304,0.038585611827578,-3.1308289294429e-14,1
88.8,128,0,88.8,0.0021901238376612,4.5657436142552e-06,4.587742304064e-11,-9.5635356696006e-11,11.573597669713,0.038585611827578,-3.1308289294429e-14,1
88.85,128,0,88.85,0.0021901233522457,4.5657446260604e-06,4.587742304064e-11,-9.5635356696006e-11,11.571668389121,0.038585611827578,-3.1308289294429e-14,1
88.9,128,0,88.9,0.0021901228668303,4.5657456378656e-06,4.587742304064e-11,-9.5635356696006e-11,11.56973910853,0.038585611827578,-3.1308289294429e-14,1
88.95,128,0,88.95,0.0021901223814148,4.5657466496707e-06,4.587742304064e-11,-9.5635356696006e-11,11.567809827938,0.038585611827578,-3.1308289294429e-14,1
89,128,0,89,0.0021901218959993,4.5657476614759e-06,4.587742304064e-11,-9.5635356696006e-11,11.565880547347,0.038585611827578,-3.1308289294429e-14,1
89.05,128,0,89.05,0.0021901236479586,4.5657440094932e-06,-4.0706608290956e-11,8.4855856078644e-11,11.563951266756,0.038585611827537,-1.2212453270877e-14,1
89.1,128,0,89.1,0.0021901253999179,4.5657403575105e-06,-4.0706608290956e-11,8.4855856078644e-11,11.562021986164,0.038585611827537,-1.2212453270877e-14,1
89.15,128,0,89.15,0.0021901271518772,4.5657367055278e-06,-4.0706608290956e-11,8.4855856078644e-11,11.560092705573,0.038585611827537,-1.2212453270877e-14,1
89.2,128,0,89.2,0.0021901289038365,4.5657330535452e-06,-4.0706608290956e-11,8.4855856078644e-11,11.558163424981,0.038585611827537,-1.2212453270877e-14,1
89.25,128,0,89.25,0.0021901306557958,4.5657294015625e-06,-4.0706608290956e-11,8.4855856078644e-11,11.55623414439,0.038585611827537,-1.2212453270877e-14,1
89.3,128,0,89.3,0.0021901324077552,4.5657257495798e-06,-4.0706608290956e-11,8.4855856078644e-11,11.554304863799,0.038585611827537,-1.2212453270877e-14,1
89.35,128,0,89.35,0.0021901341597145,4.5657220975971e-06,-4.0706608290956e-11,8.4855856078644e-11,11.552375583207,0.038585611827537,-1.2212453270877e-14,1
89.4,128,0,89.4,0.0021901359116738,4.5657184456144e-06,-4.0706608290956e-11,8.4855856078644e-11,11.550446302616,0.038585611827537,-1.2212453270877e-14,1
89.45,128,0,89.45,0.0021901376636331,4.5657147936318e-06,-4.0706608290956e-11,8.4855856078644e-11,11.548517022025,0.038585611827537,-1.2212453270877e-14,1
89.5,128,0,89.5,0.0021901394155924,4.5657111416491e-06,-4.0706608290956e-11,8.4855856078644e-11,11.546587741433,0.038585611827537,-1.2212453270877e-14,1
89.55,128,0,89.55,0.0021901411675517,4.5657074896664e-06,-4.0706608290956e-11,8.4855856078644e-11,11.544658460842,0.038585611827537,-1.2212453270877e-14,1
89.6,128,0,89.6,0.002190142919511,4.5657038376837e-06,-4.0706608290956e-11,8.4855856078644e-11,11.54272918025,0.038585611827537,-1.2212453270877e-14,1
89.65,128,0,89.65,0.0021901446714703,4.5657001857011e-06,-4.0706608290956e-11,8.4855856078644e-11,11.540799899659,0.038585611827537,-1.2212453270877e-14,1
89.7,128,0,89.7,0.0021901464234296,4.5656965337184e-06,-4.0706608290956e-11,8.4855856078644e-11,11.538870619068,0.038585611827537,-1.2212453270877e-14,1
89.75,128,0,89.75,0.0021901481753889,4.5656928817357e-06,-4.0706608290956e-11,8.4855856078644e-11,11.536941338476,0.038585611827537,-1.2212453270877e-14,1
89.8,128,0,89.8,0.0021901499273482,4.565689229753e-06,-4.0706608290956e-11,8.4855856078644e-11,11.535012057885,0.038585611827537,-1.2212453270877e-14,1
89.85,128,0,89.85,0.0021901516793075,4.5656855777703e-06,-4.0706608290956e-11,8.4855856078644e-11,11.533082777294,0.038585611827537,-1.2212453270877e-14,1
89.9,128,0,89.9,0.0021901534312668,4.5656819257877e-06,-4.0706608290956e-11,8.4855856078644e-11,11.531153496702,0.038585611827537,-1.2212453270877e-14,1
89.95,128,0,89.95,0.0021901551832261,4.565678273805e-06,-4.0706608290956e-11,8.4855856078644e-11,11.529224216111,0.038585611827537,-1.2212453270877e-14,1
90,128,0,90,0.0021901569351854,4.5656746218223e-06,-4.0706608290956e-11,8.4855856078644e-11,11.527294935519,0.038585611827537,-1.2212453270877e-14,1
90.05,128,0,90.05,0.0021901557367238,4.5656771199872e-06,4.4515616707549e-11,-9.2796247598769e-11,11.525365654928,0.038585611827597,4.8849813083507e-15,1
90.1,128,0,90.1,0.0021901545382621,4.5656796181521e-06,4.4515616707549e-11,-9.2796247598769e-11,11.523436374337,0.038585611827597,4.8849813083507e-15,1
90.15,128,0,90.15,0.0021901533398004,4.5656821163171e-06,4.4515616707549e-11,-9.2796247598769e-11,11.521507093745,0.038585611827597,4.8849813083507e-15,1
90.2,128,0,90.2,0.0021901521413387,4.565684614482e-06,4.4515616707549e-11,-9.2796247598769e-11,11.519577813154,0.038585611827597,4.8849813083507e-15,1
90.25,128,0,90.25,0.002190150942877,4.5656871126469e-06,4.4515616707549e-11,-9.2796247598769e-11,11.517648532563,0.038585611827597,4.8849813083507e-15,1
90.3,128,0,90.3,0.0021901497444153,4.5656896108118e-06,4.4515616707549e-11,-9.2796247598769e-11,11.515719251971,0.038585611827597,4.8849813083507e-15,1
90.35,128,0,90.35,0.0021901485459536,4.5656921089767e-06,4.4515616707549e-11,-9.2796247598769e-11,11.51378997138,0.038585611827597,4.8849813083507e-15,1
90.4,128,0,90.4,0.0021901473474919,4.5656946071417e-06,4.4515616707549e-11,-9.2796247598769e-11,11.511860690788,0.038585611827597,4.8849813083507e-15,1
90.45,128,0,90.45,0.0021901461490302,4.5656971053066e-06,4.4515616707549e-11,-9.2796247598769e-11,11.509931410197,0.038585611827597,4.8849813083507e-15,1
90.5,128,0,90.5,0.0021901449505685,4.5656996034715e-06,4.4515616707549e-11,-9.2796247598769e-11,11.508002129606,0.038585611827597,4.8849813083507e-15,1
90.55,128,0,90.55,0.0021901437521068,4.5657021016364e-06,4.4515616707549e-11,-9.2796247598769e-11,11.506072849014,0.038585611827597,4.8849813083507e-15,1
90.6,128,0,90.6,0.0021901425536451,4.5657045998013e-06,4.4515616707549e-11,-9.2796247598769e-11,11.504143568423,0.038585611827597,4.8849813083507e-15,1
90.65,128,0,90.65,0.0021901413551834,4.5657070979663e-06,4.4515616707549e-11,-9.2796247598769e-11,11.502214287832,0.038585611827597,4.8849813083507e-15,1
90.7,128,0,90.7,0.0021901401567217,4.5657095961312e-06,4.4515616707549e-11,-9.2796247598769e-11,11.50028500724,0.038585611827597,4.8849813083507e-15,1
90.75,128,0,90.75,0.0021901389582601,4.5657120942961e-06,4.4515616707549e-11,-9.2796247598769e-11,11.498355726649,0.038585611827597,4.8849813083507e-15,1
90.8,128,0,90.8,0.0021901377597984,4.565714592461e-06,4.4515616707549e-11,-9.2796247598769e-11,11.496426446057,0.038585611827597,4.8849813083507e-15,1
90.85,128,0,90.85,0.0021901365613367,4.5657170906259e-06,4.4515616707549e-11,-9.2796247598769e-11,11.494497165466,0.038585611827597,4.8849813083507e-15,1
90.9,128,0,90.9,0.002190135362875,4.5657195887909e-06,4.4515616707549e-11,-9.2796247598769e-11,11.492567884875,0.038585611827597,4.8849813083507e-15,1
90.95,128,0,90.95,0.0021901341644133,4.5657220869558e-06,4.4515616707549e-11,-9.2796247598769e-11,11.490638604283,0.038585611827597,4.8849813083507e-15,1
91,128,0,91,0.0021901329659516,4.5657245851207e-06,4.4515616707549e-11,-9.2796247598769e-11,11.488709323692,0.038585611827597,4.8849813083507e-15,1
91.05,128,0,91.05,0.0021901328822594,4.5657247596732e-06,-4.9940199683908e-11,1.0410475052156e-10,11.4867800431,0.038585611827545,1.5543122344752e-14,1
91.1,128,0,91.1,0.0021901327985672,4.5657249342258e-06,-4.9940199683908e-11,1.0410475052156e-10,11.484850762509,0.038585611827545,1.5543122344752e-14,1
91.15,128,0,91.15,0.002190132714875,4.5657251087783e-06,-4.9940199683908e-11,1.0410475052156e-10,11.482921481918,0.038585611827545,1.5543122344752e-14,1
91.2,128,0,91.2,0.0021901326311828,4.5657252833308e-06,-4.9940199683908e-11,1.0410475052156e-10,11.480992201326,0.038585611827545,1.5543122344752e-14,1
91.25,128,0,91.25,0.0021901325474906,4.5657254578834e-06,-4.9940199683908e-11,1.0410475052156e-10,11.479062920735,0.038585611827545,1.5543122344752e-14,1
91.3,128,0,91.3,0.0021901324637984,4.5657256324359e-06,-4.9940199683908e-11,1.0410475052156e-10,11.477133640144,0.038585611827545,1.5543122344752e-14,1
91.35,128,0,91.35,0.0021901323801062,4.5657258069885e-06,-4.9940199683908e-11,1.0410475052156e-10,11.475204359552,0.038585611827545,1.5543122344752e-14,1
91.4,128,0,91.4,0.0021901322964141,4.565725981541e-06,-4.9940199683908e-11,1.0410475052156e-10,11.473275078961,0.038585611827545,1.5543122344752e-14,1
91.45,128,0,91.45,0.0021901322127219,4.5657261560935e-06,-4.9940199683908e-11,1.0410475052156e-10,11.471345798369,0.038585611827545,1.5543122344752e-14,1
91.5,128,0,91.5,0.0021901321290297,4.5657263306461e-06,-4.9940199683908e-11,1.0410475052156e-10,11.469416517778,0.038585611827545,1.5543122344752e-14,1
91.55,128,0,91.55,0.0021901320453375,4.5657265051986e-06,-4.9940199683908e-11,1.0410475052156e-10,11.467487237187,0.038585611827545,1.5543122344752e-14,1
91.6,128,0,91.6,0.0021901319616453,4.5657266797511e-06,-4.9940199683908e-11,1.0410475052156e-10,11.465557956595,0.038585611827545,1.5543122344752e-14,1
91.65,128,0,91.65,0.0021901318779531,4.5657268543037e-06,-4.9940199683908e-11,1.0410475052156e-10,11.463628676004,0.038585611827545,1.5543122344752e-14,1
91.7,128,0,91.7,0.0021901317942609,4.5657270288562e-06,-4.9940199683908e-11,1.0410475052156e-10,11.461699395413,0.038585611827545,1.5543122344752e-14,1
91.75,128,0,91.75,0.0021901317105687,4.5657272034087e-06,-4.9940199683908e-11,1.0410475052156e-10,11.459770114821,0.038585611827545,1.5543122344752e-14,1
91.8,128,0,91.8,0.0021901316268765,4.5657273779613e-06,-4.9940199683908e-11,1.0410475052156e-10,11.45784083423,0.038585611827545,1.5543122344752e-14,1
91.85,128,0,91.85,0.0021901315431843,4.5657275525138e-06,-4.9940199683908e-11,1.0410475052156e-10,11.455911553638,0.038585611827545,1.5543122344752e-14,1
91.9,128,0,91.9,0.0021901314594921,4.5657277270664e-06,-4.9940199683908e-11,1.0410475052156e-10,11.453982273047,0.038585611827545,1.5543122344752e-14,1
91.95,128,0,91.95,0.0021901313758,4.5657279016189e-06,-4.9940199683908e-11,1.0410475052156e-10,11.452052992456,0.038585611827545,1.5543122344752e-14,1
92,128,0,92,0.0021901312921078,4.5657280761714e-06,-4.9940199683908e-11,1.0410475052156e-10,11.450123711864,0.038585611827545,1.5543122344752e-14,1
92.05,128,0,92.05,0.0021901307605124,4.5657291842446e-06,4.6265572259407e-11,-9.6444487479345e-11,11.448194431273,0.038585611827551,3.1752378504279e-14,1
92.1,128,0,92.1,0.0021901302289171,4.5657302923177e-06,4.6265572259407e-11,-9.6444487479345e-11,11.446265150682,0.038585611827551,3.1752378504279e-14,1
92.15,128,0,92.15,0.0021901296973218,4.5657314003909e-06,4.6265572259407e-11,-9.6444487479345e-11,11.44433587009,0.038585611827551,3.1752378504279e-14,1
92.2,128,0,92.2,0.0021901291657264,4.565732508464e-06,4.6265572259407e-11,-9.6444487479345e-11,11.442406589499,0.038585611827551,3.1752378504279e-14,1
92.25,128,0,92.25,0.0021901286341311,4.5657336165371e-06,4.6265572259407e-11,-9.6444487479345e-11,11.440477308907,0.038585611827551,3.1752378504279e-14,1
92.3,128,0,92.3,0.0021901281025357,4.5657347246103e-06,4.6265572259407e-11,-9.6444487479345e-11,11.438548028316,0.038585611827551,3.1752378504279e-14,1
92.35,128,0,92.35,0.0021901275709404,4.5657358326834e-06,4.6265572259407e-11,-9.6444487479345e-11,11.436618747725,0.038585611827551,3.1752378504279e-14,1
92.4,128,0,92.4,0.0021901270393451,4.5657369407566e-06,4.6265572259407e-11,-9.6444487479345e-11,11.434689467133,0.038585611827551,3.1752378504279e-14,1
92.45,128,0,92.45,0.0021901265077497,4.5657380488297e-06,4.6265572259407e-11,-9.6444487479345e-11,11.432760186542,0.038585611827551,3.1752378504279e-14,1
92.5,128,0,92.5,0.0021901259761544,4.5657391569029e-06,4.6265572259407e-11,-9.6444487479345e-11,11.430830905951,0.038585611827551,3.1752378504279e-14,1
92.55,128,0,92.55,0.0021901254445591,4.565740264976e-06,4.6265572259407e-11,-9.6444487479345e-11,11.428901625359,0.038585611827551,3.1752378504279e-14,1
92.6,128,0,92.6,0.0021901249129637,4.5657413730491e-06,4.6265572259407e-11,-9.6444487479345e-11,11.426972344768,0.038585611827551,3.1752378504279e-14,1
92.65,128,0,92.65,0.0021901243813684,4.5657424811223e-06,4.6265572259407e-11,-9.6444487479345e-11,11.425043064176,0.038585611827551,3.1752378504279e-14,1
92.7,128,0,92.7,0.0021901238497731,4.5657435891954e-06,4.6265572259407e-11,-9.6444487479345e-11,11.423113783585,0.038585611827551,3.1752378504279e-14,1
92.75,128,0,92.75,0.0021901233181777,4.5657446972686e-06,4.6265572259407e-11,-9.6444487479345e-11,11.421184502994,0.038585611827551,3.1752378504279e-14,1
92.8,128,0,92.8,0.0021901227865824,4.5657458053417e-06,4.6265572259407e-11,-9.6444487479345e-11,11.419255222402,0.038585611827551,3.1752378504279e-14,1
92.85,128,0,92.85,0.002190122254987,4.5657469134149e-06,4.6265572259407e-11,-9.6444487479345e-11,11.417325941811,0.038585611827551,3.1752378504279e-14,1
92.9,128,0,92.9,0.0021901217233917,4.565748021488e-06,4.6265572259407e-11,-9.6444487479345e-11,11.415396661219,0.038585611827551,3.1752378504279e-14,1
92.95,128,0,92.95,0.0021901211917964,4.5657491295611e-06,4.6265572259407e-11,-9.6444487479345e-11,11.413467380628,0.038585611827551,3.1752378504279e-14,1
93,128,0,93,0.002190120660201,4.5657502376343e-06,4.6265572259407e-11,-9.6444487479345e-11,11.411538100037,0.038585611827551,3.1752378504279e-14,1
93.05,128,0,93.05,0.0021901225260515,4.5657463482351e-06,-4.087034835573e-11,8.5197177645034e-11,11.409608819445,0.03858561182757,4.7739590058882e-14,1
93.1,128,0,93.1,0.002190124391902,4.5657424588358e-06,-4.087034835573e-11,8.5197177645034e-11,11.407679538854,0.03858561182757,4.7739590058882e-14,1
93.15,128,0,93.15,0.0021901262577524,4.5657385694366e-06,-4.087034835573e-11,8.5197177645034e-11,11.405750258263,0.03858561182757,4.7739590058882e-14,1
93.2,128,0,93.2,0.0021901281236029,4.5657346800373e-06,-4.087034835573e-11,8.5197177645034e-11,11.403820977671,0.03858561182757,4.7739590058882e-14,1
93.25,128,0,93.25,0.0021901299894534,4.5657307906381e-06,-4.087034835573e-11,8.5197177645034e-11,11.40189169708,0.03858561182757,4.7739590058882e-14,1
93.3,128,0,93.3,0.0021901318553038,4.5657269012389e-06,-4.087034835573e-11,8.5197177645034e-11,11.399962416488,0.03858561182757,4.7739590058882e-14,1
93.35,128,0,93.35,0.0021901337211543,4.5657230118396e-06,-4.087034835573e-11,8.5197177645034e-11,11.398033135897,0.03858561182757,4.7739590058882e-14,1
93.4,128,0,93.4,0.0021901355870048,4.5657191224404e-06,-4.087034835573e-11,8.5197177645034e-11,11.396103855306,0.03858561182757,4.7739590058882e-14,1
93.45,128,0,93.45,0.0021901374528552,4.5657152330411e-06,-4.087034835573e-11,8.5197177645034e-11,11.394174574714,0.03858561182757,4.7739590058882e-14,1
93.5,128,0,93.5,0.0021901393187057,4.5657113436419e-06,-4.087034835573e-11,8.5197177645034e-11,11.392245294123,0.03858561182757,4.7739590058882e-14,1
93.55,128,0,93.55,0.0021901411845561,4.5657074542427e-06,-4.087034835573e-11,8.5197177645034e-11,11.390316013532,0.03858561182757,4.7739590058882e-14,1
93.6,128,0,93.6,0.0021901430504066,4.5657035648434e-06,-4.087034835573e-11,8.5197177645034e-11,11.38838673294,0.03858561182757,4.7739590058882e-14,1
93.65,128,0,93.65,0.0021901449162571,4.5656996754442e-06,-4.087034835573e-11,8.5197177645034e-11,11.386457452349,0.03858561182757,4.7739590058882e-14,1
93.7,128,0,93.7,0.0021901467821075,4.565695786045e-06,-4.087034835573e-11,8.5197177645034e-11,11.384528171757,0.03858561182757,4.7739590058882e-14,1
93.75,128,0,93.75,0.002190148647958,4.5656918966457e-06,-4.087034835573e-11,8.5197177645034e-11,11.382598891166,0.03858561182757,4.7739590058882e-14,1
93.8,128,0,93.8,0.0021901505138085,4.5656880072465e-06,-4.087034835573e-11,8.5197177645034e-11,11.380669610575,0.03858561182757,4.7739590058882e-14,1
93.85,128,0,93.85,0.0021901523796589,4.5656841178472e-06,-4.087034835573e-11,8.5197177645034e-11,11.378740329983,0.03858561182757,4.7739590058882e-14,1
93.9,128,0,93.9,0.0021901542455094,4.565680228448e-06,-4.087034835573e-11,8.5197177645034e-11,11.376811049392,0.03858561182757,4.7739590058882e-14,1
93.95,128,0,93.95,0.0021901561113599,4.5656763390488e-06,-4.087034835573e-11,8.5197177645034e-11,11.374881768801,0.03858561182757,4.7739590058882e-14,1
94,128,0,94,0.0021901579772103,4.5656724496495e-06,-4.087034835573e-11,8.5197177645034e-11,11.372952488209,0.03858561182757,4.7739590058882e-14,1
94.05,128,0,94.05,0.0021901566734711,4.5656751672752e-06,4.4924558290267e-11,-9.3648726572627e-11,11.371023207618,0.038585611827549,-1.2434497875802e-14,1
94.1,128,0,94.1,0.0021901553697318,4.5656778849009e-06,4.4924558290267e-11,-9.3648726572627e-11,11.369093927026,0.038585611827549,-1.2434497875802e-14,1
94.15,128,0,94.15,0.0021901540659926,4.5656806025265e-06,4.4924558290267e-11,-9.3648726572627e-11,11.367164646435,0.038585611827549,-1.2434497875802e-14,1
94.2,128,0,94.2,0.0021901527622533,4.5656833201522e-06,4.4924558290267e-11,-9.3648726572627e-11,11.365235365844,0.038585611827549,-1.2434497875802e-14,1
94.25,128,0,94.25,0.0021901514585141,4.5656860377779e-06,4.4924558290267e-11,-9.3648726572627e-11,11.363306085252,0.038585611827549,-1.2434497875802e-14,1
94.3,128,0,94.3,0.0021901501547749,4.5656887554035e-06,4.4924558290267e-11,-9.3648726572627e-11,11.361376804661,0.038585611827549,-1.2434497875802e-14,1
94.35,128,0,94.35,0.0021901488510356,4.5656914730292e-06,4.4924558290267e-11,-9.3648726572627e-11,11.35944752407,0.038585611827549,-1.2434497875802e-14,1
94.4,128,0,94.4,0.0021901475472964,4.5656941906549e-06,4.4924558290267e-11,-9.3648726572627e-11,11.357518243478,0.038585611827549,-1.2434497875802e-14,1
94.45,128,0,94.45,0.0021901462435571,4.5656969082805e-06,4.4924558290267e-11,-9.3648726572627e-11,11.355588962887,0.038585611827549,-1.2434497875802e-14,1
94.5,128,0,94.5,0.0021901449398179,4.5656996259062e-06,4.4924558290267e-11,-9.3648726572627e-11,11.353659682295,0.038585611827549,-1.2434497875802e-14,1
94.55,128,0,94.55,0.0021901436360786,4.5657023435319e-06,4.4924558290267e-11,-9.3648726572627e-11,11.351730401704,0.038585611827549,-1.2434497875802e-14,1
94.6,128,0,94.6,0.0021901423323394,4.5657050611576e-06,4.4924558290267e-11,-9.3648726572627e-11,11.349801121113,0.038585611827549,-1.2434497875802e-14,1
94.65,128,0,94.65,0.0021901410286001,4.5657077787832e-06,4.4924558290267e-11,-9.3648726572627e-11,11.347871840521,0.038585611827549,-1.2434497875802e-14,1
94.7,128,0,94.7,0.0021901397248609,4.5657104964089e-06,4.4924558290267e-11,-9.3648726572627e-11,11.34594255993,0.038585611827549,-1.2434497875802e-14,1
94.75,128,0,94.75,0.0021901384211216,4.5657132140346e-06,4.4924558290267e-11,-9.3648726572627e-11,11.344013279339,0.038585611827549,-1.2434497875802e-14,1
94.8,128,0,94.8,0.0021901371173824,4.5657159316602e-06,4.4924558290267e-11,-9.3648726572627e-11,11.342083998747,0.038585611827549,-1.2434497875802e-14,1
94.85,128,0,94.85,0.0021901358136432,4.5657186492859e-06,4.4924558290267e-11,-9.3648726572627e-11,11.340154718156,0.038585611827549,-1.2434497875802e-14,1
94.9,128,0,94.9,0.0021901345099039,4.5657213669116e-06,4.4924558290267e-11,-9.3648726572627e-11,11.338225437564,0.038585611827549,-1.2434497875802e-14,1
94.95,128,0,94.95,0.0021901332061647,4.5657240845372e-06,4.4924558290267e-11,-9.3648726572627e-11,11.336296156973,0.038585611827549,-1.2434497875802e-14,1
95,128,0,95,0.0021901319024254,4.5657268021629e-06,4.4924558290267e-11,-9.3648726572627e-11,11.334366876382,0.038585611827549,-1.2434497875802e-14,1
95.05,128,0,95.05,0.0021901318934412,4.5657268209789e-06,-5.0477138573824e-11,1.0522406058668e-10,11.33243759579,0.038585611827525,-3.3750779948605e-14,1
95.1,128,0,95.1,0.0021901318844569,4.5657268397949e-06,-5.0477138573824e-11,1.0522406058668e-10,11.330508315199,0.038585611827525,-3.3750779948605e-14,1
95.15,128,0,95.15,0.0021901318754726,4.565726858611e-06,-5.0477138573824e-11,1.0522406058668e-10,11.328579034608,0.038585611827525,-3.3750779948605e-14,1
95.2,128,0,95.2,0.0021901318664884,4.565726877427e-06,-5.0477138573824e-11,1.0522406058668e-10,11.326649754016,0.038585611827525,-3.3750779948605e-14,1
95.25,128,0,95.25,0.0021901318575041,4.565726896243e-06,-5.0477138573824e-11,1.0522406058668e-10,11.324720473425,0.038585611827525,-3.3750779948605e-14,1
95.3,128,0,95.3,0.0021901318485198,4.565726915059e-06,-5.0477138573824e-11,1.0522406058668e-10,11.322791192833,0.038585611827525,-3.3750779948605e-14,1
95.35,128,0,95.35,0.0021901318395356,4.565726933875e-06,-5.0477138573824e-11,1.0522406058668e-10,11.320861912242,0.038585611827525,-3.3750779948605e-14,1
95.4,128,0,95.4,0.0021901318305513,4.565726952691e-06,-5.0477138573824e-11,1.0522406058668e-10,11.318932631651,0.038585611827525,-3.3750779948605e-14,1
95.45,128,0,95.45,0.0021901318215671,4.565726971507e-06,-5.0477138573824e-11,1.0522406058668e-10,11.317003351059,0.038585611827525,-3.3750779948605e-14,1
95.5,128,0,95.5,0.0021901318125828,4.565726990323e-06,-5.0477138573824e-11,1.0522406058668e-10,11.315074070468,0.038585611827525,-3.3750779948605e-14,1
95.55,128,0,95.55,0.0021901318035985,4.5657270091391e-06,-5.0477138573824e-11,1.0522406058668e-10,11.313144789877,0.038585611827525,-3.3750779948605e-14,1
95.6,128,0,95.6,0.0021901317946143,4.5657270279551e-06,-5.0477138573824e-11,1.0522406058668e-10,11.311215509285,0.038585611827525,-3.3750779948605e-14,1
95.65,128,0,95.65,0.00219013178563,4.5657270467711e-06,-5.0477138573824e-11,1.0522406058668e-10,11.309286228694,0.038585611827525,-3.3750779948605e-14,1
95.7,128,0,95.7,0.0021901317766458,4.5657270655871e-06,-5.0477138573824e-11,1.0522406058668e-10,11.307356948102,0.038585611827525,-3.3750779948605e-14,1
95.75,128,0,95.75,0.0021901317676615,4.5657270844031e-06,-5.0477138573824e-11,1.0522406058668e-10,11.305427667511,0.038585611827525,-3.3750779948605e-14,1
95.8,128,0,95.8,0.0021901317586772,4.5657271032191e-06,-5.0477138573824e-11,1.0522406058668e-10,11.30349838692,0.038585611827525,-3.3750779948605e-14,1
95.85,128,0,95.85,0.002190131749693,4.5657271220351e-06,-5.0477138573824e-11,1.0522406058668e-10,11.301569106328,0.038585611827525,-3.3750779948605e-14,1
95.9,128,0,95.9,0.0021901317407087,4.5657271408511e-06,-5.0477138573824e-11,1.0522406058668e-10,11.299639825737,0.038585611827525,-3.3750779948605e-14,1
95.95,128,0,95.95,0.0021901317317245,4.5657271596672e-06,-5.0477138573824e-11,1.0522406058668e-10,11.297710545145,0.038585611827525,-3.3750779948605e-14,1
96,128,0,96,0.0021901317227402,4.5657271784832e-06,-5.0477138573824e-11,1.0522406058668e-10,11.295781264554,0.038585611827525,-3.3750779948605e-14,1
96.05,128,0,96.05,0.0021901312037146,4.5657282603522e-06,4.6419730673414e-11,-9.6765845848503e-11,11.293851983963,0.038585611827631,3.7747582837255e-15,1
96.1,128,0,96.1,0.002190130684689,4.5657293422212e-06,4.6419730673414e-11,-9.6765845848503e-11,11.291922703371,0.038585611827631,3.7747582837255e-15,1
96.15,128,0,96.15,0.0021901301656635,4.5657304240902e-06,4.6419730673414e-11,-9.6765845848503e-11,11.28999342278,0.038585611827631,3.7747582837255e-15,1
96.2,128,0,96.2,0.0021901296466379,4.5657315059593e-06,4.6419730673414e-11,-9.6765845848503e-11,11.288064142189,0.038585611827631,3.7747582837255e-15,1
96.25,128,0,96.25,0.0021901291276123,4.5657325878283e-06,4.6419730673414e-11,-9.6765845848503e-11,11.286134861597,0.038585611827631,3.7747582837255e-15,1
96.3,128,0,96.3,0.0021901286085867,4.5657336696973e-06,4.6419730673414e-11,-9.6765845848503e-11,11.284205581006,0.038585611827631,3.7747582837255e-15,1
96.35,128,0,96.35,0.0021901280895611,4.5657347515663e-06,4.6419730673414e-11,-9.6765845848503e-11,11.282276300414,0.038585611827631,3.7747582837255e-15,1
96.4,128,0,96.4,0.0021901275705356,4.5657358334354e-06,4.6419730673414e-11,-9.6765845848503e-11,11.280347019823,0.038585611827631,3.7747582837255e-15,1
96.45,128,0,96.45,0.00219012705151,4.5657369153044e-06,4.6419730673414e-11,-9.6765845848503e-11,11.278417739232,0.038585611827631,3.7747582837255e-15,1
96.5,128,0,96.5,0.0021901265324844,4.5657379971734e-06,4.6419730673414e-11,-9.6765845848503e-11,11.27648845864,0.038585611827631,3.7747582837255e-15,1
96.55,128,0,96.55,0.0021901260134588,4.5657390790424e-06,4.6419730673414e-11,-9.6765845848503e-11,11.274559178049,0.038585611827631,3.7747582837255e-15,1
96.6,128,0,96.6,0.0021901254944333,4.5657401609114e-06,4.6419730673414e-11,-9.6765845848503e-11,11.272629897458,0.038585611827631,3.7747582837255e-15,1
96.65,128,0,96.65,0.0021901249754077,4.5657412427805e-06,4.6419730673414e-11,-9.6765845848503e-11,11.270700616866,0.038585611827631,3.7747582837255e-15,1
96.7,128,0,96.7,0.0021901244563821,4.5657423246495e-06,4.6419730673414e-11,-9.6765845848503e-11,11.268771336275,0.038585611827631,3.7747582837255e-15,1
96.75,128,0,96.75,0.0021901239373565,4.5657434065185e-06,4.6419730673414e-11,-9.6765845848503e-11,11.266842055683,0.038585611827631,3.7747582837255e-15,1
96.8,128,0,96.8,0.002190123418331,4.5657444883875e-06,4.6419730673414e-11,-9.6765845848503e-11,11.264912775092,0.038585611827631,3.7747582837255e-15,1
96.85,128,0,96.85,0.0021901228993054,4.5657455702566e-06,4.6419730673414e-11,-9.6765845848503e-11,11.262983494501,0.038585611827631,3.7747582837255e-15,1
96.9,128,0,96.9,0.0021901223802798,4.5657466521256e-06,4.6419730673414e-11,-9.6765845848503e-11,11.261054213909,0.038585611827631,3.7747582837255e-15,1
96.95,128,0,96.95,0.0021901218612542,4.5657477339946e-06,4.6419730673414e-11,-9.6765845848503e-11,11.259124933318,0.038585611827631,3.7747582837255e-15,1
97,128,0,97,0.0021901213422286,4.5657488158636e-06,4.6419730673414e-11,-9.6765845848503e-11,11.257195652726,0.038585611827631,3.7747582837255e-15,1
97.05,128,0,97.05,0.0021901232063551,4.56574493006e-06,-4.0820890145335e-11,8.5094075764914e-11,11.255266372135,0.038585611827514,6.6613381477509e-16,1
97.1,128,0,97.1,0.0021901250704816,4.5657410442563e-06,-4.0820890145335e-11,8.5094075764914e-11,11.253337091544,0.038585611827514,6.6613381477509e-16,1
97.15,128,0,97.15,0.002190126934608,4.5657371584527e-06,-4.0820890145335e-11,8.5094075764914e-11,11.251407810952,0.038585611827514,6.6613381477509e-16,1
97.2,128,0,97.2,0.0021901287987345,4.5657332726491e-06,-4.0820890145335e-11,8.5094075764914e-11,11.249478530361,0.038585611827514,6.6613381477509e-16,1
97.25,128,0,97.25,0.0021901306628609,4.5657293868454e-06,-4.0820890145335e-11,8.5094075764914e-11,11.24754924977,0.038585611827514,6.6613381477509e-16,1
97.3,128,0,97.3,0.0021901325269874,4.5657255010418e-06,-4.0820890145335e-11,8.5094075764914e-11,11.245619969178,0.038585611827514,6.6613381477509e-16,1
97.35,128,0,97.35,0.0021901343911138,4.5657216152382e-06,-4.0820890145335e-11,8.5094075764914e-11,11.243690688587,0.038585611827514,6.6613381477509e-16,1
97.4,128,0,97.4,0.0021901362552403,4.5657177294345e-06,-4.0820890145335e-11,8.5094075764914e-11,11.241761407995,0.038585611827514,6.6613381477509e-16,1
97.45,128,0,97.45,0.0021901381193668,4.5657138436309e-06,-4.0820890145335e-11,8.5094075764914e-11,11.239832127404,0.038585611827514,6.6613381477509e-16,1
97.5,128,0,97.5,0.0021901399834932,4.5657099578273e-06,-4.0820890145335e-11,8.5094075764914e-11,11.237902846813,0.038585611827514,6.6613381477509e-16,1
97.55,128,0,97.55,0.0021901418476197,4.5657060720236e-06,-4.0820890145335e-11,8.5094075764914e-11,11.235973566221,0.038585611827514,6.6613381477509e-16,1
97.6,128,0,97.6,0.0021901437117461,4.56570218622e-06,-4.0820890145335e-11,8.5094075764914e-11,11.23404428563,0.038585611827514,6.6613381477509e-16,1
97.65,128,0,97.65,0.0021901455758726,4.5656983004163e-06,-4.0820890145335e-11,8.5094075764914e-11,11.232115005039,0.038585611827514,6.6613381477509e-16,1
97.7,128,0,97.7,0.002190147439999,4.5656944146127e-06,-4.0820890145335e-11,8.5094075764914e-11,11.230185724447,0.038585611827514,6.6613381477509e-16,1
97.75,128,0,97.75,0.0021901493041255,4.5656905288091e-06,-4.0820890145335e-11,8.5094075764914e-11,11.228256443856,0.038585611827514,6.6613381477509e-16,1
97.8,128,0,97.8,0.002190151168252,4.5656866430054e-06,-4.0820890145335e-11,8.5094075764914e-11,11.226327163264,0.038585611827514,6.6613381477509e-16,1
97.85,128,0,97.85,0.0021901530323784,4.5656827572018e-06,-4.0820890145335e-11,8.5094075764914e-11,11.224397882673,0.038585611827514,6.6613381477509e-16,1
97.9,128,0,97.9,0.0021901548965049,4.5656788713982e-06,-4.0820890145335e-11,8.5094075764914e-11,11.222468602082,0.038585611827514,6.6613381477509e-16,1
97.95,128,0,97.95,0.0021901567606313,4.5656749855945e-06,-4.0820890145335e-11,8.5094075764914e-11,11.22053932149,0.038585611827514,6.6613381477509e-16,1
98,128,0,98,0.0021901586247578,4.5656710997909e-06,-4.0820890145335e-11,8.5094075764914e-11,11.218610040899,0.038585611827514,6.6613381477509e-16,1
98.05,128,0,98.05,0.0021901572725283,4.5656739184978e-06,4.4644605132118e-11,-9.3065126878598e-11,11.216680760308,0.0385856118276,-2.1094237467878e-14,1
98.1,128,0,98.1,0.0021901559202987,4.5656767372048e-06,4.4644605132118e-11,-9.3065126878598e-11,11.214751479716,0.0385856118276,-2.1094237467878e-14,1
98.15,128,0,98.15,0.0021901545680692,4.5656795559117e-06,4.4644605132118e-11,-9.3065126878598e-11,11.212822199125,0.0385856118276,-2.1094237467878e-14,1
98.2,128,0,98.2,0.0021901532158397,4.5656823746186e-06,4.4644605132118e-11,-9.3065126878598e-11,11.210892918533,0.0385856118276,-2.1094237467878e-14,1
98.25,128,0,98.25,0.0021901518636101,4.5656851933256e-06,4.4644605132118e-11,-9.3065126878598e-11,11.208963637942,0.0385856118276,-2.1094237467878e-14,1
98.3,128,0,98.3,0.0021901505113806,4.5656880120325e-06,4.4644605132118e-11,-9.3065126878598e-11,11.207034357351,0.0385856118276,-2.1094237467878e-14,1
98.35,128,0,98.35,0.0021901491591511,4.5656908307394e-06,4.4644605132118e-11,-9.3065126878598e-11,11.205105076759,0.0385856118276,-2.1094237467878e-14,1
98.4,128,0,98.4,0.0021901478069216,4.5656936494464e-06,4.4644605132118e-11,-9.3065126878598e-11,11.203175796168,0.0385856118276,-2.1094237467878e-14,1
98.45,128,0,98.45,0.002190146454692,4.5656964681533e-06,4.4644605132118e-11,-9.3065126878598e-11,11.201246515577,0.0385856118276,-2.1094237467878e-14,1
98.5,128,0,98.5,0.0021901451024625,4.5656992868603e-06,4.4644605132118e-11,-9.3065126878598e-11,11.199317234985,0.0385856118276,-2.1094237467878e-14,1
98.55,128,0,98.55,0.002190143750233,4.5657021055672e-06,4.4644605132118e-11,-9.3065126878598e-11,11.197387954394,0.0385856118276,-2.1094237467878e-14,1
98.6,128,0,98.6,0.0021901423980035,4.5657049242741e-06,4.4644605132118e-11,-9.3065126878598e-11,11.195458673802,0.0385856118276,-2.1094237467878e-14,1
98.65,128,0,98.65,0.0021901410457739,4.5657077429811e-06,4.4644605132118e-11,-9.3065126878598e-11,11.193529393211,0.0385856118276,-2.1094237467878e-14,1
98.7,128,0,98.7,0.0021901396935444,4.565710561688e-06,4.4644605132118e-11,-9.3065126878598e-11,11.19160011262,0.0385856118276,-2.1094237467878e-14,1
98.75,128,0,98.75,0.0021901383413149,4.5657133803949e-06,4.4644605132118e-11,-9.3065126878598e-11,11.189670832028,0.0385856118276,-2.1094237467878e-14,1
98.8,128,0,98.8,0.0021901369890854,4.5657161991019e-06,4.4644605132118e-11,-9.3065126878598e-11,11.187741551437,0.0385856118276,-2.1094237467878e-14,1
98.85,128,0,98.85,0.0021901356368558,4.5657190178088e-06,4.4644605132118e-11,-9.3065126878598e-11,11.185812270846,0.0385856118276,-2.1094237467878e-14,1
98.9,128,0,98.9,0.0021901342846263,4.5657218365157e-06,4.4644605132118e-11,-9.3065126878598e-11,11.183882990254,0.0385856118276,-2.1094237467878e-14,1
98.95,128,0,98.95,0.0021901329323968,4.5657246552227e-06,4.4644605132118e-11,-9.3065126878598e-11,11.181953709663,0.0385856118276,-2.1094237467878e-14,1
99,128,0,99,0.0021901315801673,4.5657274739296e-06,4.4644605132118e-11,-9.3065126878598e-11,11.180024429071,0.0385856118276,-2.1094237467878e-14,1
99.05,128,0,99.05,0.0021901316580171,4.5657273117336e-06,-4.9504816711449e-11,1.0319717069817e-10,11.17809514848,0.03858561182752,-5.0848214527832e-14,1
99.1,128,0,99.1,0.002190131735867,4.5657271495377e-06,-4.9504816711449e-11,1.0319717069817e-10,11.176165867889,0.03858561182752,-5.0848214527832e-14,1
99.15,128,0,99.15,0.0021901318137169,4.5657269873417e-06,-4.9504816711449e-11,1.0319717069817e-10,11.174236587297,0.03858561182752,-5.0848214527832e-14,1
99.2,128,0,99.2,0.0021901318915667,4.5657268251457e-06,-4.9504816711449e-11,1.0319717069817e-10,11.172307306706,0.03858561182752,-5.0848214527832e-14,1
99.25,128,0,99.25,0.0021901319694166,4.5657266629498e-06,-4.9504816711449e-11,1.0319717069817e-10,11.170378026115,0.03858561182752,-5.0848214527832e-14,1
99.3,128,0,99.3,0.0021901320472665,4.5657265007538e-06,-4.9504816711449e-11,1.0319717069817e-10,11.168448745523,0.03858561182752,-5.0848214527832e-14,1
99.35,128,0,99.35,0.0021901321251163,4.5657263385578e-06,-4.9504816711449e-11,1.0319717069817e-10,11.166519464932,0.03858561182752,-5.0848214527832e-14,1
99.4,128,0,99.4,0.0021901322029662,4.5657261763619e-06,-4.9504816711449e-11,1.0319717069817e-10,11.16459018434,0.03858561182752,-5.0848214527832e-14,1
99.45,128,0,99.45,0.0021901322808161,4.5657260141659e-06,-4.9504816711449e-11,1.0319717069817e-10,11.162660903749,0.03858561182752,-5.0848214527832e-14,1
99.5,128,0,99.5,0.0021901323586659,4.5657258519699e-06,-4.9504816711449e-11,1.0319717069817e-10,11.160731623158,0.03858561182752,-5.0848214527832e-14,1
99.55,128,0,99.55,0.0021901324365158,4.5657256897739e-06,-4.9504816711449e-11,1.0319717069817e-10,11.158802342566,0.03858561182752,-5.0848214527832e-14,1
99.6,128,0,99.6,0.0021901325143657,4.565725527578e-06,-4.9504816711449e-11,1.0319717069817e-10,11.156873061975,0.03858561182752,-5.0848214527832e-14,1
99.65,128,0,99.65,0.0021901325922155,4.565725365382e-06,-4.9504816711449e-11,1.0319717069817e-10,11.154943781384,0.03858561182752,-5.0848214527832e-14,1
99.7,128,0,99.7,0.0021901326700654,4.565725203186e-06,-4.9504816711449e-11,1.0319717069817e-10,11.153014500792,0.03858561182752,-5.0848214527832e-14,1
99.75,128,0,99.75,0.0021901327479153,4.5657250409901e-06,-4.9504816711449e-11,1.0319717069817e-10,11.151085220201,0.03858561182752,-5.0848214527832e-14,1
99.8,128,0,99.8,0.0021901328257651,4.5657248787941e-06,-4.9504816711449e-11,1.0319717069817e-10,11.149155939609,0.03858561182752,-5.0848214527832e-14,1
99.85,128,0,99.85,0.002190132903615,4.5657247165981e-06,-4.9504816711449e-11,1.0319717069817e-10,11.147226659018,0.03858561182752,-5.0848214527832e-14,1
99.9,128,0,99.9,0.0021901329814649,4.5657245544022e-06,-4.9504816711449e-11,1.0319717069817e-10,11.145297378427,0.03858561182752,-5.0848214527832e-14,1
99.95,128,0,99.95,0.0021901330593147,4.5657243922062e-06,-4.9504816711449e-11,1.0319717069817e-10,11.143368097835,0.03858561182752,-5.0848214527832e-14,1
100,128,0,100,0.0021901331371646,4.5657242300102e-06,-4.9504816711449e-11,1.0319717069817e-10,11.141438817244,0.03858561182752,-5.0848214527832e-14,1
100.05,128,0,100.05,0.0021901325082091,4.5657255410347e-06,4.5875699961089e-11,-9.5631757414149e-11,11.139509536653,0.038585611827553,-4.7961634663807e-14,1
100.1,128,0,100.1,0.0021901318792536,4.5657268520592e-06,4.5875699961089e-11,-9.5631757414149e-11,11.137580256061,0.038585611827553,-4.7961634663807e-14,1
100.15,128,0,100.15,0.0021901312502981,4.5657281630836e-06,4.5875699961089e-11,-9.5631757414149e-11,11.13565097547,0.038585611827553,-4.7961634663807e-14,1
100.2,128,0,100.2,0.0021901306213426,4.5657294741081e-06,4.5875699961089e-11,-9.5631757414149e-11,11.133721694878,0.038585611827553,-4.7961634663807e-14,1
100.25,128,0,100.25,0.0021901299923871,4.5657307851326e-06,4.5875699961089e-11,-9.5631757414149e-11,11.131792414287,0.038585611827553,-4.7961634663807e-14,1
100.3,128,0,100.3,0.0021901293634316,4.565732096157e-06,4.5875699961089e-11,-9.5631757414149e-11,11.129863133696,0.038585611827553,-4.7961634663807e-14,1
100.35,128,0,100.35,0.0021901287344761,4.5657334071815e-06,4.5875699961089e-11,-9.5631757414149e-11,11.127933853104,0.038585611827553,-4.7961634663807e-14,1
100.4,128,0,100.4,0.0021901281055206,4.565734718206e-06,4.5875699961089e-11,-9.5631757414149e-11,11.126004572513,0.038585611827553,-4.7961634663807e-14,1
100.45,128,0,100.45,0.0021901274765651,4.5657360292305e-06,4.5875699961089e-11,-9.5631757414149e-11,11.124075291921,0.038585611827553,-4.7961634663807e-14,1
100.5,128,0,100.5,0.0021901268476096,4.5657373402549e-06,4.5875699961089e-11,-9.5631757414149e-11,11.12214601133,0.038585611827553,-4.7961634663807e-14,1
100.55,128,0,100.55,0.0021901262186541,4.5657386512794e-06,4.5875699961089e-11,-9.5631757414149e-11,11.120216730739,0.038585611827553,-4.7961634663807e-14,1
100.6,128,0,100.6,0.0021901255896986,4.5657399623039e-06,4.5875699961089e-11,-9.5631757414149e-11,11.118287450147,0.038585611827553,-4.7961634663807e-14,1
100.65,128,0,100.65,0.0021901249607431,4.5657412733283e-06,4.5875699961089e-11,-9.5631757414149e-11,11.116358169556,0.038585611827553,-4.7961634663807e-14,1
100.7,128,0,100.7,0.0021901243317876,4.5657425843528e-06,4.5875699961089e-11,-9.5631757414149e-11,11.114428888965,0.038585611827553,-4.7961634663807e-14,1
100.75,128,0,100.75,0.0021901237028321,4.5657438953773e-06,4.5875699961089e-11,-9.5631757414149e-11,11.112499608373,0.038585611827553,-4.7961634663807e-14,1
100.8,128,0,100.8,0.0021901230738766,4.5657452064018e-06,4.5875699961089e-11,-9.5631757414149e-11,11.110570327782,0.038585611827553,-4.7961634663807e-14,1
100.85,128,0,100.85,0.0021901224449211,4.5657465174262e-06,4.5875699961089e-11,-9.5631757414149e-11,11.10864104719,0.038585611827553,-4.7961634663807e-14,1
100.9,128,0,100.9,0.0021901218159656,4.5657478284507e-06,4.5875699961089e-11,-9.5631757414149e-11,11.106711766599,0.038585611827553,-4.7961634663807e-14,1
100.95,128,0,100.95,0.0021901211870101,4.5657491394752e-06,4.5875699961089e-11,-9.5631757414149e-11,11.104782486008,0.038585611827553,-4.7961634663807e-14,1
101,128,0,101,0.0021901205580546,4.5657504504996e-06,4.5875699961089e-11,-9.5631757414149e-11,11.102853205416,0.038585611827553,-4.7961634663807e-14,1
101.05,128,0,101.05,0.0021901224298549,4.5657465487094e-06,-4.1277098240941e-11,8.6044970019053e-11,11.100923924825,0.038585611827586,-2.8643754035305e-14,0.99999999999915
101.1,128,0,101.1,0.0021901243016552,4.5657426469192e-06,-4.1277098240941e-11,8.6044970019053e-11,11.098994644234,0.038585611827586,-2.8643754035305e-14,0.99999999999915
101.15,128,0,101.15,0.0021901261734556,4.565738745129e-06,-4.1277098240941e-11,8.6044970019053e-11,11.097065363642,0.038585611827586,-2.8643754035305e-14,0.99999999999915
101.2,128,0,101.2,0.0021901280452559,4.5657348433388e-06,-4.1277098240941e-11,8.6044970019053e-11,11.095136083051,0.038585611827586,-2.8643754035305e-14,0.99999999999915
101.25,128,0,101.25,0.0021901299170562,4.5657309415485e-06,-4.1277098240941e-11,8.6044970019053e-11,11.093206802459,0.038585611827586,-2.8643754035305e-14,0.99999999999915
101.3,128,0,101.3,0.0021901317888566,4.5657270397583e-06,-4.1277098240941e-11,8.6044970019053e-11,11.091277521868,0.038585611827586,-2.8643754035305e-14,0.99999999999915
101.35,128,0,101.35,0.0021901336606569,4.5657231379681e-06,-4.1277098240941e-11,8.6044970019053e-11,11.089348241277,0.038585611827586,-2.8643754035305e-14,0.99999999999915
101.4,128,0,101.4,0.0021901355324572,4.5657192361779e-06,-4.1277098240941e-11,8.6044970019053e-11,11.087418960685,0.038585611827586,-2.8643754035305e-14,0.99999999999915
101.45,128,0,101.45,0.0021901374042576,4.5657153343876e-06,-4.1277098240941e-11,8.6044970019053e-11,11.085489680094,0.038585611827586,-2.8643754035305e-14,0.99999999999915
101.5,128,0,101.5,0.0021901392760579,4.5657114325974e-06,-4.1277098240941e-11,8.6044970019053e-11,11.083560399503,0.038585611827586,-2.8643754035305e-14,0.99999999999915
101.55,128,0,101.55,0.0021901411478582,4.5657075308072e-06,-4.1277098240941e-11,8.6044970019053e-11,11.081631118911,0.038585611827586,-2.8643754035305e-14,0.99999999999915
101.6,128,0,101.6,0.0021901430196586,4.565703629017e-06,-4.1277098240941e-11,8.6044970019053e-11,11.07970183832,0.038585611827586,-2.8643754035305e-14,0.99999999999915
101.65,128,0,101.65,0.0021901448914589,4.5656997272268e-06,-4.1277098240941e-11,8.6044970019053e-11,11.077772557728,0.038585611827586,-2.8643754035305e-14,0.99999999999915
101.7,128,0,101.7,0.0021901467632592,4.5656958254365e-06,-4.1277098240941e-11,8.6044970019053e-11,11.075843277137,0.038585611827586,-2.8643754035305e-14,0.99999999999915
101.75,128,0,101.75,0.0021901486350596,4.5656919236463e-06,-4.1277098240941e-11,8.6044970019053e-11,11.073913996546,0.038585611827586,-2.8643754035305e-14,0.99999999999915
101.8,128,0,101.8,0.0021901505068599,4.5656880218561e-06,-4.1277098240941e-11,8.6044970019053e-11,11.071984715954,0.038585611827586,-2.8643754035305e-14,0.99999999999915
101.85,128,0,101.85,0.0021901523786602,4.5656841200659e-06,-4.1277098240941e-11,8.6044970019053e-11,11.070055435363,0.038585611827586,-2.8643754035305e-14,0.99999999999915
101.9,128,0,101.9,0.0021901542504606,4.5656802182756e-06,-4.1277098240941e-11,8.6044970019053e-11,11.068126154771,0.038585611827586,-2.8643754035305e-14,0.99999999999915
101.95,128,0,101.95,0.0021901561222609,4.5656763164854e-06,-4.1277098240941e-11,8.6044970019053e-11,11.06619687418,0.038585611827586,-2.8643754035305e-14,0.99999999999915
102,128,0,102,0.0021901579940612,4.5656724146952e-06,-4.1277098240941e-11,8.6044970019053e-11,11.064267593589,0.038585611827586,-2.8643754035305e-14,0.99999999999915
102.05,128,0,102.05,0.0021901566634207,4.5656751883532e-06,4.7939792357794e-11,-9.9933893539479e-11,11.062338312997,0.03858561182757,-4.8849813083322e-14,0.99999999999621
102.1,128,0,102.1,0.0021901553327801,4.5656779620112e-06,4.7939792357794e-11,-9.9933893539479e-11,11.060409032406,0.03858561182757,-4.8849813083322e-14,0.99999999999621
102.15,128,0,102.15,0.0021901540021395,4.5656807356692e-06,4.7939792357794e-11,-9.9933893539479e-11,11.058479751815,0.03858561182757,-4.8849813083322e-14,0.99999999999621
102.2,128,0,102.2,0.002190152671499,4.5656835093272e-06,4.7939792357794e-11,-9.9933893539479e-11,11.056550471223,0.03858561182757,-4.8849813083322e-14,0.99999999999621
102.25,128,0,102.25,0.0021901513408584,4.5656862829852e-06,4.7939792357794e-11,-9.9933893539479e-11,11.054621190632,0.03858561182757,-4.8849813083322e-14,0.99999999999621
102.3,128,0,102.3,0.0021901500102178,4.5656890566432e-06,4.7939792357794e-11,-9.9933893539479e-11,11.05269191004,0.03858561182757,-4.8849813083322e-14,0.99999999999621
102.35,128,0,102.35,0.0021901486795773,4.5656918303012e-06,4.7939792357794e-11,-9.9933893539479e-11,11.050762629449,0.03858561182757,-4.8849813083322e-14,0.99999999999621
102.4,128,0,102.4,0.0021901473489367,4.5656946039592e-06,4.7939792357794e-11,-9.9933893539479e-11,11.048833348858,0.03858561182757,-4.8849813083322e-14,0.99999999999621
102.45,128,0,102.45,0.0021901460182961,4.5656973776172e-06,4.7939792357794e-11,-9.9933893539479e-11,11.046904068266,0.03858561182757,-4.8849813083322e-14,0.99999999999621
102.5,128,0,102.5,0.0021901446876556,4.5657001512752e-06,4.7939792357794e-11,-9.9933893539479e-11,11.044974787675,0.03858561182757,-4.8849813083322e-14,0.99999999999621
102.55,128,0,102.55,0.002190143357015,4.5657029249332e-06,4.7939792357794e-11,-9.9933893539479e-11,11.043045507083,0.03858561182757,-4.8849813083322e-14,0.99999999999621
102.6,128,0,102.6,0.0021901420263744,4.5657056985912e-06,4.7939792357794e-11,-9.9933893539479e-11,11.041116226492,0.03858561182757,-4.8849813083322e-14,0.99999999999621
102.65,128,0,102.65,0.0021901406957339,4.5657084722492e-06,4.7939792357794e-11,-9.9933893539479e-11,11.039186945901,0.03858561182757,-4.8849813083322e-14,0.99999999999621
102.7,128,0,102.7,0.0021901393650933,4.5657112459072e-06,4.7939792357794e-11,-9.9933893539479e-11,11.037257665309,0.03858561182757,-4.8849813083322e-14,0.99999999999621
102.75,128,0,102.75,0.0021901380344527,4.5657140195652e-06,4.7939792357794e-11,-9.9933893539479e-11,11.035328384718,0.03858561182757,-4.8849813083322e-14,0.99999999999621
102.8,128,0,102.8,0.0021901367038122,4.5657167932232e-06,4.7939792357794e-11,-9.9933893539479e-11,11.033399104127,0.03858561182757,-4.8849813083322e-14,0.99999999999621
102.85,128,0,102.85,0.0021901353731716,4.5657195668812e-06,4.7939792357794e-11,-9.9933893539479e-11,11.031469823535,0.03858561182757,-4.8849813083322e-14,0.99999999999621
102.9,128,0,102.9,0.002190134042531,4.5657223405392e-06,4.7939792357794e-11,-9.9933893539479e-11,11.029540542944,0.03858561182757,-4.8849813083322e-14,0.99999999999621
102.95,128,0,102.95,0.0021901327118905,4.5657251141972e-06,4.7939792357794e-11,-9.9933893539479e-11,11.027611262352,0.03858561182757,-4.8849813083322e-14,0.99999999999621
103,128,0,103,0.0021901313812499,4.5657278878552e-06,4.7939792357794e-11,-9.9933893539479e-11,11.025681981761,0.03858561182757,-4.8849813083322e-14,0.99999999999621
103.05,128,0,103.05,0.002190131126052,4.5657284200884e-06,-4.8611318142886e-11,1.013326581109e-10,11.02375270117,0.038585611827561,-7.8603790142611e-14,0.99999999998919
103.1,128,0,103.1,0.0021901308708541,4.5657289523216e-06,-4.8611318142886e-11,1.013326581109e-10,11.021823420578,0.038585611827561,-7.8603790142611e-14,0.99999999998919
103.15,128,0,103.15,0.0021901306156562,4.5657294845548e-06,-4.8611318142886e-11,1.013326581109e-10,11.019894139987,0.038585611827561,-7.8603790142611e-14,0.99999999998919
103.2,128,0,103.2,0.0021901303604583,4.565730016788e-06,-4.8611318142886e-11,1.013326581109e-10,11.017964859395,0.038585611827561,-7.8603790142611e-14,0.99999999998919
103.25,128,0,103.25,0.0021901301052604,4.5657305490212e-06,-4.8611318142886e-11,1.013326581109e-10,11.016035578804,0.038585611827561,-7.8603790142611e-14,0.99999999998919
103.3,128,0,103.3,0.0021901298500625,4.5657310812544e-06,-4.8611318142886e-11,1.013326581109e-10,11.014106298213,0.038585611827561,-7.8603790142611e-14,0.99999999998919
103.35,128,0,103.35,0.0021901295948646,4.5657316134876e-06,-4.8611318142886e-11,1.013326581109e-10,11.012177017621,0.038585611827561,-7.8603790142611e-14,0.99999999998919
103.4,128,0,103.4,0.0021901293396668,4.5657321457208e-06,-4.8611318142886e-11,1.013326581109e-10,11.01024773703,0.038585611827561,-7.8603790142611e-14,0.99999999998919
103.45,128,0,103.45,0.0021901290844689,4.565732677954e-06,-4.8611318142886e-11,1.013326581109e-10,11.008318456438,0.038585611827561,-7.8603790142611e-14,0.99999999998919
103.5,128,0,103.5,0.002190128829271,4.5657332101873e-06,-4.8611318142886e-11,1.013326581109e-10,11.006389175847,0.038585611827561,-7.8603790142611e-14,0.99999999998919
103.55,128,0,103.55,0.0021901285740731,4.5657337424205e-06,-4.8611318142886e-11,1.013326581109e-10,11.004459895256,0.038585611827561,-7.8603790142611e-14,0.99999999998919
103.6,128,0,103.6,0.0021901283188752,4.5657342746537e-06,-4.8611318142886e-11,1.013326581109e-10,11.002530614664,0.038585611827561,-7.8603790142611e-14,0.99999999998919
103.65,128,0,103.65,0.0021901280636773,4.5657348068869e-06,-4.8611318142886e-11,1.013326581109e-10,11.000601334073,0.038585611827561,-7.8603790142611e-14,0.99999999998919
103.7,128,0,103.7,0.0021901278084794,4.5657353391201e-06,-4.8611318142886e-11,1.013326581109e-10,10.998672053481,0.038585611827561,-7.8603790142611e-14,0.99999999998919
103.75,128,0,103.75,0.0021901275532815,4.5657358713533e-06,-4.8611318142886e-11,1.013326581109e-10,10.99674277289,0.038585611827561,-7.8603790142611e-14,0.99999999998919
103.8,128,0,103.8,0.0021901272980836,4.5657364035865e-06,-4.8611318142886e-11,1.013326581109e-10,10.994813492299,0.038585611827561,-7.8603790142611e-14,0.99999999998919
103.85,128,0,103.85,0.0021901270428857,4.5657369358197e-06,-4.8611318142886e-11,1.013326581109e-10,10.992884211707,0.038585611827561,-7.8603790142611e-14,0.99999999998919
103.9,128,0,103.9,0.0021901267876878,4.5657374680529e-06,-4.8611318142886e-11,1.013326581109e-10,10.990954931116,0.038585611827561,-7.8603790142611e-14,0.99999999998919
103.95,128,0,103.95,0.0021901265324899,4.5657380002861e-06,-4.8611318142886e-11,1.013326581109e-10,10.989025650524,0.038585611827561,-7.8603790142611e-14,0.99999999998919
104,128,0,104,0.0021901262772921,4.5657385325194e-06,-4.8611318142886e-11,1.013326581109e-10,10.987096369933,0.038585611827561,-7.8603790142611e-14,0.99999999998919
104.05,128,0,104.05,0.0021901253537115,4.5657404571451e-06,5.6594026141523e-11,-1.1796729728142e-10,10.985167089342,0.038585611827534,-3.4527936064779e-14,0.9999999999692
104.1,128,0,104.1,0.002190124430131,4.5657423817708e-06,5.6594026141523e-11,-1.1796729728142e-10,10.98323780875,0.038585611827534,-3.4527936064779e-14,0.9999999999692
104.15,128,0,104.15,0.0021901235065504,4.5657443063965e-06,5.6594026141523e-11,-1.1796729728142e-10,10.981308528159,0.038585611827534,-3.4527936064779e-14,0.9999999999692
104.2,128,0,104.2,0.0021901225829699,4.5657462310223e-06,5.6594026141523e-11,-1.1796729728142e-10,10.979379247567,0.038585611827534,-3.4527936064779e-14,0.9999999999692
104.25,128,0,104.25,0.0021901216593893,4.565748155648e-06,5.6594026141523e-11,-1.1796729728142e-10,10.977449966976,0.038585611827534,-3.4527936064779e-14,0.9999999999692
104.3,128,0,104.3,0.0021901207358088,4.5657500802737e-06,5.6594026141523e-11,-1.1796729728142e-10,10.975520686384,0.038585611827534,-3.4527936064779e-14,0.9999999999692
104.35,128,0,104.35,0.0021901198122283,4.5657520048994e-06,5.6594026141523e-11,-1.1796729728142e-10,10.973591405793,0.038585611827534,-3.4527936064779e-14,0.9999999999692
104.4,128,0,104.4,0.0021901188886477,4.5657539295251e-06,5.6594026141523e-11,-1.1796729728142e-10,10.971662125202,0.038585611827534,-3.4527936064779e-14,0.9999999999692
104.45,128,0,104.45,0.0021901179650672,4.5657558541509e-06,5.6594026141523e-11,-1.1796729728142e-10,10.96973284461,0.038585611827534,-3.4527936064779e-14,0.9999999999692
104.5,128,0,104.5,0.0021901170414866,4.5657577787766e-06,5.6594026141523e-11,-1.1796729728142e-10,10.967803564019,0.038585611827534,-3.4527936064779e-14,0.9999999999692
104.55,128,0,104.55,0.0021901161179061,4.5657597034023e-06,5.6594026141523e-11,-1.1796729728142e-10,10.965874283427,0.038585611827534,-3.4527936064779e-14,0.9999999999692
104.6,128,0,104.6,0.0021901151943255,4.565761628028e-06,5.6594026141523e-11,-1.1796729728142e-10,10.963945002836,0.038585611827534,-3.4527936064779e-14,0.9999999999692
104.65,128,0,104.65,0.002190114270745,4.5657635526538e-06,5.6594026141523e-11,-1.1796729728142e-10,10.962015722244,0.038585611827534,-3.4527936064779e-14,0.9999999999692
104.7,128,0,104.7,0.0021901133471644,4.5657654772795e-06,5.6594026141523e-11,-1.1796729728142e-10,10.960086441653,0.038585611827534,-3.4527936064779e-14,0.9999999999692
104.75,128,0,104.75,0.0021901124235839,4.5657674019052e-06,5.6594026141523e-11,-1.1796729728142e-10,10.958157161061,0.038585611827534,-3.4527936064779e-14,0.9999999999692
104.8,128,0,104.8,0.0021901115000034,4.5657693265309e-06,5.6594026141523e-11,-1.1796729728142e-10,10.95622788047,0.038585611827534,-3.4527936064779e-14,0.9999999999692
104.85,128,0,104.85,0.0021901105764228,4.5657712511567e-06,5.6594026141523e-11,-1.1796729728142e-10,10.954298599879,0.038585611827534,-3.4527936064779e-14,0.9999999999692
104.9,128,0,104.9,0.0021901096528423,4.5657731757824e-06,5.6594026141523e-11,-1.1796729728142e-10,10.952369319287,0.038585611827534,-3.4527936064779e-14,0.9999999999692
104.95,128,0,104.95,0.0021901087292617,4.5657751004081e-06,5.6594026141523e-11,-1.1796729728142e-10,10.950440038696,0.038585611827534,-3.4527936064779e-14,0.9999999999692
105,128,0,105,0.0021901078056812,4.5657770250338e-06,5.6594026141523e-11,-1.1796729728142e-10,10.948510758104,0.038585611827534,-3.4527936064779e-14,0.9999999999692
105.05,128,0,105.05,0.0021901082023124,4.5657762005434e-06,-1.4845521126804e-11,3.0912270516072e-11,10.946581477513,0.038585611827545,9.9920072207498e-15,0.99999999991226
105.1,128,0,105.1,0.0021901085989436,4.565775376053e-06,-1.4845521126804e-11,3.0912270516072e-11,10.944652196921,0.038585611827545,9.9920072207498e-15,0.99999999991226
105.15,128,0,105.15,0.0021901089955748,4.5657745515626e-06,-1.4845521126804e-11,3.0912270516072e-11,10.94272291633,0.038585611827545,9.9920072207498e-15,0.99999999991226
105.2,128,0,105.2,0.002190109392206,4.5657737270722e-06,-1.4845521126804e-11,3.0912270516072e-11,10.940793635738,0.038585611827545,9.9920072207498e-15,0.99999999991226
105.25,128,0,105.25,0.0021901097888372,4.5657729025818e-06,-1.4845521126804e-11,3.0912270516072e-11,10.938864355147,0.038585611827545,9.9920072207498e-15,0.99999999991226
105.3,128,0,105.3,0.0021901101854684,4.5657720780914e-06,-1.4845521126804e-11,3.0912270516072e-11,10.936935074555,0.038585611827545,9.9920072207498e-15,0.99999999991226
105.35,128,0,105.35,0.0021901105820996,4.565771253601e-06,-1.4845521126804e-11,3.0912270516072e-11,10.935005793963,0.038585611827545,9.9920072207498e-15,0.99999999991226
105.4,128,0,105.4,0.0021901109787308,4.5657704291106e-06,-1.4845521126804e-11,3.0912270516072e-11,10.933076513372,0.038585611827545,9.9920072207498e-15,0.99999999991226
105.45,128,0,105.45,0.002190111375362,4.5657696046202e-06,-1.4845521126804e-11,3.0912270516072e-11,10.93114723278,0.038585611827545,9.9920072207498e-15,0.99999999991226
105.5,128,0,105.5,0.0021901117719932,4.5657687801298e-06,-1.4845521126804e-11,3.0912270516072e-11,10.929217952189,0.038585611827545,9.9920072207498e-15,0.99999999991226
105.55,128,0,105.55,0.0021901121686244,4.5657679556394e-06,-1.4845521126804e-11,3.0912270516072e-11,10.927288671597,0.038585611827545,9.9920072207498e-15,0.99999999991226
105.6,128,0,105.6,0.0021901125652556,4.565767131149e-06,-1.4845521126804e-11,3.0912270516072e-11,10.925359391006,0.038585611827545,9.9920072207498e-15,0.99999999991226
105.65,128,0,105.65,0.0021901129618868,4.5657663066586e-06,-1.4845521126804e-11,3.0912270516072e-11,10.923430110414,0.038585611827545,9.9920072207498e-15,0.99999999991226
105.7,128,0,105.7,0.002190113358518,4.5657654821682e-06,-1.4845521126804e-11,3.0912270516072e-11,10.921500829823,0.038585611827545,9.9920072207498e-15,0.99999999991226
105.75,128,0,105.75,0.0021901137551492,4.5657646576778e-06,-1.4845521126804e-11,3.0912270516072e-11,10.919571549231,0.038585611827545,9.9920072207498e-15,0.99999999991226
105.8,128,0,105.8,0.0021901141517804,4.5657638331874e-06,-1.4845521126804e-11,3.0912270516072e-11,10.91764226864,0.038585611827545,9.9920072207498e-15,0.99999999991226
105.85,128,0,105.85,0.0021901145484116,4.565763008697e-06,-1.4845521126804e-11,3.0912270516072e-11,10.915712988048,0.038585611827545,9.9920072207498e-15,0.99999999991226
105.9,128,0,105.9,0.0021901149450428,4.5657621842066e-06,-1.4845521126804e-11,3.0912270516072e-11,10.913783707456,0.038585611827545,9.9920072207498e-15,0.99999999991226
105.95,128,0,105.95,0.002190115341674,4.5657613597162e-06,-1.4845521126804e-11,3.0912270516072e-11,10.911854426865,0.038585611827545,9.9920072207498e-15,0.99999999991226
106,128,0,106,0.0021901157383052,4.5657605352258e-06,-1.4845521126804e-11,3.0912270516072e-11,10.909925146273,0.038585611827545,9.9920072207498e-15,0.99999999991226
106.05,128,0,106.05,0.0021901107817442,4.5657708595594e-06,1.2226704344912e-10,-2.5476258740161e-10,10.907995865681,0.038585611827575,1.7763568389562e-15,0.99999999975004
106.1,128,0,106.1,0.0021901058251831,4.565781183893e-06,1.2226704344912e-10,-2.5476258740161e-10,10.90606658509,0.038585611827575,1.7763568389562e-15,0.99999999975004
106.15,128,0,106.15,0.002190100868622,4.5657915082265e-06,1.2226704344912e-10,-2.5476258740161e-10,10.904137304498,0.038585611827575,1.7763568389562e-15,0.99999999975004
106.2,128,0,106.2,0.0021900959120609,4.5658018325601e-06,1.2226704344912e-10,-2.5476258740161e-10,10.902208023906,0.038585611827575,1.7763568389562e-15,0.99999999975004
106.25,128,0,106.25,0.0021900909554999,4.5658121568936e-06,1.2226704344912e-10,-2.5476258740161e-10,10.900278743314,0.038585611827575,1.7763568389562e-15,0.99999999975004
106.3,128,0,106.3,0.0021900859989388,4.5658224812272e-06,1.2226704344912e-10,-2.5476258740161e-10,10.898349462722,0.038585611827575,1.7763568389562e-15,0.99999999975004
106.35,128,0,106.35,0.0021900810423777,4.5658328055608e-06,1.2226704344912e-10,-2.5476258740161e-10,10.89642018213,0.038585611827575,1.7763568389562e-15,0.99999999975004
106.4,128,0,106.4,0.0021900760858166,4.5658431298943e-06,1.2226704344912e-10,-2.5476258740161e-10,10.894490901538,0.038585611827575,1.7763568389562e-15,0.99999999975004
106.45,128,0,106.45,0.0021900711292556,4.5658534542279e-06,1.2226704344912e-10,-2.5476258740161e-10,10.892561620947,0.038585611827575,1.7763568389562e-15,0.99999999975004
106.5,128,0,106.5,0.0021900661726945,4.5658637785615e-06,1.2226704344912e-10,-2.5476258740161e-10,10.890632340355,0.038585611827575,1.7763568389562e-15,0.99999999975004
106.55,128,0,106.55,0.0021900612161334,4.565874102895e-06,1.2226704344912e-10,-2.5476258740161e-10,10.888703059763,0.038585611827575,1.7763568389562e-15,0.99999999975004
106.6,128,0,106.6,0.0021900562595724,4.5658844272286e-06,1.2226704344912e-10,-2.5476258740161e-10,10.886773779171,0.038585611827575,1.7763568389562e-15,0.99999999975004
106.65,128,0,106.65,0.0021900513030113,4.5658947515622e-06,1.2226704344912e-10,-2.5476258740161e-10,10.884844498579,0.038585611827575,1.7763568389562e-15,0.99999999975004
106.7,128,0,106.7,0.0021900463464502,4.5659050758957e-06,1.2226704344912e-10,-2.5476258740161e-10,10.882915217987,0.038585611827575,1.7763568389562e-15,0.99999999975004
106.75,128,0,106.75,0.0021900413898891,4.5659154002293e-06,1.2226704344912e-10,-2.5476258740161e-10,10.880985937395,0.038585611827575,1.7763568389562e-15,0.99999999975004
106.8,128,0,106.8,0.0021900364333281,4.5659257245629e-06,1.2226704344912e-10,-2.5476258740161e-10,10.879056656804,0.038585611827575,1.7763568389562e-15,0.99999999975004
106.85,128,0,106.85,0.002190031476767,4.5659360488964e-06,1.2226704344912e-10,-2.5476258740161e-10,10.877127376212,0.038585611827575,1.7763568389562e-15,0.99999999975004
106.9,128,0,106.9,0.0021900265202059,4.56594637323e-06,1.2226704344912e-10,-2.5476258740161e-10,10.87519809562,0.038585611827575,1.7763568389562e-15,0.99999999975004
106.95,128,0,106.95,0.0021900215636448,4.5659566975635e-06,1.2226704344912e-10,-2.5476258740161e-10,10.873268815028,0.038585611827575,1.7763568389562e-15,0.99999999975004
107,128,0,107,0.0021900166070838,4.5659670218971e-06,1.2226704344912e-10,-2.5476258740161e-10,10.871339534436,0.038585611827575,1.7763568389562e-15,0.99999999975004
107.05,128,0,107.05,0.0021900053875443,4.5659904456866e-06,1.677802437872e-10,-3.5031609227684e-10,10.869410253843,0.038585611827577,2.797762020063e-14,0.99999999928788
107.1,128,0,107.1,0.0021899941680048,4.5660138694761e-06,1.677802437872e-10,-3.5031609227684e-10,10.867480973251,0.038585611827577,2.797762020063e-14,0.99999999928788
107.15,128,0,107.15,0.0021899829484653,4.5660372932655e-06,1.677802437872e-10,-3.5031609227684e-10,10.865551692658,0.038585611827577,2.797762020063e-14,0.99999999928788
107.2,128,0,107.2,0.0021899717289258,4.566060717055e-06,1.677802437872e-10,-3.5031609227684e-10,10.863622412065,0.038585611827577,2.797762020063e-14,0.99999999928788
107.25,128,0,107.25,0.0021899605093863,4.5660841408445e-06,1.677802437872e-10,-3.5031609227684e-10,10.861693131472,0.038585611827577,2.797762020063e-14,0.99999999928788
107.3,128,0,107.3,0.0021899492898468,4.566107564634e-06,1.677802437872e-10,-3.5031609227684e-10,10.85976385088,0.038585611827577,2.797762020063e-14,0.99999999928788
107.35,128,0,107.35,0.0021899380703073,4.5661309884234e-06,1.677802437872e-10,-3.5031609227684e-10,10.857834570287,0.038585611827577,2.797762020063e-14,0.99999999928788
107.4,128,0,107.4,0.0021899268507678,4.5661544122129e-06,1.677802437872e-10,-3.5031609227684e-10,10.855905289694,0.038585611827577,2.797762020063e-14,0.99999999928788
107.45,128,0,107.45,0.0021899156312283,4.5661778360024e-06,1.677802437872e-10,-3.5031609227684e-10,10.853976009101,0.038585611827577,2.797762020063e-14,0.99999999928788
107.5,128,0,107.5,0.0021899044116888,4.5662012597919e-06,1.677802437872e-10,-3.5031609227684e-10,10.852046728509,0.038585611827577,2.797762020063e-14,0.99999999928788
107.55,128,0,107.55,0.0021898931921493,4.5662246835813e-06,1.677802437872e-10,-3.5031609227684e-10,10.850117447916,0.038585611827577,2.797762020063e-14,0.99999999928788
107.6,128,0,107.6,0.0021898819726098,4.5662481073708e-06,1.677802437872e-10,-3.5031609227684e-10,10.848188167323,0.038585611827577,2.797762020063e-14,0.99999999928788
107.65,128,0,107.65,0.0021898707530703,4.5662715311603e-06,1.677802437872e-10,-3.5031609227684e-10,10.84625888673,0.038585611827577,2.797762020063e-14,0.99999999928788
107.7,128,0,107.7,0.0021898595335308,4.5662949549498e-06,1.677802437872e-10,-3.5031609227684e-10,10.844329606138,0.038585611827577,2.797762020063e-14,0.99999999928788
107.75,128,0,107.75,0.0021898483139913,4.5663183787392e-06,1.677802437872e-10,-3.5031609227684e-10,10.842400325545,0.038585611827577,2.797762020063e-14,0.99999999928788
107.8,128,0,107.8,0.0021898370944518,4.5663418025287e-06,1.677802437872e-10,-3.5031609227684e-10,10.840471044952,0.038585611827577,2.797762020063e-14,0.99999999928788
107.85,128,0,107.85,0.0021898258749123,4.5663652263182e-06,1.677802437872e-10,-3.5031609227684e-10,10.838541764359,0.038585611827577,2.797762020063e-14,0.99999999928788
107.9,128,0,107.9,0.0021898146553728,4.5663886501077e-06,1.677802437872e-10,-3.5031609227684e-10,10.836612483767,0.038585611827577,2.797762020063e-14,0.99999999928788
107.95,128,0,107.95,0.0021898034358333,4.5664120738971e-06,1.677802437872e-10,-3.5031609227684e-10,10.834683203174,0.038585611827577,2.797762020063e-14,0.99999999928788
108,128,0,108,0.0021897922162938,4.5664354976866e-06,1.677802437872e-10,-3.5031609227684e-10,10.832753922581,0.038585611827577,2.797762020063e-14,0.99999999928788
108.05,128,0,108.05,0.0021897611701818,4.5665001309372e-06,6.6567051749074e-10,-1.3864569236515e-09,10.830824641986,0.038585611827539,3.4194869089079e-14,0.99999999797117
108.1,128,0,108.1,0.0021897301240697,4.5665647641877e-06,6.6567051749074e-10,-1.3864569236515e-09,10.82889536139,0.038585611827539,3.4194869089079e-14,0.99999999797117
108.15,128,0,108.15,0.0021896990779577,4.5666293974383e-06,6.6567051749074e-10,-1.3864569236515e-09,10.826966080795,0.038585611827539,3.4194869089079e-14,0.99999999797117
108.2,128,0,108.2,0.0021896680318456,4.5666940306888e-06,6.6567051749074e-10,-1.3864569236515e-09,10.8250368002,0.038585611827539,3.4194869089079e-14,0.99999999797117
108.25,128,0,108.25,0.0021896369857336,4.5667586639393e-06,6.6567051749074e-10,-1.3864569236515e-09,10.823107519605,0.038585611827539,3.4194869089079e-14,0.99999999797117
108.3,128,0,108.3,0.0021896059396215,4.5668232971899e-06,6.6567051749074e-10,-1.3864569236515e-09,10.821178239009,0.038585611827539,3.4194869089079e-14,0.99999999797117
108.35,128,0,108.35,0.0021895748935095,4.5668879304404e-06,6.6567051749074e-10,-1.3864569236515e-09,10.819248958414,0.038585611827539,3.4194869089079e-14,0.99999999797117
108.4,128,0,108.4,0.0021895438473975,4.566952563691e-06,6.6567051749074e-10,-1.3864569236515e-09,10.817319677819,0.038585611827539,3.4194869089079e-14,0.99999999797117
108.45,128,0,108.45,0.0021895128012854,4.5670171969415e-06,6.6567051749074e-10,-1.3864569236515e-09,10.815390397223,0.038585611827539,3.4194869089079e-14,0.99999999797117
108.5,128,0,108.5,0.0021894817551734,4.5670818301921e-06,6.6567051749074e-10,-1.3864569236515e-09,10.813461116628,0.038585611827539,3.4194869089079e-14,0.99999999797117
108.55,128,0,108.55,0.0021894507090613,4.5671464634426e-06,6.6567051749074e-10,-1.3864569236515e-09,10.811531836033,0.038585611827539,3.4194869089079e-14,0.99999999797117
108.6,128,0,108.6,0.0021894196629493,4.5672110966931e-06,6.6567051749074e-10,-1.3864569236515e-09,10.809602555438,0.038585611827539,3.4194869089079e-14,0.99999999797117
108.65,128,0,108.65,0.0021893886168372,4.5672757299437e-06,6.6567051749074e-10,-1.3864569236515e-09,10.807673274842,0.038585611827539,3.4194869089079e-14,0.99999999797117
108.7,128,0,108.7,0.0021893575707252,4.5673403631942e-06,6.6567051749074e-10,-1.3864569236515e-09,10.805743994247,0.038585611827539,3.4194869089079e-14,0.99999999797117
108.75,128,0,108.75,0.0021893265246131,4.5674049964448e-06,6.6567051749074e-10,-1.3864569236515e-09,10.803814713652,0.038585611827539,3.4194869089079e-14,0.99999999797117
108.8,128,0,108.8,0.0021892954785011,4.5674696296953e-06,6.6567051749074e-10,-1.3864569236515e-09,10.801885433056,0.038585611827539,3.4194869089079e-14,0.99999999797117
108.85,128,0,108.85,0.002189264432389,4.5675342629459e-06,6.6567051749074e-10,-1.3864569236515e-09,10.799956152461,0.038585611827539,3.4194869089079e-14,0.99999999797117
108.9,128,0,108.9,0.002189233386277,4.5675988961964e-06,6.6567051749074e-10,-1.3864569236515e-09,10.798026871866,0.038585611827539,3.4194869089079e-14,0.99999999797117
108.95,128,0,108.95,0.0021892023401649,4.567663529447e-06,6.6567051749074e-10,-1.3864569236515e-09,10.796097591271,0.038585611827539,3.4194869089079e-14,0.99999999797117
109,128,0,109,0.0021891712940529,4.5677281626975e-06,6.6567051749074e-10,-1.3864569236515e-09,10.794168310675,0.038585611827539,3.4194869089079e-14,0.99999999797117
109.05,128,0,109.05,0.0021890834497428,4.567911979889e-06,1.7328618651873e-09,-3.6245885572331e-09,10.792239030073,0.038585611827555,3.3972824357162e-14,0.99999999421986
109.1,128,0,109.1,0.0021889956054327,4.5680957970806e-06,1.7328618651873e-09,-3.6245885572331e-09,10.79030974947,0.038585611827555,3.3972824357162e-14,0.99999999421986
109.15,128,0,109.15,0.0021889077611227,4.5682796142721e-06,1.7328618651873e-09,-3.6245885572331e-09,10.788380468868,0.038585611827555,3.3972824357162e-14,0.99999999421986
109.2,128,0,109.2,0.0021888199168126,4.5684634314637e-06,1.7328618651873e-09,-3.6245885572331e-09,10.786451188265,0.038585611827555,3.3972824357162e-14,0.99999999421986
109.25,128,0,109.25,0.0021887320725025,4.5686472486552e-06,1.7328618651873e-09,-3.6245885572331e-09,10.784521907663,0.038585611827555,3.3972824357162e-14,0.99999999421986
109.3,128,0,109.3,0.0021886442281924,4.5688310658468e-06,1.7328618651873e-09,-3.6245885572331e-09,10.78259262706,0.038585611827555,3.3972824357162e-14,0.99999999421986
109.35,128,0,109.35,0.0021885563838823,4.5690148830383e-06,1.7328618651873e-09,-3.6245885572331e-09,10.780663346458,0.038585611827555,3.3972824357162e-14,0.99999999421986
109.4,128,0,109.4,0.0021884685395722,4.5691987002299e-06,1.7328618651873e-09,-3.6245885572331e-09,10.778734065855,0.038585611827555,3.3972824357162e-14,0.99999999421986
109.45,128,0,109.45,0.0021883806952622,4.5693825174214e-06,1.7328618651873e-09,-3.6245885572331e-09,10.776804785252,0.038585611827555,3.3972824357162e-14,0.99999999421986
109.5,128,0,109.5,0.0021882928509521,4.569566334613e-06,1.7328618651873e-09,-3.6245885572331e-09,10.77487550465,0.038585611827555,3.3972824357162e-14,0.99999999421986
109.55,128,0,109.55,0.002188205006642,4.5697501518045e-06,1.7328618651873e-09,-3.6245885572331e-09,10.772946224047,0.038585611827555,3.3972824357162e-14,0.99999999421986
109.6,128,0,109.6,0.0021881171623319,4.5699339689961e-06,1.7328618651873e-09,-3.6245885572331e-09,10.771016943445,0.038585611827555,3.3972824357162e-14,0.99999999421986
109.65,128,0,109.65,0.0021880293180218,4.5701177861876e-06,1.7328618651873e-09,-3.6245885572331e-09,10.769087662842,0.038585611827555,3.3972824357162e-14,0.99999999421986
109.7,128,0,109.7,0.0021879414737117,4.5703016033792e-06,1.7328618651873e-09,-3.6245885572331e-09,10.76715838224,0.038585611827555,3.3972824357162e-14,0.99999999421986
109.75,128,0,109.75,0.0021878536294017,4.5704854205707e-06,1.7328618651873e-09,-3.6245885572331e-09,10.765229101637,0.038585611827555,3.3972824357162e-14,0.99999999421986
109.8,128,0,109.8,0.0021877657850916,4.5706692377623e-06,1.7328618651873e-09,-3.6245885572331e-09,10.763299821035,0.038585611827555,3.3972824357162e-14,0.99999999421986
109.85,128,0,109.85,0.0021876779407815,4.5708530549538e-06,1.7328618651873e-09,-3.6245885572331e-09,10.761370540432,0.038585611827555,3.3972824357162e-14,0.99999999421986
109.9,128,0,109.9,0.0021875900964714,4.5710368721454e-06,1.7328618651873e-09,-3.6245885572331e-09,10.75944125983,0.038585611827555,3.3972824357162e-14,0.99999999421986
109.95,128,0,109.95,0.0021875022521613,4.5712206893369e-06,1.7328618651873e-09,-3.6245885572331e-09,10.757511979227,0.038585611827555,3.3972824357162e-14,0.99999999421986
110,128,0,110,0.0021874144078512,4.5714045065285e-06,1.7328618651873e-09,-3.6245885572331e-09,10.755582698625,0.038585611827555,3.3972824357162e-14,0.99999999421986
110.05,128,0,110.05,0.0021871652672115,4.5719243163233e-06,5.0494164625077e-09,-1.0541857767049e-08,10.753653418001,0.038585611827569,2.8199664361098e-14,0.99999998353239
110.1,128,0,110.1,0.0021869161265717,4.5724441261181e-06,5.0494164625077e-09,-1.0541857767049e-08,10.751724137378,0.038585611827569,2.8199664361098e-14,0.99999998353239
110.15,128,0,110.15,0.0021866669859319,4.5729639359129e-06,5.0494164625077e-09,-1.0541857767049e-08,10.749794856755,0.038585611827569,2.8199664361098e-14,0.99999998353239
110.2,128,0,110.2,0.0021864178452921,4.5734837457078e-06,5.0494164625077e-09,-1.0541857767049e-08,10.747865576132,0.038585611827569,2.8199664361098e-14,0.99999998353239
110.25,128,0,110.25,0.0021861687046524,4.5740035555026e-06,5.0494164625077e-09,-1.0541857767049e-08,10.745936295509,0.038585611827569,2.8199664361098e-14,0.99999998353239
110.3,128,0,110.3,0.0021859195640126,4.5745233652974e-06,5.0494164625077e-09,-1.0541857767049e-08,10.744007014886,0.038585611827569,2.8199664361098e-14,0.99999998353239
110.35,128,0,110.35,0.0021856704233728,4.5750431750922e-06,5.0494164625077e-09,-1.0541857767049e-08,10.742077734263,0.038585611827569,2.8199664361098e-14,0.99999998353239
110.4,128,0,110.4,0.002185421282733,4.5755629848871e-06,5.0494164625077e-09,-1.0541857767049e-08,10.740148453639,0.038585611827569,2.8199664361098e-14,0.99999998353239
110.45,128,0,110.45,0.0021851721420933,4.5760827946819e-06,5.0494164625077e-09,-1.0541857767049e-08,10.738219173016,0.038585611827569,2.8199664361098e-14,0.99999998353239
110.5,128,0,110.5,0.0021849230014535,4.5766026044767e-06,5.0494164625077e-09,-1.0541857767049e-08,10.736289892393,0.038585611827569,2.8199664361098e-14,0.99999998353239
110.55,128,0,110.55,0.0021846738608137,4.5771224142715e-06,5.0494164625077e-09,-1.0541857767049e-08,10.73436061177,0.038585611827569,2.8199664361098e-14,0.99999998353239
110.6,128,0,110.6,0.0021844247201739,4.5776422240663e-06,5.0494164625077e-09,-1.0541857767049e-08,10.732431331147,0.038585611827569,2.8199664361098e-14,0.99999998353239
110.65,128,0,110.65,0.0021841755795342,4.5781620338612e-06,5.0494164625077e-09,-1.0541857767049e-08,10.730502050524,0.038585611827569,2.8199664361098e-14,0.99999998353239
110.7,128,0,110.7,0.0021839264388944,4.578681843656e-06,5.0494164625077e-09,-1.0541857767049e-08,10.728572769901,0.038585611827569,2.8199664361098e-14,0.99999998353239
110.75,128,0,110.75,0.0021836772982546,4.5792016534508e-06,5.0494164625077e-09,-1.0541857767049e-08,10.726643489277,0.038585611827569,2.8199664361098e-14,0.99999998353239
110.8,128,0,110.8,0.0021834281576149,4.5797214632456e-06,5.0494164625077e-09,-1.0541857767049e-08,10.724714208654,0.038585611827569,2.8199664361098e-14,0.99999998353239
110.85,128,0,110.85,0.0021831790169751,4.5802412730405e-06,5.0494164625077e-09,-1.0541857767049e-08,10.722784928031,0.038585611827569,2.8199664361098e-14,0.99999998353239
110.9,128,0,110.9,0.0021829298763353,4.5807610828353e-06,5.0494164625077e-09,-1.0541857767049e-08,10.720855647408,0.038585611827569,2.8199664361098e-14,0.99999998353239
110.95,128,0,110.95,0.0021826807356955,4.5812808926301e-06,5.0494164625077e-09,-1.0541857767049e-08,10.718926366785,0.038585611827569,2.8199664361098e-14,0.99999998353239
111,128,0,111,0.0021824315950558,4.5818007024249e-06,5.0494164625077e-09,-1.0541857767049e-08,10.716997086162,0.038585611827569,2.8199664361098e-14,0.99999998353239
111.05,128,0,111.05,0.0021817151742622,4.5833174524118e-06,1.415574187578e-08,-2.9950331308948e-08,10.71506780548,0.038585611827564,3.7747581066282e-15,0.99999995308379
111.1,128,0,111.1,0.0021809987534686,4.5848342023988e-06,1.415574187578e-08,-2.9950331308948e-08,10.713138524798,0.038585611827564,3.7747581066282e-15,0.99999995308379
111.15,128,0,111.15,0.002180282332675,4.5863509523857e-06,1.415574187578e-08,-2.9950331308948e-08,10.711209244116,0.038585611827564,3.7747581066282e-15,0.99999995308379
111.2,128,0,111.2,0.0021795659118814,4.5878677023726e-06,1.415574187578e-08,-2.9950331308948e-08,10.709279963434,0.038585611827564,3.7747581066282e-15,0.99999995308379
111.25,128,0,111.25,0.0021788494910878,4.5893844523595e-06,1.415574187578e-08,-2.9950331308948e-08,10.707350682752,0.038585611827564,3.7747581066282e-15,0.99999995308379
111.3,128,0,111.3,0.0021781330702943,4.5909012023464e-06,1.415574187578e-08,-2.9950331308948e-08,10.70542140207,0.038585611827564,3.7747581066282e-15,0.99999995308379
111.35,128,0,111.35,0.0021774166495007,4.5924179523334e-06,1.415574187578e-08,-2.9950331308948e-08,10.703492121388,0.038585611827564,3.7747581066282e-15,0.99999995308379
111.4,128,0,111.4,0.0021767002287071,4.5939347023203e-06,1.415574187578e-08,-2.9950331308948e-08,10.701562840707,0.038585611827564,3.7747581066282e-15,0.99999995308379
111.45,128,0,111.45,0.0021759838079135,4.5954514523072e-06,1.415574187578e-08,-2.9950331308948e-08,10.699633560025,0.038585611827564,3.7747581066282e-15,0.99999995308379
111.5,128,0,111.5,0.0021752673871199,4.5969682022941e-06,1.415574187578e-08,-2.9950331308948e-08,10.697704279343,0.038585611827564,3.7747581066282e-15,0.99999995308379
111.55,128,0,111.55,0.0021745509663263,4.598484952281e-06,1.415574187578e-08,-2.9950331308948e-08,10.695774998661,0.038585611827564,3.7747581066282e-15,0.99999995308379
111.6,128,0,111.6,0.0021738345455328,4.600001702268e-06,1.415574187578e-08,-2.9950331308948e-08,10.693845717979,0.038585611827564,3.7747581066282e-15,0.99999995308379
111.65,128,0,111.65,0.0021731181247392,4.6015184522549e-06,1.415574187578e-08,-2.9950331308948e-08,10.691916437297,0.038585611827564,3.7747581066282e-15,0.99999995308379
111.7,128,0,111.7,0.0021724017039456,4.6030352022418e-06,1.415574187578e-08,-2.9950331308948e-08,10.689987156615,0.038585611827564,3.7747581066282e-15,0.99999995308379
111.75,128,0,111.75,0.002171685283152,4.6045519522287e-06,1.415574187578e-08,-2.9950331308948e-08,10.688057875933,0.038585611827564,3.7747581066282e-15,0.99999995308379
111.8,128,0,111.8,0.0021709688623584,4.6060687022156e-06,1.415574187578e-08,-2.9950331308948e-08,10.686128595251,0.038585611827564,3.7747581066282e-15,0.99999995308379
111.85,128,0,111.85,0.0021702524415648,4.6075854522026e-06,1.415574187578e-08,-2.9950331308948e-08,10.684199314569,0.038585611827564,3.7747581066282e-15,0.99999995308379
111.9,128,0,111.9,0.0021695360207713,4.6091022021895e-06,1.415574187578e-08,-2.9950331308948e-08,10.682270033888,0.038585611827564,3.7747581066282e-15,0.99999995308379
111.95,128,0,111.95,0.0021688195999777,4.6106189521764e-06,1.415574187578e-08,-2.9950331308948e-08,10.680340753206,0.038585611827564,3.7747581066282e-15,0.99999995308379
112,128,0,112,0.0021681031791841,4.6121357021633e-06,1.415574187578e-08,-2.9950331308948e-08,10.678411472524,0.038585611827564,3.7747581066282e-15,0.99999995308379
112.05,128,0,112.05,0.0021661288886281,4.6163651975453e-06,3.9833574439843e-08,-8.5407304942105e-08,10.676482191675,0.038585611827556,-1.465494196621e-14,0.99999986633575
112.1,128,0,112.1,0.0021641545980721,4.6205946929272e-06,3.9833574439843e-08,-8.5407304942105e-08,10.674552910825,0.038585611827556,-1.465494196621e-14,0.99999986633575
112.15,128,0,112.15,0.0021621803075161,4.6248241883091e-06,3.9833574439843e-08,-8.5407304942105e-08,10.672623629976,0.038585611827556,-1.465494196621e-14,0.99999986633575
112.2,128,0,112.2,0.00216020601696,4.6290536836911e-06,3.9833574439843e-08,-8.5407304942105e-08,10.670694349127,0.038585611827556,-1.465494196621e-14,0.99999986633575
112.25,128,0,112.25,0.002158231726404,4.633283179073e-06,3.9833574439843e-08,-8.5407304942105e-08,10.668765068278,0.038585611827556,-1.465494196621e-14,0.99999986633575
112.3,128,0,112.3,0.002156257435848,4.6375126744549e-06,3.9833574439843e-08,-8.5407304942105e-08,10.666835787428,0.038585611827556,-1.465494196621e-14,0.99999986633575
112.35,128,0,112.35,0.002154283145292,4.6417421698369e-06,3.9833574439843e-08,-8.5407304942105e-08,10.664906506579,0.038585611827556,-1.465494196621e-14,0.99999986633575
112.4,128,0,112.4,0.002152308854736,4.6459716652188e-06,3.9833574439843e-08,-8.5407304942105e-08,10.66297722573,0.038585611827556,-1.465494196621e-14,0.99999986633575
112.45,128,0,112.45,0.00215033456418,4.6502011606008e-06,3.9833574439843e-08,-8.5407304942105e-08,10.661047944881,0.038585611827556,-1.465494196621e-14,0.99999986633575
112.5,128,0,112.5,0.002148360273624,4.6544306559827e-06,3.9833574439843e-08,-8.5407304942105e-08,10.659118664031,0.038585611827556,-1.465494196621e-14,0.99999986633575
112.55,128,0,112.55,0.002146385983068,4.6586601513646e-06,3.9833574439843e-08,-8.5407304942105e-08,10.657189383182,0.038585611827556,-1.465494196621e-14,0.99999986633575
112.6,128,0,112.6,0.002144411692512,4.6628896467466e-06,3.9833574439843e-08,-8.5407304942105e-08,10.655260102333,0.038585611827556,-1.465494196621e-14,0.99999986633575
112.65,128,0,112.65,0.0021424374019559,4.6671191421285e-06,3.9833574439843e-08,-8.5407304942105e-08,10.653330821484,0.038585611827556,-1.465494196621e-14,0.99999986633575
112.7,128,0,112.7,0.0021404631113999,4.6713486375104e-06,3.9833574439843e-08,-8.5407304942105e-08,10.651401540634,0.038585611827556,-1.465494196621e-14,0.99999986633575
112.75,128,0,112.75,0.0021384888208439,4.6755781328924e-06,3.9833574439843e-08,-8.5407304942105e-08,10.649472259785,0.038585611827556,-1.465494196621e-14,0.99999986633575
112.8,128,0,112.8,0.0021365145302879,4.6798076282743e-06,3.9833574439843e-08,-8.5407304942105e-08,10.647542978936,0.038585611827556,-1.465494196621e-14,0.99999986633575
112.85,128,0,112.85,0.0021345402397319,4.6840371236563e-06,3.9833574439843e-08,-8.5407304942105e-08,10.645613698087,0.038585611827556,-1.465494196621e-14,0.99999986633575
112.9,128,0,112.9,0.0021325659491759,4.6882666190382e-06,3.9833574439843e-08,-8.5407304942105e-08,10.643684417237,0.038585611827556,-1.465494196621e-14,0.99999986633575
112.95,128,0,112.95,0.0021305916586199,4.6924961144201e-06,3.9833574439843e-08,-8.5407304942105e-08,10.641755136388,0.038585611827556,-1.465494196621e-14,0.99999986633575
113,128,0,113,0.0021286173680639,4.6967256098021e-06,3.9833574439843e-08,-8.5407304942105e-08,10.639825855539,0.038585611827556,-1.465494196621e-14,0.99999986633575
113.05,128,0,113.05,0.0021232474524924,4.7090796644219e-06,1.0670805754583e-07,-2.4531439601953e-07,10.637896574213,0.038585611827566,-2.8088631826601e-14,0.99999961919073
113.1,128,0,113.1,0.002117877536921,4.7214337190417e-06,1.0670805754583e-07,-2.4531439601953e-07,10.635967292887,0.038585611827566,-2.8088631826601e-14,0.99999961919073
113.15,128,0,113.15,0.0021125076213495,4.7337877736615e-06,1.0670805754583e-07,-2.4531439601953e-07,10.634038011561,0.038585611827566,-2.8088631826601e-14,0.99999961919073
113.2,128,0,113.2,0.002107137705778,4.7461418282813e-06,1.0670805754583e-07,-2.4531439601953e-07,10.632108730234,0.038585611827566,-2.8088631826601e-14,0.99999961919073
113.25,128,0,113.25,0.0021017677902066,4.7584958829011e-06,1.0670805754583e-07,-2.4531439601953e-07,10.630179448908,0.038585611827566,-2.8088631826601e-14,0.99999961919073
113.3,128,0,113.3,0.0020963978746351,4.7708499375209e-06,1.0670805754583e-07,-2.4531439601953e-07,10.628250167582,0.038585611827566,-2.8088631826601e-14,0.99999961919073
113.35,128,0,113.35,0.0020910279590637,4.7832039921407e-06,1.0670805754583e-07,-2.4531439601953e-07,10.626320886256,0.038585611827566,-2.8088631826601e-14,0.99999961919073
113.4,128,0,113.4,0.0020856580434922,4.7955580467605e-06,1.0670805754583e-07,-2.4531439601953e-07,10.62439160493,0.038585611827566,-2.8088631826601e-14,0.99999961919073
113.45,128,0,113.45,0.0020802881279208,4.8079121013803e-06,1.0670805754583e-07,-2.4531439601953e-07,10.622462323604,0.038585611827566,-2.8088631826601e-14,0.99999961919073
113.5,128,0,113.5,0.0020749182123493,4.8202661560001e-06,1.0670805754583e-07,-2.4531439601953e-07,10.620533042278,0.038585611827566,-2.8088631826601e-14,0.99999961919073
113.55,128,0,113.55,0.0020695482967778,4.8326202106199e-06,1.0670805754583e-07,-2.4531439601953e-07,10.618603760952,0.038585611827566,-2.8088631826601e-14,0.99999961919073
113.6,128,0,113.6,0.0020641783812064,4.8449742652397e-06,1.0670805754583e-07,-2.4531439601953e-07,10.616674479626,0.038585611827566,-2.8088631826601e-14,0.99999961919073
113.65,128,0,113.65,0.0020588084656349,4.8573283198595e-06,1.0670805754583e-07,-2.4531439601953e-07,10.6147451983,0.038585611827566,-2.8088631826601e-14,0.99999961919073
113.7,128,0,113.7,0.0020534385500635,4.8696823744793e-06,1.0670805754583e-07,-2.4531439601953e-07,10.612815916974,0.038585611827566,-2.8088631826601e-14,0.99999961919073
113.75,128,0,113.75,0.002048068634492,4.8820364290991e-06,1.0670805754583e-07,-2.4531439601953e-07,10.610886635648,0.038585611827566,-2.8088631826601e-14,0.99999961919073
113.8,128,0,113.8,0.0020426987189206,4.8943904837189e-06,1.0670805754583e-07,-2.4531439601953e-07,10.608957354322,0.038585611827566,-2.8088631826601e-14,0.99999961919073
113.85,128,0,113.85,0.0020373288033491,4.9067445383387e-06,1.0670805754583e-07,-2.4531439601953e-07,10.607028072996,0.038585611827566,-2.8088631826601e-14,0.99999961919073
113.9,128,0,113.9,0.0020319588877776,4.9190985929585e-06,1.0670805754583e-07,-2.4531439601953e-07,10.60509879167,0.038585611827566,-2.8088631826601e-14,0.99999961919073
113.95,128,0,113.95,0.0020265889722062,4.9314526475783e-06,1.0670805754583e-07,-2.4531439601953e-07,10.603169510343,0.038585611827566,-2.8088631826601e-14,0.99999961919073
114,128,0,114,0.0020212190566347,4.9438067021981e-06,1.0670805754583e-07,-2.4531439601953e-07,10.601240229017,0.038585611827566,-2.8088631826601e-14,0.99999961919073
114.05,128,0,114.05,0.0020081991228993,4.9784697026331e-06,2.612987072547e-07,-6.9599751427599e-07,10.599310946333,0.038585611827563,-4.1300251708354e-14,0.99999891507553
114.1,128,0,114.1,0.0019951791891638,5.013132703068e-06,2.612987072547e-07,-6.9599751427599e-07,10.597381663648,0.038585611827563,-4.1300251708354e-14,0.99999891507553
114.15,128,0,114.15,0.0019821592554284,5.047795703503e-06,2.612987072547e-07,-6.9599751427599e-07,10.595452380964,0.038585611827563,-4.1300251708354e-14,0.99999891507553
114.2,128,0,114.2,0.001969139321693,5.082458703938e-06,2.612987072547e-07,-6.9599751427599e-07,10.593523098279,0.038585611827563,-4.1300251708354e-14,0.99999891507553
114.25,128,0,114.25,0.0019561193879575,5.117121704373e-06,2.612987072547e-07,-6.9599751427599e-07,10.591593815595,0.038585611827563,-4.1300251708354e-14,0.99999891507553
114.3,128,0,114.3,0.0019430994542221,5.151784704808e-06,2.612987072547e-07,-6.9599751427599e-07,10.58966453291,0.038585611827563,-4.1300251708354e-14,0.99999891507553
114.35,128,0,114.35,0.0019300795204866,5.186447705243e-06,2.612987072547e-07,-6.9599751427599e-07,10.587735250226,0.038585611827563,-4.1300251708354e-14,0.99999891507553
114.4,128,0,114.4,0.0019170595867512,5.2211107056779e-06,2.612987072547e-07,-6.9599751427599e-07,10.585805967541,0.038585611827563,-4.1300251708354e-14,0.99999891507553
114.45,128,0,114.45,0.0019040396530157,5.2557737061129e-06,2.612987072547e-07,-6.9599751427599e-07,10.583876684857,0.038585611827563,-4.1300251708354e-14,0.99999891507553
114.5,128,0,114.5,0.0018910197192803,5.2904367065479e-06,2.612987072547e-07,-6.9599751427599e-07,10.581947402172,0.038585611827563,-4.1300251708354e-14,0.99999891507553
114.55,128,0,114.55,0.0018779997855448,5.3250997069829e-06,2.612987072547e-07,-6.9599751427599e-07,10.580018119488,0.038585611827563,-4.1300251708354e-14,0.99999891507553
114.6,128,0,114.6,0.0018649798518094,5.3597627074179e-06,2.612987072547e-07,-6.9599751427599e-07,10.578088836803,0.038585611827563,-4.1300251708354e-14,0.99999891507553
114.65,128,0,114.65,0.001851959918074,5.3944257078529e-06,2.612987072547e-07,-6.9599751427599e-07,10.576159554119,0.038585611827563,-4.1300251708354e-14,0.99999891507553
114.7,128,0,114.7,0.0018389399843385,5.4290887082878e-06,2.612987072547e-07,-6.9599751427599e-07,10.574230271434,0.038585611827563,-4.1300251708354e-14,0.99999891507553
114.75,128,0,114.75,0.0018259200506031,5.4637517087228e-06,2.612987072547e-07,-6.9599751427599e-07,10.57230098875,0.038585611827563,-4.1300251708354e-14,0.99999891507553
114.8,128,0,114.8,0.0018129001168676,5.4984147091578e-06,2.612987072547e-07,-6.9599751427599e-07,10.570371706065,0.038585611827563,-4.1300251708354e-14,0.99999891507553
114.85,128,0,114.85,0.0017998801831322,5.5330777095928e-06,2.612987072547e-07,-6.9599751427599e-07,10.568442423381,0.038585611827563,-4.1300251708354e-14,0.99999891507553
114.9,128,0,114.9,0.0017868602493967,5.5677407100278e-06,2.612987072547e-07,-6.9599751427599e-07,10.566513140696,0.038585611827563,-4.1300251708354e-14,0.99999891507553
114.95,128,0,114.95,0.0017738403156613,5.6024037104628e-06,2.612987072547e-07,-6.9599751427599e-07,10.564583858012,0.038585611827563,-4.1300251708354e-14,0.99999891507553
115,128,0,115,0.0017608203819259,5.6370667108977e-06,2.612987072547e-07,-6.9599751427599e-07,10.562654575327,0.038585611827563,-4.1300251708354e-14,0.99999891507553
115.05,128,0,115.05,0.0017367171718126,5.7358246423459e-06,4.8142395344125e-07,-1.9725579486808e-06,10.560725288773,0.038585611827565,-4.2410388452253e-14,0.99999690905866
115.1,128,0,115.1,0.0017126139616993,5.8345825737941e-06,4.8142395344125e-07,-1.9725579486808e-06,10.558796002218,0.038585611827565,-4.2410388452253e-14,0.99999690905866
115.15,128,0,115.15,0.0016885107515861,5.9333405052422e-06,4.8142395344125e-07,-1.9725579486808e-06,10.556866715663,0.038585611827565,-4.2410388452253e-14,0.99999690905866
115.2,128,0,115.2,0.0016644075414728,6.0320984366904e-06,4.8142395344125e-07,-1.9725579486808e-06,10.554937429109,0.038585611827565,-4.2410388452253e-14,0.99999690905866
115.25,128,0,115.25,0.0016403043313595,6.1308563681386e-06,4.8142395344125e-07,-1.9725579486808e-06,10.553008142554,0.038585611827565,-4.2410388452253e-14,0.99999690905866
115.3,128,0,115.3,0.0016162011212462,6.2296142995867e-06,4.8142395344125e-07,-1.9725579486808e-06,10.551078855999,0.038585611827565,-4.2410388452253e-14,0.99999690905866
115.35,128,0,115.35,0.001592097911133,6.3283722310349e-06,4.8142395344125e-07,-1.9725579486808e-06,10.549149569445,0.038585611827565,-4.2410388452253e-14,0.99999690905866
115.4,128,0,115.4,0.0015679947010197,6.4271301624831e-06,4.8142395344125e-07,-1.9725579486808e-06,10.54722028289,0.038585611827565,-4.2410388452253e-14,0.99999690905866
115.45,128,0,115.45,0.0015438914909064,6.5258880939312e-06,4.8142395344125e-07,-1.9725579486808e-06,10.545290996335,0.038585611827565,-4.2410388452253e-14,0.99999690905866
115.5,128,0,115.5,0.0015197882807932,6.6246460253794e-06,4.8142395344125e-07,-1.9725579486808e-06,10.54336170978,0.038585611827565,-4.2410388452253e-14,0.99999690905866
115.55,128,0,115.55,0.0014956850706799,6.7234039568276e-06,4.8142395344125e-07,-1.9725579486808e-06,10.541432423226,0.038585611827565,-4.2410388452253e-14,0.99999690905866
115.6,128,0,115.6,0.0014715818605666,6.8221618882757e-06,4.8142395344125e-07,-1.9725579486808e-06,10.539503136671,0.038585611827565,-4.2410388452253e-14,0.99999690905866
115.65,128,0,115.65,0.0014474786504534,6.9209198197239e-06,4.8142395344125e-07,-1.9725579486808e-06,10.537573850116,0.038585611827565,-4.2410388452253e-14,0.99999690905866
115.7,128,0,115.7,0.0014233754403401,7.019677751172e-06,4.8142395344125e-07,-1.9725579486808e-06,10.535644563562,0.038585611827565,-4.2410388452253e-14,0.99999690905866
115.75,128,0,115.75,0.0013992722302268,7.1184356826202e-06,4.8142395344125e-07,-1.9725579486808e-06,10.533715277007,0.038585611827565,-4.2410388452253e-14,0.99999690905866
115.8,128,0,115.8,0.0013751690201136,7.2171936140684e-06,4.8142395344125e-07,-1.9725579486808e-06,10.531785990452,0.038585611827565,-4.2410388452253e-14,0.99999690905866
115.85,128,0,115.85,0.0013510658100003,7.3159515455165e-06,4.8142395344125e-07,-1.9725579486808e-06,10.529856703898,0.038585611827565,-4.2410388452253e-14,0.99999690905866
115.9,128,0,115.9,0.001326962599887,7.4147094769647e-06,4.8142395344125e-07,-1.9725579486808e-06,10.527927417343,0.038585611827565,-4.2410388452253e-14,0.99999690905866
115.95,128,0,115.95,0.0013028593897738,7.5134674084129e-06,4.8142395344125e-07,-1.9725579486808e-06,10.525998130788,0.038585611827565,-4.2410388452253e-14,0.99999690905866
116,128,0,116,0.0012787561796605,7.612225339861e-06,4.8142395344125e-07,-1.9725579486808e-06,10.524068844234,0.038585611827565,-4.2410388452253e-14,0.99999690905866
116.05,128,0,116.05,0.001254819450229,7.8319005436932e-06,4.7898138581803e-07,-4.3952274789744e-06,10.522139546653,0.038585611827537,-4.6628956414862e-15,0.9999911939745
116.1,128,0,116.1,0.0012308827207976,8.0515757475252e-06,4.7898138581803e-07,-4.3952274789744e-06,10.520210249072,0.038585611827537,-4.6628956414862e-15,0.9999911939745
116.15,128,0,116.15,0.0012069459913661,8.2712509513573e-06,4.7898138581803e-07,-4.3952274789744e-06,10.518280951491,0.038585611827537,-4.6628956414862e-15,0.9999911939745
116.2,128,0,116.2,0.0011830092619347,8.4909261551894e-06,4.7898138581803e-07,-4.3952274789744e-06,10.51635165391,0.038585611827537,-4.6628956414862e-15,0.9999911939745
116.25,128,0,116.25,0.0011590725325033,8.7106013590215e-06,4.7898138581803e-07,-4.3952274789744e-06,10.514422356329,0.038585611827537,-4.6628956414862e-15,0.9999911939745
116.3,128,0,116.3,0.0011351358030718,8.9302765628536e-06,4.7898138581803e-07,-4.3952274789744e-06,10.512493058749,0.038585611827537,-4.6628956414862e-15,0.9999911939745
116.35,128,0,116.35,0.0011111990736403,9.1499517666857e-06,4.7898138581803e-07,-4.3952274789744e-06,10.510563761168,0.038585611827537,-4.6628956414862e-15,0.9999911939745
116.4,128,0,116.4,0.0010872623442089,9.3696269705178e-06,4.7898138581803e-07,-4.3952274789744e-06,10.508634463587,0.038585611827537,-4.6628956414862e-15,0.9999911939745
116.45,128,0,116.45,0.0010633256147775,9.5893021743498e-06,4.7898138581803e-07,-4.3952274789744e-06,10.506705166006,0.038585611827537,-4.6628956414862e-15,0.9999911939745
116.5,128,0,116.5,0.001039388885346,9.8089773781819e-06,4.7898138581803e-07,-4.3952274789744e-06,10.504775868425,0.038585611827537,-4.6628956414862e-15,0.9999911939745
116.55,128,0,116.55,0.0010154521559145,1.0028652582014e-05,4.7898138581803e-07,-4.3952274789744e-06,10.502846570845,0.038585611827537,-4.6628956414862e-15,0.9999911939745
116.6,128,0,116.6,0.0009915154264831,1.0248327785846e-05,4.7898138581803e-07,-4.3952274789744e-06,10.500917273264,0.038585611827537,-4.6628956414862e-15,0.9999911939745
116.65,128,0,116.65,0.00096757869705165,1.0468002989678e-05,4.7898138581803e-07,-4.3952274789744e-06,10.498987975683,0.038585611827537,-4.6628956414862e-15,0.9999911939745
116.7,128,0,116.7,0.0009436419676202,1.068767819351e-05,4.7898138581803e-07,-4.3952274789744e-06,10.497058678102,0.038585611827537,-4.6628956414862e-15,0.9999911939745
116.75,128,0,116.75,0.00091970523818875,1.0907353397342e-05,4.7898138581803e-07,-4.3952274789744e-06,10.495129380521,0.038585611827537,-4.6628956414862e-15,0.9999911939745
116.8,128,0,116.8,0.0008957685087573,1.1127028601174e-05,4.7898138581803e-07,-4.3952274789744e-06,10.49320008294,0.038585611827537,-4.6628956414862e-15,0.9999911939745
116.85,128,0,116.85,0.00087183177932585,1.1346703805007e-05,4.7898138581803e-07,-4.3952274789744e-06,10.49127078536,0.038585611827537,-4.6628956414862e-15,0.9999911939745
116.9,128,0,116.9,0.0008478950498944,1.1566379008839e-05,4.7898138581803e-07,-4.3952274789744e-06,10.489341487779,0.038585611827537,-4.6628956414862e-15,0.9999911939745
116.95,128,0,116.95,0.00082395832046295,1.1786054212671e-05,4.7898138581803e-07,-4.3952274789744e-06,10.487412190198,0.038585611827537,-4.6628956414862e-15,0.9999911939745
117,128,0,117,0.0008000215910315,1.2005729416503e-05,4.7898138581803e-07,-4.3952274789744e-06,10.485482892617,0.038585611827537,-4.6628956414862e-15,0.9999911939745
117.05,128,0,117.05,0.00078448809090326,1.2386698335803e-05,3.1059611002321e-07,-7.6184399949908e-06,10.483553563623,0.038585611827566,1.9539435018996e-14,0.99997491216568
117.1,128,0,117.1,0.00076895459077502,1.2767667255104e-05,3.1059611002321e-07,-7.6184399949908e-06,10.481624234629,0.038585611827566,1.9539435018996e-14,0.99997491216568
117.15,128,0,117.15,0.00075342109064679,1.3148636174404e-05,3.1059611002321e-07,-7.6184399949908e-06,10.479694905635,0.038585611827566,1.9539435018996e-14,0.99997491216568
117.2,128,0,117.2,0.00073788759051855,1.3529605093705e-05,3.1059611002321e-07,-7.6184399949908e-06,10.477765576641,0.038585611827566,1.9539435018996e-14,0.99997491216568
117.25,128,0,117.25,0.00072235409039031,1.3910574013005e-05,3.1059611002321e-07,-7.6184399949908e-06,10.475836247647,0.038585611827566,1.9539435018996e-14,0.99997491216568
117.3,128,0,117.3,0.00070682059026207,1.4291542932306e-05,3.1059611002321e-07,-7.6184399949908e-06,10.473906918653,0.038585611827566,1.9539435018996e-14,0.99997491216568
117.35,128,0,117.35,0.00069128709013383,1.4672511851607e-05,3.1059611002321e-07,-7.6184399949908e-06,10.471977589659,0.038585611827566,1.9539435018996e-14,0.99997491216568
117.4,128,0,117.4,0.00067575359000559,1.5053480770907e-05,3.1059611002321e-07,-7.6184399949908e-06,10.470048260665,0.038585611827566,1.9539435018996e-14,0.99997491216568
117.45,128,0,117.45,0.00066022008987736,1.5434449690208e-05,3.1059611002321e-07,-7.6184399949908e-06,10.468118931671,0.038585611827566,1.9539435018996e-14,0.99997491216568
117.5,128,0,117.5,0.00064468658974912,1.5815418609508e-05,3.1059611002321e-07,-7.6184399949908e-06,10.466189602676,0.038585611827566,1.9539435018996e-14,0.99997491216568
117.55,128,0,117.55,0.00062915308962088,1.6196387528809e-05,3.1059611002321e-07,-7.6184399949908e-06,10.464260273682,0.038585611827566,1.9539435018996e-14,0.99997491216568
117.6,128,0,117.6,0.00061361958949264,1.6577356448109e-05,3.1059611002321e-07,-7.6184399949908e-06,10.462330944688,0.038585611827566,1.9539435018996e-14,0.99997491216568
117.65,128,0,117.65,0.0005980860893644,1.695832536741e-05,3.1059611002321e-07,-7.6184399949908e-06,10.460401615694,0.038585611827566,1.9539435018996e-14,0.99997491216568
117.7,128,0,117.7,0.00058255258923616,1.733929428671e-05,3.1059611002321e-07,-7.6184399949908e-06,10.4584722867,0.038585611827566,1.9539435018996e-14,0.99997491216568
117.75,128,0,117.75,0.00056701908910792,1.7720263206011e-05,3.1059611002321e-07,-7.6184399949908e-06,10.456542957706,0.038585611827566,1.9539435018996e-14,0.99997491216568
117.8,128,0,117.8,0.00055148558897968,1.8101232125312e-05,3.1059611002321e-07,-7.6184399949908e-06,10.454613628712,0.038585611827566,1.9539435018996e-14,0.99997491216568
117.85,128,0,117.85,0.00053595208885144,1.8482201044612e-05,3.1059611002321e-07,-7.6184399949908e-06,10.452684299718,0.038585611827566,1.9539435018996e-14,0.99997491216568
117.9,128,0,117.9,0.00052041858872321,1.8863169963913e-05,3.1059611002321e-07,-7.6184399949908e-06,10.450754970724,0.038585611827566,1.9539435018996e-14,0.99997491216568
117.95,128,0,117.95,0.00050488508859497,1.9244138883213e-05,3.1059611002321e-07,-7.6184399949908e-06,10.44882564173,0.038585611827566,1.9539435018996e-14,0.99997491216568
118,128,0,118,0.00048935158846673,1.9625107802514e-05,3.1059611002321e-07,-7.6184399949908e-06,10.446896312736,0.038585611827566,1.9539435018996e-14,0.99997491216568
118.05,128,0,118.05,0.00047999353311821,2.0238333173213e-05,1.8717766024614e-07,-1.2264885361063e-05,10.444966894247,0.038585611827562,-1.2433609170573e-14,0.99992852906181
118.1,128,0,118.1,0.0004706354777697,2.0851558543913e-05,1.8717766024614e-07,-1.2264885361063e-05,10.443037475758,0.038585611827562,-1.2433609170573e-14,0.99992852906181
118.15,128,0,118.15,0.00046127742242119,2.1464783914612e-05,1.8717766024614e-07,-1.2264885361063e-05,10.44110805727,0.038585611827562,-1.2433609170573e-14,0.99992852906181
118.2,128,0,118.2,0.00045191936707268,2.2078009285312e-05,1.8717766024614e-07,-1.2264885361063e-05,10.439178638781,0.038585611827562,-1.2433609170573e-14,0.99992852906181
118.25,128,0,118.25,0.00044256131172416,2.2691234656012e-05,1.8717766024614e-07,-1.2264885361063e-05,10.437249220292,0.038585611827562,-1.2433609170573e-14,0.99992852906181
118.3,128,0,118.3,0.00043320325637565,2.3304460026711e-05,1.8717766024614e-07,-1.2264885361063e-05,10.435319801803,0.038585611827562,-1.2433609170573e-14,0.99992852906181
118.35,128,0,118.35,0.00042384520102713,2.3917685397411e-05,1.8717766024614e-07,-1.2264885361063e-05,10.433390383315,0.038585611827562,-1.2433609170573e-14,0.99992852906181
118.4,128,0,118.4,0.00041448714567862,2.453091076811e-05,1.8717766024614e-07,-1.2264885361063e-05,10.431460964826,0.038585611827562,-1.2433609170573e-14,0.99992852906181
118.45,128,0,118.45,0.00040512909033011,2.514413613881e-05,1.8717766024614e-07,-1.2264885361063e-05,10.429531546337,0.038585611827562,-1.2433609170573e-14,0.99992852906181
118.5,128,0,118.5,0.00039577103498159,2.575736150951e-05,1.8717766024614e-07,-1.2264885361063e-05,10.427602127849,0.038585611827562,-1.2433609170573e-14,0.99992852906181
118.55,128,0,118.55,0.00038641297963308,2.6370586880209e-05,1.8717766024614e-07,-1.2264885361063e-05,10.42567270936,0.038585611827562,-1.2433609170573e-14,0.99992852906181
118.6,128,0,118.6,0.00037705492428457,2.6983812250909e-05,1.8717766024614e-07,-1.2264885361063e-05,10.423743290871,0.038585611827562,-1.2433609170573e-14,0.99992852906181
118.65,128,0,118.65,0.00036769686893605,2.7597037621608e-05,1.8717766024614e-07,-1.2264885361063e-05,10.421813872382,0.038585611827562,-1.2433609170573e-14,0.99992852906181
118.7,128,0,118.7,0.00035833881358754,2.8210262992308e-05,1.8717766024614e-07,-1.2264885361063e-05,10.419884453894,0.038585611827562,-1.2433609170573e-14,0.99992852906181
118.75,128,0,118.75,0.00034898075823903,2.8823488363008e-05,1.8717766024614e-07,-1.2264885361063e-05,10.417955035405,0.038585611827562,-1.2433609170573e-14,0.99992852906181
118.8,128,0,118.8,0.00033962270289051,2.9436713733707e-05,1.8717766024614e-07,-1.2264885361063e-05,10.416025616916,0.038585611827562,-1.2433609170573e-14,0.99992852906181
118.85,128,0,118.85,0.000330264647542,3.0049939104407e-05,1.8717766024614e-07,-1.2264885361063e-05,10.414096198427,0.038585611827562,-1.2433609170573e-14,0.99992852906181
118.9,128,0,118.9,0.00032090659219349,3.0663164475106e-05,1.8717766024614e-07,-1.2264885361063e-05,10.412166779939,0.038585611827562,-1.2433609170573e-14,0.99992852906181
118.95,128,0,118.95,0.00031154853684497,3.1276389845806e-05,1.8717766024614e-07,-1.2264885361063e-05,10.41023736145,0.038585611827562,-1.2433609170573e-14,0.99992852906181
119,128,0,119,0.00030219048149646,3.1889615216505e-05,1.8717766024614e-07,-1.2264885361063e-05,10.408307942961,0.038585611827562,-1.2433609170573e-14,0.99992852906181
119.05,128,0,119.05,0.00029688774081375,3.2777522281032e-05,1.0605110597804e-07,-1.7758012345998e-05,10.406378269516,0.038585611827581,8.2139777920858e-15,0.99979641415317
119.1,128,0,119.1,0.00029158500013105,3.3665429345558e-05,1.0605110597804e-07,-1.7758012345998e-05,10.40444859607,0.038585611827581,8.2139777920858e-15,0.99979641415317
119.15,128,0,119.15,0.00028628225944834,3.4553336410084e-05,1.0605110597804e-07,-1.7758012345998e-05,10.402518922625,0.038585611827581,8.2139777920858e-15,0.99979641415317
119.2,128,0,119.2,0.00028097951876563,3.544124347461e-05,1.0605110597804e-07,-1.7758012345998e-05,10.400589249179,0.038585611827581,8.2139777920858e-15,0.99979641415317
119.25,128,0,119.25,0.00027567677808293,3.6329150539136e-05,1.0605110597804e-07,-1.7758012345998e-05,10.398659575733,0.038585611827581,8.2139777920858e-15,0.99979641415317
119.3,128,0,119.3,0.00027037403740022,3.7217057603662e-05,1.0605110597804e-07,-1.7758012345998e-05,10.396729902288,0.038585611827581,8.2139777920858e-15,0.99979641415317
119.35,128,0,119.35,0.00026507129671751,3.8104964668188e-05,1.0605110597804e-07,-1.7758012345998e-05,10.394800228842,0.038585611827581,8.2139777920858e-15,0.99979641415317
119.4,128,0,119.4,0.00025976855603481,3.8992871732714e-05,1.0605110597804e-07,-1.7758012345998e-05,10.392870555397,0.038585611827581,8.2139777920858e-15,0.99979641415317
119.45,128,0,119.45,0.0002544658153521,3.988077879724e-05,1.0605110597804e-07,-1.7758012345998e-05,10.390940881951,0.038585611827581,8.2139777920858e-15,0.99979641415317
119.5,128,0,119.5,0.00024916307466939,4.0768685861766e-05,1.0605110597804e-07,-1.7758012345998e-05,10.389011208505,0.038585611827581,8.2139777920858e-15,0.99979641415317
119.55,128,0,119.55,0.00024386033398669,4.1656592926293e-05,1.0605110597804e-07,-1.7758012345998e-05,10.38708153506,0.038585611827581,8.2139777920858e-15,0.99979641415317
119.6,128,0,119.6,0.00023855759330398,4.2544499990819e-05,1.0605110597804e-07,-1.7758012345998e-05,10.385151861614,0.038585611827581,8.2139777920858e-15,0.99979641415317
119.65,128,0,119.65,0.00023325485262127,4.3432407055345e-05,1.0605110597804e-07,-1.7758012345998e-05,10.383222188169,0.038585611827581,8.2139777920858e-15,0.99979641415317
119.7,128,0,119.7,0.00022795211193857,4.4320314119871e-05,1.0605110597804e-07,-1.7758012345998e-05,10.381292514723,0.038585611827581,8.2139777920858e-15,0.99979641415317
119.75,128,0,119.75,0.00022264937125586,4.5208221184397e-05,1.0605110597804e-07,-1.7758012345998e-05,10.379362841278,0.038585611827581,8.2139777920858e-15,0.99979641415317
119.8,128,0,119.8,0.00021734663057315,4.6096128248923e-05,1.0605110597804e-07,-1.7758012345998e-05,10.377433167832,0.038585611827581,8.2139777920858e-15,0.99979641415317
119.85,128,0,119.85,0.00021204388989045,4.6984035313449e-05,1.0605110597804e-07,-1.7758012345998e-05,10.375503494386,0.038585611827581,8.2139777920858e-15,0.99979641415317
119.9,128,0,119.9,0.00020674114920774,4.7871942377975e-05,1.0605110597804e-07,-1.7758012345998e-05,10.373573820941,0.038585611827581,8.2139777920858e-15,0.99979641415317
119.95,128,0,119.95,0.00020143840852504,4.8759849442501e-05,1.0605110597804e-07,-1.7758012345998e-05,10.371644147495,0.038585611827581,8.2139777920858e-15,0.99979641415317
120,128,0,120,0.00019613566784233,4.9647756507027e-05,1.0605110597804e-07,-1.7758012345998e-05,10.36971447405,0.038585611827581,8.2139777920858e-15,0.99979641415317
120.05,128,0,120.05,0.00019337943406972,5.0664612666346e-05,5.512537923106e-08,-2.0337131718432e-05,10.367784074341,0.038585611827555,5.1040651993206e-14,0.99942026651022
120.1,128,0,120.1,0.0001906232002971,5.1681468825665e-05,5.512537923106e-08,-2.0337131718432e-05,10.365853674632,0.038585611827555,5.1040651993206e-14,0.99942026651022
120.15,128,0,120.15,0.00018786696652449,5.2698324984984e-05,5.512537923106e-08,-2.0337131718432e-05,10.363923274923,0.038585611827555,5.1040651993206e-14,0.99942026651022
120.2,128,0,120.2,0.00018511073275187,5.3715181144303e-05,5.512537923106e-08,-2.0337131718432e-05,10.361992875215,0.038585611827555,5.1040651993206e-14,0.99942026651022
120.25,128,0,120.25,0.00018235449897926,5.4732037303622e-05,5.512537923106e-08,-2.0337131718432e-05,10.360062475506,0.038585611827555,5.1040651993206e-14,0.99942026651022
120.3,128,0,120.3,0.00017959826520664,5.5748893462941e-05,5.512537923106e-08,-2.0337131718432e-05,10.358132075797,0.038585611827555,5.1040651993206e-14,0.99942026651022
120.35,128,0,120.35,0.00017684203143403,5.676574962226e-05,5.512537923106e-08,-2.0337131718432e-05,10.356201676088,0.038585611827555,5.1040651993206e-14,0.99942026651022
120.4,128,0,120.4,0.00017408579766142,5.7782605781579e-05,5.512537923106e-08,-2.0337131718432e-05,10.35427127638,0.038585611827555,5.1040651993206e-14,0.99942026651022
120.45,128,0,120.45,0.0001713295638888,5.8799461940898e-05,5.512537923106e-08,-2.0337131718432e-05,10.352340876671,0.038585611827555,5.1040651993206e-14,0.99942026651022
120.5,128,0,120.5,0.00016857333011619,5.9816318100217e-05,5.512537923106e-08,-2.0337131718432e-05,10.350410476962,0.038585611827555,5.1040651993206e-14,0.99942026651022
120.55,128,0,120.55,0.00016581709634357,6.0833174259536e-05,5.512537923106e-08,-2.0337131718432e-05,10.348480077254,0.038585611827555,5.1040651993206e-14,0.99942026651022
120.6,128,0,120.6,0.00016306086257096,6.1850030418855e-05,5.512537923106e-08,-2.0337131718432e-05,10.346549677545,0.038585611827555,5.1040651993206e-14,0.99942026651022
120.65,128,0,120.65,0.00016030462879835,6.2866886578174e-05,5.512537923106e-08,-2.0337131718432e-05,10.344619277836,0.038585611827555,5.1040651993206e-14,0.99942026651022
120.7,128,0,120.7,0.00015754839502573,6.3883742737493e-05,5.512537923106e-08,-2.0337131718432e-05,10.342688878127,0.038585611827555,5.1040651993206e-14,0.99942026651022
120.75,128,0,120.75,0.00015479216125312,6.4900598896812e-05,5.512537923106e-08,-2.0337131718432e-05,10.340758478419,0.038585611827555,5.1040651993206e-14,0.99942026651022
120.8,128,0,120.8,0.0001520359274805,6.5917455056131e-05,5.512537923106e-08,-2.0337131718432e-05,10.33882807871,0.038585611827555,5.1040651993206e-14,0.99942026651022
120.85,128,0,120.85,0.00014927969370789,6.693431121545e-05,5.512537923106e-08,-2.0337131718432e-05,10.336897679001,0.038585611827555,5.1040651993206e-14,0.99942026651022
120.9,128,0,120.9,0.00014652345993528,6.7951167374769e-05,5.512537923106e-08,-2.0337131718432e-05,10.334967279292,0.038585611827555,5.1040651993206e-14,0.99942026651022
120.95,128,0,120.95,0.00014376722616266,6.8968023534088e-05,5.512537923106e-08,-2.0337131718432e-05,10.333036879584,0.038585611827555,5.1040651993206e-14,0.99942026651022
121,128,0,121,0.00014101099239005,6.9984879693407e-05,5.512537923106e-08,-2.0337131718432e-05,10.331106479875,0.038585611827555,5.1040651993206e-14,0.99942026651022
121.05,128,0,121.05,0.00013975112759451,7.0777569351278e-05,2.5197155572301e-08,-1.5853803274471e-05,10.329174011926,0.038585611827546,1.7069234555976e-14,0.99835062838695
121.1,128,0,121.1,0.00013849126279898,7.157025900915e-05,2.5197155572301e-08,-1.5853803274471e-05,10.327241543977,0.038585611827546,1.7069234555976e-14,0.99835062838695
121.15,128,0,121.15,0.00013723139800345,7.2362948667021e-05,2.5197155572301e-08,-1.5853803274471e-05,10.325309076027,0.038585611827546,1.7069234555976e-14,0.99835062838695
121.2,128,0,121.2,0.00013597153320792,7.3155638324893e-05,2.5197155572301e-08,-1.5853803274471e-05,10.323376608078,0.038585611827546,1.7069234555976e-14,0.99835062838695
121.25,128,0,121.25,0.00013471166841239,7.3948327982764e-05,2.5197155572301e-08,-1.5853803274471e-05,10.321444140129,0.038585611827546,1.7069234555976e-14,0.99835062838695
121.3,128,0,121.3,0.00013345180361685,7.4741017640636e-05,2.5197155572301e-08,-1.5853803274471e-05,10.31951167218,0.038585611827546,1.7069234555976e-14,0.99835062838695
121.35,128,0,121.35,0.00013219193882132,7.5533707298507e-05,2.5197155572301e-08,-1.5853803274471e-05,10.317579204231,0.038585611827546,1.7069234555976e-14,0.99835062838695
121.4,128,0,121.4,0.00013093207402579,7.6326396956378e-05,2.5197155572301e-08,-1.5853803274471e-05,10.315646736282,0.038585611827546,1.7069234555976e-14,0.99835062838695
121.45,128,0,121.45,0.00012967220923026,7.711908661425e-05,2.5197155572301e-08,-1.5853803274471e-05,10.313714268332,0.038585611827546,1.7069234555976e-14,0.99835062838695
121.5,128,0,121.5,0.00012841234443472,7.7911776272121e-05,2.5197155572301e-08,-1.5853803274471e-05,10.311781800383,0.038585611827546,1.7069234555976e-14,0.99835062838695
121.55,128,0,121.55,0.00012715247963919,7.8704465929993e-05,2.5197155572301e-08,-1.5853803274471e-05,10.309849332434,0.038585611827546,1.7069234555976e-14,0.99835062838695
121.6,128,0,121.6,0.00012589261484366,7.9497155587864e-05,2.5197155572301e-08,-1.5853803274471e-05,10.307916864485,0.038585611827546,1.7069234555976e-14,0.99835062838695
121.65,128,0,121.65,0.00012463275004813,8.0289845245736e-05,2.5197155572301e-08,-1.5853803274471e-05,10.305984396536,0.038585611827546,1.7069234555976e-14,0.99835062838695
121.7,128,0,121.7,0.00012337288525259,8.1082534903607e-05,2.5197155572301e-08,-1.5853803274471e-05,10.304051928587,0.038585611827546,1.7069234555976e-14,0.99835062838695
121.75,128,0,121.75,0.00012211302045706,8.1875224561478e-05,2.5197155572301e-08,-1.5853803274471e-05,10.302119460638,0.038585611827546,1.7069234555976e-14,0.99835062838695
121.8,128,0,121.8,0.00012085315566153,8.266791421935e-05,2.5197155572301e-08,-1.5853803274471e-05,10.300186992688,0.038585611827546,1.7069234555976e-14,0.99835062838695
121.85,128,0,121.85,0.000119593290866,8.3460603877222e-05,2.5197155572301e-08,-1.5853803274471e-05,10.298254524739,0.038585611827546,1.7069234555976e-14,0.99835062838695
121.9,128,0,121.9,0.00011833342607046,8.4253293535093e-05,2.5197155572301e-08,-1.5853803274471e-05,10.29632205679,0.038585611827546,1.7069234555976e-14,0.99835062838695
121.95,128,0,121.95,0.00011707356127493,8.5045983192964e-05,2.5197155572301e-08,-1.5853803274471e-05,10.294389588841,0.038585611827546,1.7069234555976e-14,0.99835062838695
122,128,0,122,0.0001158136964794,8.5838672850836e-05,2.5197155572301e-08,-1.5853803274471e-05,10.292457120892,0.038585611827546,1.7069234555976e-14,0.99835062838695
122.05,128,0,122.05,0.0001152978003234,8.6249109824853e-05,1.0317952220066e-08,-8.2087323198968e-06,10.290518767689,0.038585611827565,8.2876990532235e-15,0.99531942314283
122.1,128,0,122.1,0.00011478190416741,8.665954679887e-05,1.0317952220066e-08,-8.2087323198968e-06,10.288580414487,0.038585611827565,8.2876990532235e-15,0.99531942314283
122.15,128,0,122.15,0.00011426600801142,8.7069983772887e-05,1.0317952220066e-08,-8.2087323198968e-06,10.286642061284,0.038585611827565,8.2876990532235e-15,0.99531942314283
122.2,128,0,122.2,0.00011375011185542,8.7480420746904e-05,1.0317952220066e-08,-8.2087323198968e-06,10.284703708082,0.038585611827565,8.2876990532235e-15,0.99531942314283
122.25,128,0,122.25,0.00011323421569943,8.7890857720921e-05,1.0317952220066e-08,-8.2087323198968e-06,10.282765354879,0.038585611827565,8.2876990532235e-15,0.99531942314283
122.3,128,0,122.3,0.00011271831954344,8.8301294694938e-05,1.0317952220066e-08,-8.2087323198968e-06,10.280827001677,0.038585611827565,8.2876990532235e-15,0.99531942314283
122.35,128,0,122.35,0.00011220242338744,8.8711731668955e-05,1.0317952220066e-08,-8.2087323198968e-06,10.278888648474,0.038585611827565,8.2876990532235e-15,0.99531942314283
122.4,128,0,122.4,0.00011168652723145,8.9122168642972e-05,1.0317952220066e-08,-8.2087323198968e-06,10.276950295272,0.038585611827565,8.2876990532235e-15,0.99531942314283
122.45,128,0,122.45,0.00011117063107545,8.9532605616989e-05,1.0317952220066e-08,-8.2087323198968e-06,10.275011942069,0.038585611827565,8.2876990532235e-15,0.99531942314283
122.5,128,0,122.5,0.00011065473491946,8.9943042591006e-05,1.0317952220066e-08,-8.2087323198968e-06,10.273073588867,0.038585611827565,8.2876990532235e-15,0.99531942314283
122.55,128,0,122.55,0.00011013883876347,9.0353479565023e-05,1.0317952220066e-08,-8.2087323198968e-06,10.271135235664,0.038585611827565,8.2876990532235e-15,0.99531942314283
122.6,128,0,122.6,0.00010962294260747,9.076391653904e-05,1.0317952220066e-08,-8.2087323198968e-06,10.269196882462,0.038585611827565,8.2876990532235e-15,0.99531942314283
122.65,128,0,122.65,0.00010910704645148,9.1174353513057e-05,1.0317952220066e-08,-8.2087323198968e-06,10.267258529259,0.038585611827565,8.2876990532235e-15,0.99531942314283
122.7,128,0,122.7,0.00010859115029548,9.1584790487074e-05,1.0317952220066e-08,-8.2087323198968e-06,10.265320176057,0.038585611827565,8.2876990532235e-15,0.99531942314283
122.75,128,0,122.75,0.00010807525413949,9.1995227461091e-05,1.0317952220066e-08,-8.2087323198968e-06,10.263381822854,0.038585611827565,8.2876990532235e-15,0.99531942314283
122.8,128,0,122.8,0.0001075593579835,9.2405664435108e-05,1.0317952220066e-08,-8.2087323198968e-06,10.261443469651,0.038585611827565,8.2876990532235e-15,0.99531942314283
122.85,128,0,122.85,0.0001070434618275,9.2816101409125e-05,1.0317952220066e-08,-8.2087323198968e-06,10.259505116449,0.038585611827565,8.2876990532235e-15,0.99531942314283
122.9,128,0,122.9,0.00010652756567151,9.3226538383142e-05,1.0317952220066e-08,-8.2087323198968e-06,10.257566763246,0.038585611827565,8.2876990532235e-15,0.99531942314283
122.95,128,0,122.95,0.00010601166951552,9.3636975357159e-05,1.0317952220066e-08,-8.2087323198968e-06,10.255628410044,0.038585611827565,8.2876990532235e-15,0.99531942314283
123,128,0,123,0.00010549577335952,9.4047412331176e-05,1.0317952220066e-08,-8.2087323198968e-06,10.253690056841,0.038585611827565,8.2876990532235e-15,0.99531942314283
123.05,128,0,123.05,0.00010527725570319,9.4191440370437e-05,4.3703466287771e-09,-2.8805636885403e-06,10.251734994593,0.038585611827559,-1.5776386142493e-14,0.9868128715637
123.1,128,0,123.1,0.00010505873804685,9.4335468409698e-05,4.3703466287771e-09,-2.8805636885403e-06,10.249779932345,0.038585611827559,-1.5776386142493e-14,0.9868128715637
123.15,128,0,123.15,0.00010484022039051,9.4479496448959e-05,4.3703466287771e-09,-2.8805636885403e-06,10.247824870096,0.038585611827559,-1.5776386142493e-14,0.9868128715637
123.2,128,0,123.2,0.00010462170273418,9.4623524488219e-05,4.3703466287771e-09,-2.8805636885403e-06,10.245869807848,0.038585611827559,-1.5776386142493e-14,0.9868128715637
123.25,128,0,123.25,0.00010440318507784,9.476755252748e-05,4.3703466287771e-09,-2.8805636885403e-06,10.2439147456,0.038585611827559,-1.5776386142493e-14,0.9868128715637
123.3,128,0,123.3,0.00010418466742151,9.4911580566741e-05,4.3703466287771e-09,-2.8805636885403e-06,10.241959683351,0.038585611827559,-1.5776386142493e-14,0.9868128715637
123.35,128,0,123.35,0.00010396614976517,9.5055608606002e-05,4.3703466287771e-09,-2.8805636885403e-06,10.240004621103,0.038585611827559,-1.5776386142493e-14,0.9868128715637
123.4,128,0,123.4,0.00010374763210884,9.5199636645262e-05,4.3703466287771e-09,-2.8805636885403e-06,10.238049558855,0.038585611827559,-1.5776386142493e-14,0.9868128715637
123.45,128,0,123.45,0.0001035291144525,9.5343664684523e-05,4.3703466287771e-09,-2.8805636885403e-06,10.236094496606,0.038585611827559,-1.5776386142493e-14,0.9868128715637
123.5,128,0,123.5,0.00010331059679616,9.5487692723784e-05,4.3703466287771e-09,-2.8805636885403e-06,10.234139434358,0.038585611827559,-1.5776386142493e-14,0.9868128715637
123.55,128,0,123.55,0.00010309207913983,9.5631720763045e-05,4.3703466287771e-09,-2.8805636885403e-06,10.23218437211,0.038585611827559,-1.5776386142493e-14,0.9868128715637
123.6,128,0,123.6,0.00010287356148349,9.5775748802305e-05,4.3703466287771e-09,-2.8805636885403e-06,10.230229309861,0.038585611827559,-1.5776386142493e-14,0.9868128715637
123.65,128,0,123.65,0.00010265504382716,9.5919776841566e-05,4.3703466287771e-09,-2.8805636885403e-06,10.228274247613,0.038585611827559,-1.5776386142493e-14,0.9868128715637
123.7,128,0,123.7,0.00010243652617082,9.6063804880827e-05,4.3703466287771e-09,-2.8805636885403e-06,10.226319185365,0.038585611827559,-1.5776386142493e-14,0.9868128715637
123.75,128,0,123.75,0.00010221800851449,9.6207832920088e-05,4.3703466287771e-09,-2.8805636885403e-06,10.224364123116,0.038585611827559,-1.5776386142493e-14,0.9868128715637
123.8,128,0,123.8,0.00010199949085815,9.6351860959349e-05,4.3703466287771e-09,-2.8805636885403e-06,10.222409060868,0.038585611827559,-1.5776386142493e-14,0.9868128715637
123.85,128,0,123.85,0.00010178097320181,9.6495888998609e-05,4.3703466287771e-09,-2.8805636885403e-06,10.22045399862,0.038585611827559,-1.5776386142493e-14,0.9868128715637
123.9,128,0,123.9,0.00010156245554548,9.663991703787e-05,4.3703466287771e-09,-2.8805636885403e-06,10.218498936371,0.038585611827559,-1.5776386142493e-14,0.9868128715637
123.95,128,0,123.95,0.00010134393788914,9.6783945077131e-05,4.3703466287771e-09,-2.8805636885403e-06,10.216543874123,0.038585611827559,-1.5776386142493e-14,0.9868128715637
124,128,0,124,0.00010112542023281,9.6927973116392e-05,4.3703466287771e-09,-2.8805636885403e-06,10.214588811874,0.038585611827559,-1.5776386142493e-14,0.9868128715637
124.05,128,0,124.05,0.00010097521235256,9.6910441048575e-05,3.0041591452852e-09,3.5064231415947e-07,10.212586614691,0.038585611827583,-3.7014754877585e-14,0.96358171256591
124.1,128,0,124.1,0.00010082500447232,9.6892908980758e-05,3.0041591452852e-09,3.5064231415947e-07,10.210584417507,0.038585611827583,-3.7014754877585e-14,0.96358171256591
124.15,128,0,124.15,0.00010067479659207,9.6875376912941e-05,3.0041591452852e-09,3.5064231415947e-07,10.208582220323,0.038585611827583,-3.7014754877585e-14,0.96358171256591
124.2,128,0,124.2,0.00010052458871183,9.6857844845124e-05,3.0041591452852e-09,3.5064231415947e-07,10.206580023139,0.038585611827583,-3.7014754877585e-14,0.96358171256591
124.25,128,0,124.25,0.00010037438083158,9.6840312777307e-05,3.0041591452852e-09,3.5064231415947e-07,10.204577825955,0.038585611827583,-3.7014754877585e-14,0.96358171256591
124.3,128,0,124.3,0.00010022417295134,9.682278070949e-05,3.0041591452852e-09,3.5064231415947e-07,10.202575628771,0.038585611827583,-3.7014754877585e-14,0.96358171256591
124.35,128,0,124.35,0.00010007396507109,9.6805248641673e-05,3.0041591452852e-09,3.5064231415947e-07,10.200573431587,0.038585611827583,-3.7014754877585e-14,0.96358171256591
124.4,128,0,124.4,9.9923757190848e-05,9.6787716573856e-05,3.0041591452852e-09,3.5064231415947e-07,10.198571234403,0.038585611827583,-3.7014754877585e-14,0.96358171256591
124.45,128,0,124.45,9.9773549310603e-05,9.6770184506039e-05,3.0041591452852e-09,3.5064231415947e-07,10.196569037219,0.038585611827583,-3.7014754877585e-14,0.96358171256591
124.5,128,0,124.5,9.9623341430359e-05,9.6752652438222e-05,3.0041591452852e-09,3.5064231415947e-07,10.194566840035,0.038585611827583,-3.7014754877585e-14,0.96358171256591
124.55,128,0,124.55,9.9473133550114e-05,9.6735120370405e-05,3.0041591452852e-09,3.5064231415947e-07,10.192564642851,0.038585611827583,-3.7014754877585e-14,0.96358171256591
124.6,128,0,124.6,9.9322925669869e-05,9.6717588302588e-05,3.0041591452852e-09,3.5064231415947e-07,10.190562445667,0.038585611827583,-3.7014754877585e-14,0.96358171256591
124.65,128,0,124.65,9.9172717789624e-05,9.6700056234771e-05,3.0041591452852e-09,3.5064231415947e-07,10.188560248483,0.038585611827583,-3.7014754877585e-14,0.96358171256591
124.7,128,0,124.7,9.902250990938e-05,9.6682524166954e-05,3.0041591452852e-09,3.5064231415947e-07,10.1865580513,0.038585611827583,-3.7014754877585e-14,0.96358171256591
124.75,128,0,124.75,9.8872302029135e-05,9.6664992099137e-05,3.0041591452852e-09,3.5064231415947e-07,10.184555854116,0.038585611827583,-3.7014754877585e-14,0.96358171256591
124.8,128,0,124.8,9.872209414889e-05,9.664746003132e-05,3.0041591452852e-09,3.5064231415947e-07,10.182553656932,0.038585611827583,-3.7014754877585e-14,0.96358171256591
124.85,128,0,124.85,9.8571886268645e-05,9.6629927963503e-05,3.0041591452852e-09,3.5064231415947e-07,10.180551459748,0.038585611827583,-3.7014754877585e-14,0.96358171256591
124.9,128,0,124.9,9.84216783884e-05,9.6612395895686e-05,3.0041591452852e-09,3.5064231415947e-07,10.178549262564,0.038585611827583,-3.7014754877585e-14,0.96358171256591
124.95,128,0,124.95,9.8271470508156e-05,9.6594863827869e-05,3.0041591452852e-09,3.5064231415947e-07,10.17654706538,0.038585611827583,-3.7014754877585e-14,0.96358171256591
125,128,0,125,9.8121262627911e-05,9.6577331760052e-05,3.0041591452852e-09,3.5064231415947e-07,10.174544868196,0.038585611827583,-3.7014754877585e-14,0.96358171256591
125.05,128,0,125.05,9.7898688186817e-05,9.6401972326414e-05,4.4514884390093e-09,3.5071883880579e-06,10.172412164855,0.038585611827544,-2.6313369675497e-14,0.90461741882006
125.1,128,0,125.1,9.7676113745723e-05,9.6226612892777e-05,4.4514884390093e-09,3.5071883880579e-06,10.170279461514,0.038585611827544,-2.6313369675497e-14,0.90461741882006
125.15,128,0,125.15,9.7453539304629e-05,9.605125345914e-05,4.4514884390093e-09,3.5071883880579e-06,10.168146758173,0.038585611827544,-2.6313369675497e-14,0.90461741882006
125.2,128,0,125.2,9.7230964863535e-05,9.5875894025502e-05,4.4514884390093e-09,3.5071883880579e-06,10.166014054832,0.038585611827544,-2.6313369675497e-14,0.90461741882006
125.25,128,0,125.25,9.7008390422441e-05,9.5700534591865e-05,4.4514884390093e-09,3.5071883880579e-06,10.163881351491,0.038585611827544,-2.6313369675497e-14,0.90461741882006
125.3,128,0,125.3,9.6785815981347e-05,9.5525175158228e-05,4.4514884390093e-09,3.5071883880579e-06,10.16174864815,0.038585611827544,-2.6313369675497e-14,0.90461741882006
125.35,128,0,125.35,9.6563241540252e-05,9.5349815724591e-05,4.4514884390093e-09,3.5071883880579e-06,10.15961594481,0.038585611827544,-2.6313369675497e-14,0.90461741882006
125.4,128,0,125.4,9.6340667099158e-05,9.5174456290953e-05,4.4514884390093e-09,3.5071883880579e-06,10.157483241469,0.038585611827544,-2.6313369675497e-14,0.90461741882006
125.45,128,0,125.45,9.6118092658064e-05,9.4999096857316e-05,4.4514884390093e-09,3.5071883880579e-06,10.155350538128,0.038585611827544,-2.6313369675497e-14,0.90461741882006
125.5,128,0,125.5,9.589551821697e-05,9.4823737423679e-05,4.4514884390093e-09,3.5071883880579e-06,10.153217834787,0.038585611827544,-2.6313369675497e-14,0.90461741882006
125.55,128,0,125.55,9.5672943775876e-05,9.4648377990041e-05,4.4514884390093e-09,3.5071883880579e-06,10.151085131446,0.038585611827544,-2.6313369675497e-14,0.90461741882006
125.6,128,0,125.6,9.5450369334782e-05,9.4473018556404e-05,4.4514884390093e-09,3.5071883880579e-06,10.148952428105,0.038585611827544,-2.6313369675497e-14,0.90461741882006
125.65,128,0,125.65,9.5227794893688e-05,9.4297659122767e-05,4.4514884390093e-09,3.5071883880579e-06,10.146819724764,0.038585611827544,-2.6313369675497e-14,0.90461741882006
125.7,128,0,125.7,9.5005220452594e-05,9.4122299689129e-05,4.4514884390093e-09,3.5071883880579e-06,10.144687021423,0.038585611827544,-2.6313369675497e-14,0.90461741882006
125.75,128,0,125.75,9.47826460115e-05,9.3946940255492e-05,4.4514884390093e-09,3.5071883880579e-06,10.142554318082,0.038585611827544,-2.6313369675497e-14,0.90461741882006
125.8,128,0,125.8,9.4560071570406e-05,9.3771580821855e-05,4.4514884390093e-09,3.5071883880579e-06,10.140421614741,0.038585611827544,-2.6313369675497e-14,0.90461741882006
125.85,128,0,125.85,9.4337497129312e-05,9.3596221388218e-05,4.4514884390093e-09,3.5071883880579e-06,10.1382889114,0.038585611827544,-2.6313369675497e-14,0.90461741882006
125.9,128,0,125.9,9.4114922688218e-05,9.342086195458e-05,4.4514884390093e-09,3.5071883880579e-06,10.136156208059,0.038585611827544,-2.6313369675497e-14,0.90461741882006
125.95,128,0,125.95,9.3892348247124e-05,9.3245502520943e-05,4.4514884390093e-09,3.5071883880579e-06,10.134023504718,0.038585611827544,-2.6313369675497e-14,0.90461741882006
126,128,0,126,9.366977380603e-05,9.3070143087306e-05,4.4514884390093e-09,3.5071883880579e-06,10.131890801377,0.038585611827544,-2.6313369675497e-14,0.90461741882006
126.05,128,0,126.05,9.330209749642e-05,9.2718933219503e-05,7.3535262900335e-09,7.024197436008e-06,10.129417018305,0.038585611827585,-3.2729231769118e-14,0.77989077248424
126.1,128,0,126.1,9.2934421186811e-05,9.2367723351701e-05,7.3535262900335e-09,7.024197436008e-06,10.126943235232,0.038585611827585,-3.2729231769118e-14,0.77989077248424
126.15,128,0,126.15,9.2566744877202e-05,9.2016513483898e-05,7.3535262900335e-09,7.024197436008e-06,10.12446945216,0.038585611827585,-3.2729231769118e-14,0.77989077248424
126.2,128,0,126.2,9.2199068567593e-05,9.1665303616096e-05,7.3535262900335e-09,7.024197436008e-06,10.121995669087,0.038585611827585,-3.2729231769118e-14,0.77989077248424
126.25,128,0,126.25,9.1831392257983e-05,9.1314093748294e-05,7.3535262900335e-09,7.024197436008e-06,10.119521886015,0.038585611827585,-3.2729231769118e-14,0.77989077248424
126.3,128,0,126.3,9.1463715948374e-05,9.0962883880491e-05,7.3535262900335e-09,7.024197436008e-06,10.117048102942,0.038585611827585,-3.2729231769118e-14,0.77989077248424
126.35,128,0,126.35,9.1096039638765e-05,9.0611674012689e-05,7.3535262900335e-09,7.024197436008e-06,10.11457431987,0.038585611827585,-3.2729231769118e-14,0.77989077248424
126.4,128,0,126.4,9.0728363329156e-05,9.0260464144886e-05,7.3535262900335e-09,7.024197436008e-06,10.112100536797,0.038585611827585,-3.2729231769118e-14,0.77989077248424
126.45,128,0,126.45,9.0360687019546e-05,8.9909254277084e-05,7.3535262900335e-09,7.024197436008e-06,10.109626753725,0.038585611827585,-3.2729231769118e-14,0.77989077248424
126.5,128,0,126.5,8.9993010709937e-05,8.9558044409282e-05,7.3535262900335e-09,7.024197436008e-06,10.107152970652,0.038585611827585,-3.2729231769118e-14,0.77989077248424
126.55,128,0,126.55,8.9625334400328e-05,8.9206834541479e-05,7.3535262900335e-09,7.024197436008e-06,10.10467918758,0.038585611827585,-3.2729231769118e-14,0.77989077248424
126.6,128,0,126.6,8.9257658090718e-05,8.8855624673677e-05,7.3535262900335e-09,7.024197436008e-06,10.102205404507,0.038585611827585,-3.2729231769118e-14,0.77989077248424
126.65,128,0,126.65,8.8889981781109e-05,8.8504414805874e-05,7.3535262900335e-09,7.024197436008e-06,10.099731621435,0.038585611827585,-3.2729231769118e-14,0.77989077248424
126.7,128,0,126.7,8.85223054715e-05,8.8153204938072e-05,7.3535262900335e-09,7.024197436008e-06,10.097257838362,0.038585611827585,-3.2729231769118e-14,0.77989077248424
126.75,128,0,126.75,8.8154629161891e-05,8.7801995070269e-05,7.3535262900335e-09,7.024197436008e-06,10.09478405529,0.038585611827585,-3.2729231769118e-14,0.77989077248424
126.8,128,0,126.8,8.7786952852281e-05,8.7450785202467e-05,7.3535262900335e-09,7.024197436008e-06,10.092310272217,0.038585611827585,-3.2729231769118e-14,0.77989077248424
126.85,128,0,126.85,8.7419276542672e-05,8.7099575334665e-05,7.3535262900335e-09,7.024197436008e-06,10.089836489145,0.038585611827585,-3.2729231769118e-14,0.77989077248424
126.9,128,0,126.9,8.7051600233063e-05,8.6748365466862e-05,7.3535262900335e-09,7.024197436008e-06,10.087362706072,0.038585611827585,-3.2729231769118e-14,0.77989077248424
126.95,128,0,126.95,8.6683923923453e-05,8.639715559906e-05,7.3535262900335e-09,7.024197436008e-06,10.084888923,0.038585611827585,-3.2729231769118e-14,0.77989077248424
127,128,0,127,8.6316247613844e-05,8.6045945731257e-05,7.3535262900335e-09,7.024197436008e-06,10.082415139927,0.038585611827585,-3.2729231769118e-14,0.77989077248424
127.05,128,0,127.05,8.5964008742551e-05,8.5698879468725e-05,7.044777401427e-09,6.9413252297247e-06,10.079221051406,0.038585611827559,-2.1593077763917e-14,0.60401600603328
127.1,128,0,127.1,8.5611769871258e-05,8.5351813206193e-05,7.044777401427e-09,6.9413252297247e-06,10.076026962885,0.038585611827559,-2.1593077763917e-14,0.60401600603328
127.15,128,0,127.15,8.5259530999965e-05,8.500474694366e-05,7.044777401427e-09,6.9413252297247e-06,10.072832874364,0.038585611827559,-2.1593077763917e-14,0.60401600603328
127.2,128,0,127.2,8.4907292128672e-05,8.4657680681128e-05,7.044777401427e-09,6.9413252297247e-06,10.069638785843,0.038585611827559,-2.1593077763917e-14,0.60401600603328
127.25,128,0,127.25,8.4555053257379e-05,8.4310614418596e-05,7.044777401427e-09,6.9413252297247e-06,10.066444697322,0.038585611827559,-2.1593077763917e-14,0.60401600603328
127.3,128,0,127.3,8.4202814386085e-05,8.3963548156063e-05,7.044777401427e-09,6.9413252297247e-06,10.063250608801,0.038585611827559,-2.1593077763917e-14,0.60401600603328
127.35,128,0,127.35,8.3850575514792e-05,8.3616481893531e-05,7.044777401427e-09,6.9413252297247e-06,10.06005652028,0.038585611827559,-2.1593077763917e-14,0.60401600603328
127.4,128,0,127.4,8.3498336643499e-05,8.3269415630999e-05,7.044777401427e-09,6.9413252297247e-06,10.056862431759,0.038585611827559,-2.1593077763917e-14,0.60401600603328
127.45,128,0,127.45,8.3146097772206e-05,8.2922349368466e-05,7.044777401427e-09,6.9413252297247e-06,10.053668343238,0.038585611827559,-2.1593077763917e-14,0.60401600603328
127.5,128,0,127.5,8.2793858900913e-05,8.2575283105934e-05,7.044777401427e-09,6.9413252297247e-06,10.050474254717,0.038585611827559,-2.1593077763917e-14,0.60401600603328
127.55,128,0,127.55,8.244162002962e-05,8.2228216843402e-05,7.044777401427e-09,6.9413252297247e-06,10.047280166196,0.038585611827559,-2.1593077763917e-14,0.60401600603328
127.6,128,0,127.6,8.2089381158327e-05,8.1881150580869e-05,7.044777401427e-09,6.9413252297247e-06,10.044086077675,0.038585611827559,-2.1593077763917e-14,0.60401600603328
127.65,128,0,127.65,8.1737142287034e-05,8.1534084318337e-05,7.044777401427e-09,6.9413252297247e-06,10.040891989154,0.038585611827559,-2.1593077763917e-14,0.60401600603328
127.7,128,0,127.7,8.1384903415741e-05,8.1187018055805e-05,7.044777401427e-09,6.9413252297247e-06,10.037697900633,0.038585611827559,-2.1593077763917e-14,0.60401600603328
127.75,128,0,127.75,8.1032664544448e-05,8.0839951793272e-05,7.044777401427e-09,6.9413252297247e-06,10.034503812112,0.038585611827559,-2.1593077763917e-14,0.60401600603328
127.8,128,0,127.8,8.0680425673155e-05,8.049288553074e-05,7.044777401427e-09,6.9413252297247e-06,10.031309723591,0.038585611827559,-2.1593077763917e-14,0.60401600603328
127.85,128,0,127.85,8.0328186801862e-05,8.0145819268208e-05,7.044777401427e-09,6.9413252297247e-06,10.02811563507,0.038585611827559,-2.1593077763917e-14,0.60401600603328
127.9,128,0,127.9,7.9975947930568e-05,7.9798753005675e-05,7.044777401427e-09,6.9413252297247e-06,10.024921546549,0.038585611827559,-2.1593077763917e-14,0.60401600603328
127.95,128,0,127.95,7.9623709059275e-05,7.9451686743143e-05,7.044777401427e-09,6.9413252297247e-06,10.021727458028,0.038585611827559,-2.1593077763917e-14,0.60401600603328
128,128,0,128,7.9271470187982e-05,7.9104620480611e-05,7.044777401427e-09,6.9413252297247e-06,10.018533369507,0.038585611827559,-2.1593077763917e-14,0.60401600603328
128.05,128,0,128.05,7.9271470187806e-05,7.9104620480492e-05,6.0171119931236e-18,4.4338024327321e-15,10.014750751965,0.038585611827553,-2.299001350695e-14,0.51003850375932
128.1,128,0,128.1,7.9271470187629e-05,7.9104620480372e-05,6.0171119931236e-18,4.4338024327321e-15,10.010968134423,0.038585611827553,-2.299001350695e-14,0.51003850375932
128.15,128,0,128.15,7.9271470187452e-05,7.9104620480253e-05,6.0171119931236e-18,4.4338024327321e-15,10.007185516881,0.038585611827553,-2.299001350695e-14,0.51003850375932
128.2,128,0,128.2,7.9271470187276e-05,7.9104620480134e-05,6.0171119931236e-18,4.4338024327321e-15,10.003402899339,0.038585611827553,-2.299001350695e-14,0.51003850375932
128.25,128,0,128.25,7.9271470187099e-05,7.9104620480015e-05,6.0171119931236e-18,4.4338024327321e-15,9.9996202817974,0.038585611827553,-2.299001350695e-14,0.51003850375932
128.3,128,0,128.3,7.9271470186922e-05,7.9104620479896e-05,6.0171119931236e-18,4.4338024327321e-15,9.9958376642555,0.038585611827553,-2.299001350695e-14,0.51003850375932
128.35,128,0,128.35,7.9271470186746e-05,7.9104620479776e-05,6.0171119931236e-18,4.4338024327321e-15,9.9920550467136,0.038585611827553,-2.299001350695e-14,0.51003850375932
128.4,128,0,128.4,7.9271470186569e-05,7.9104620479657e-05,6.0171119931236e-18,4.4338024327321e-15,9.9882724291716,0.038585611827553,-2.299001350695e-14,0.51003850375932
128.45,128,0,128.45,7.9271470186392e-05,7.9104620479538e-05,6.0171119931236e-18,4.4338024327321e-15,9.9844898116297,0.038585611827553,-2.299001350695e-14,0.51003850375932
128.5,128,0,128.5,7.9271470186216e-05,7.9104620479419e-05,6.0171119931236e-18,4.4338024327321e-15,9.9807071940878,0.038585611827553,-2.299001350695e-14,0.51003850375932
128.55,128,0,128.55,7.9271470186039e-05,7.9104620479299e-05,6.0171119931236e-18,4.4338024327321e-15,9.9769245765459,0.038585611827553,-2.299001350695e-14,0.51003850375932
128.6,128,0,128.6,7.9271470185862e-05,7.910462047918e-05,6.0171119931236e-18,4.4338024327321e-15,9.9731419590039,0.038585611827553,-2.299001350695e-14,0.51003850375932
128.65,128,0,128.65,7.9271470185686e-05,7.9104620479061e-05,6.0171119931236e-18,4.4338024327321e-15,9.969359341462,0.038585611827553,-2.299001350695e-14,0.51003850375932
128.7,128,0,128.7,7.9271470185509e-05,7.9104620478942e-05,6.0171119931236e-18,4.4338024327321e-15,9.9655767239201,0.038585611827553,-2.299001350695e-14,0.51003850375932
128.75,128,0,128.75,7.9271470185332e-05,7.9104620478823e-05,6.0171119931236e-18,4.4338024327321e-15,9.9617941063782,0.038585611827553,-2.299001350695e-14,0.51003850375932
128.8,128,0,128.8,7.9271470185155e-05,7.9104620478703e-05,6.0171119931236e-18,4.4338024327321e-15,9.9580114888362,0.038585611827553,-2.299001350695e-14,0.51003850375932
128.85,128,0,128.85,7.9271470184979e-05,7.9104620478584e-05,6.0171119931236e-18,4.4338024327321e-15,9.9542288712943,0.038585611827553,-2.299001350695e-14,0.51003850375932
128.9,128,0,128.9,7.9271470184802e-05,7.9104620478465e-05,6.0171119931236e-18,4.4338024327321e-15,9.9504462537524,0.038585611827553,-2.299001350695e-14,0.51003850375932
128.95,128,0,128.95,7.9271470184625e-05,7.9104620478346e-05,6.0171119931236e-18,4.4338024327321e-15,9.9466636362105,0.038585611827553,-2.299001350695e-14,0.51003850375932
129,128,0,129,7.9271470184449e-05,7.9104620478227e-05,6.0171119931236e-18,4.4338024327321e-15,9.9428810186685,0.038585611827553,-2.299001350695e-14,0.51003850375932
129.05,128,0,129.05,7.962370905643e-05,7.9451686741194e-05,-7.0447774252816e-09,-6.9413252464878e-06,9.9396869301475,0.038585611827553,-2.7360173066643e-14,0.60401600601826
129.1,128,0,129.1,7.997594792841e-05,7.9798753004161e-05,-7.0447774252816e-09,-6.9413252464878e-06,9.9364928416264,0.038585611827553,-2.7360173066643e-14,0.60401600601826
129.15,128,0,129.15,8.0328186800391e-05,8.0145819267128e-05,-7.0447774252816e-09,-6.9413252464878e-06,9.9332987531053,0.038585611827553,-2.7360173066643e-14,0.60401600601826
129.2,128,0,129.2,8.0680425672372e-05,8.0492885530096e-05,-7.0447774252816e-09,-6.9413252464878e-06,9.9301046645842,0.038585611827553,-2.7360173066643e-14,0.60401600601826
129.25,128,0,129.25,8.1032664544352e-05,8.0839951793063e-05,-7.0447774252816e-09,-6.9413252464878e-06,9.9269105760631,0.038585611827553,-2.7360173066643e-14,0.60401600601826
129.3,128,0,129.3,8.1384903416333e-05,8.118701805603e-05,-7.0447774252816e-09,-6.9413252464878e-06,9.923716487542,0.038585611827553,-2.7360173066643e-14,0.60401600601826
129.35,128,0,129.35,8.1737142288313e-05,8.1534084318997e-05,-7.0447774252816e-09,-6.9413252464878e-06,9.9205223990209,0.038585611827553,-2.7360173066643e-14,0.60401600601826
129.4,128,0,129.4,8.2089381160294e-05,8.1881150581965e-05,-7.0447774252816e-09,-6.9413252464878e-06,9.9173283104998,0.038585611827553,-2.7360173066643e-14,0.60401600601826
129.45,128,0,129.45,8.2441620032275e-05,8.2228216844932e-05,-7.0447774252816e-09,-6.9413252464878e-06,9.9141342219787,0.038585611827553,-2.7360173066643e-14,0.60401600601826
129.5,128,0,129.5,8.2793858904256e-05,8.2575283107899e-05,-7.0447774252816e-09,-6.9413252464878e-06,9.9109401334576,0.038585611827553,-2.7360173066643e-14,0.60401600601826
129.55,128,0,129.55,8.3146097776236e-05,8.2922349370866e-05,-7.0447774252816e-09,-6.9413252464878e-06,9.9077460449365,0.038585611827553,-2.7360173066643e-14,0.60401600601826
129.6,128,0,129.6,8.3498336648217e-05,8.3269415633833e-05,-7.0447774252816e-09,-6.9413252464878e-06,9.9045519564154,0.038585611827553,-2.7360173066643e-14,0.60401600601826
129.65,128,0,129.65,8.3850575520198e-05,8.3616481896801e-05,-7.0447774252816e-09,-6.9413252464878e-06,9.9013578678944,0.038585611827553,-2.7360173066643e-14,0.60401600601826
129.7,128,0,129.7,8.4202814392178e-05,8.3963548159768e-05,-7.0447774252816e-09,-6.9413252464878e-06,9.8981637793733,0.038585611827553,-2.7360173066643e-14,0.60401600601826
129.75,128,0,129.75,8.4555053264159e-05,8.4310614422735e-05,-7.0447774252816e-09,-6.9413252464878e-06,9.8949696908522,0.038585611827553,-2.7360173066643e-14,0.60401600601826
129.8,128,0,129.8,8.490729213614e-05,8.4657680685703e-05,-7.0447774252816e-09,-6.9413252464878e-06,9.8917756023311,0.038585611827553,-2.7360173066643e-14,0.60401600601826
129.85,128,0,129.85,8.525953100812e-05,8.500474694867e-05,-7.0447774252816e-09,-6.9413252464878e-06,9.88858151381,0.038585611827553,-2.7360173066643e-14,0.60401600601826
129.9,128,0,129.9,8.5611769880101e-05,8.5351813211637e-05,-7.0447774252816e-09,-6.9413252464878e-06,9.8853874252889,0.038585611827553,-2.7360173066643e-14,0.60401600601826
129.95,128,0,129.95,8.5964008752082e-05,8.5698879474604e-05,-7.0447774252816e-09,-6.9413252464878e-06,9.8821933367678,0.038585611827553,-2.7360173066643e-14,0.60401600601826
130,128,0,130,8.6316247624062e-05,8.6045945737571e-05,-7.0447774252816e-09,-6.9413252464878e-06,9.8789992482467,0.038585611827553,-2.7360173066643e-14,0.60401600601826
130.05,128,0,130.05,8.6683923931112e-05,8.6397155603947e-05,-7.3535262017315e-09,-7.0241973807676e-06,9.8765254651742,0.03858561182756,-1.7663394922683e-14,0.77989077246952
130.1,128,0,130.1,8.7051600238161e-05,8.6748365470323e-05,-7.3535262017315e-09,-7.0241973807676e-06,9.8740516821016,0.03858561182756,-1.7663394922683e-14,0.77989077246952
130.15,128,0,130.15,8.741927654521e-05,8.7099575336698e-05,-7.3535262017315e-09,-7.0241973807676e-06,9.871577899029,0.03858561182756,-1.7663394922683e-14,0.77989077246952
130.2,128,0,130.2,8.7786952852259e-05,8.7450785203074e-05,-7.3535262017315e-09,-7.0241973807676e-06,9.8691041159565,0.03858561182756,-1.7663394922683e-14,0.77989077246952
130.25,128,0,130.25,8.8154629159308e-05,8.780199506945e-05,-7.3535262017315e-09,-7.0241973807676e-06,9.8666303328839,0.03858561182756,-1.7663394922683e-14,0.77989077246952
130.3,128,0,130.3,8.8522305466357e-05,8.8153204935825e-05,-7.3535262017315e-09,-7.0241973807676e-06,9.8641565498114,0.03858561182756,-1.7663394922683e-14,0.77989077246952
130.35,128,0,130.35,8.8889981773407e-05,8.8504414802201e-05,-7.3535262017315e-09,-7.0241973807676e-06,9.8616827667388,0.03858561182756,-1.7663394922683e-14,0.77989077246952
130.4,128,0,130.4,8.9257658080456e-05,8.8855624668576e-05,-7.3535262017315e-09,-7.0241973807676e-06,9.8592089836663,0.03858561182756,-1.7663394922683e-14,0.77989077246952
130.45,128,0,130.45,8.9625334387505e-05,8.9206834534952e-05,-7.3535262017315e-09,-7.0241973807676e-06,9.8567352005937,0.03858561182756,-1.7663394922683e-14,0.77989077246952
130.5,128,0,130.5,8.9993010694554e-05,8.9558044401328e-05,-7.3535262017315e-09,-7.0241973807676e-06,9.8542614175212,0.03858561182756,-1.7663394922683e-14,0.77989077246952
130.55,128,0,130.55,9.0360687001603e-05,8.9909254267703e-05,-7.3535262017315e-09,-7.0241973807676e-06,9.8517876344486,0.03858561182756,-1.7663394922683e-14,0.77989077246952
130.6,128,0,130.6,9.0728363308652e-05,9.0260464134079e-05,-7.3535262017315e-09,-7.0241973807676e-06,9.849313851376,0.03858561182756,-1.7663394922683e-14,0.77989077246952
130.65,128,0,130.65,9.1096039615702e-05,9.0611674000455e-05,-7.3535262017315e-09,-7.0241973807676e-06,9.8468400683035,0.03858561182756,-1.7663394922683e-14,0.77989077246952
130.7,128,0,130.7,9.1463715922751e-05,9.096288386683e-05,-7.3535262017315e-09,-7.0241973807676e-06,9.8443662852309,0.03858561182756,-1.7663394922683e-14,0.77989077246952
130.75,128,0,130.75,9.18313922298e-05,9.1314093733206e-05,-7.3535262017315e-09,-7.0241973807676e-06,9.8418925021584,0.03858561182756,-1.7663394922683e-14,0.77989077246952
130.8,128,0,130.8,9.2199068536849e-05,9.1665303599582e-05,-7.3535262017315e-09,-7.0241973807676e-06,9.8394187190858,0.03858561182756,-1.7663394922683e-14,0.77989077246952
130.85,128,0,130.85,9.2566744843898e-05,9.2016513465957e-05,-7.3535262017315e-09,-7.0241973807676e-06,9.8369449360133,0.03858561182756,-1.7663394922683e-14,0.77989077246952
130.9,128,0,130.9,9.2934421150948e-05,9.2367723332333e-05,-7.3535262017315e-09,-7.0241973807676e-06,9.8344711529407,0.03858561182756,-1.7663394922683e-14,0.77989077246952
130.95,128,0,130.95,9.3302097457997e-05,9.2718933198708e-05,-7.3535262017315e-09,-7.0241973807676e-06,9.8319973698681,0.03858561182756,-1.7663394922683e-14,0.77989077246952
131,128,0,131,9.3669773765046e-05,9.3070143065084e-05,-7.3535262017315e-09,-7.0241973807676e-06,9.8295235867956,0.03858561182756,-1.7663394922683e-14,0.77989077246952
131.05,128,0,131.05,9.3892348216686e-05,9.3245502503084e-05,-4.4514887979948e-09,-3.5071885648634e-06,9.8273908834546,0.03858561182756,-7.6328858600006e-15,0.90461741881211
131.1,128,0,131.1,9.4114922668327e-05,9.3420861941083e-05,-4.4514887979948e-09,-3.5071885648634e-06,9.8252581801137,0.03858561182756,-7.6328858600006e-15,0.90461741881211
131.15,128,0,131.15,9.4337497119967e-05,9.3596221379083e-05,-4.4514887979948e-09,-3.5071885648634e-06,9.8231254767728,0.03858561182756,-7.6328858600006e-15,0.90461741881211
131.2,128,0,131.2,9.4560071571607e-05,9.3771580817083e-05,-4.4514887979948e-09,-3.5071885648634e-06,9.8209927734318,0.03858561182756,-7.6328858600006e-15,0.90461741881211
131.25,128,0,131.25,9.4782646023247e-05,9.3946940255083e-05,-4.4514887979948e-09,-3.5071885648634e-06,9.8188600700909,0.03858561182756,-7.6328858600006e-15,0.90461741881211
131.3,128,0,131.3,9.5005220474888e-05,9.4122299693082e-05,-4.4514887979948e-09,-3.5071885648634e-06,9.8167273667499,0.03858561182756,-7.6328858600006e-15,0.90461741881211
131.35,128,0,131.35,9.5227794926528e-05,9.4297659131082e-05,-4.4514887979948e-09,-3.5071885648634e-06,9.814594663409,0.03858561182756,-7.6328858600006e-15,0.90461741881211
131.4,128,0,131.4,9.5450369378168e-05,9.4473018569082e-05,-4.4514887979948e-09,-3.5071885648634e-06,9.812461960068,0.03858561182756,-7.6328858600006e-15,0.90461741881211
131.45,128,0,131.45,9.5672943829809e-05,9.4648378007082e-05,-4.4514887979948e-09,-3.5071885648634e-06,9.8103292567271,0.03858561182756,-7.6328858600006e-15,0.90461741881211
131.5,128,0,131.5,9.5895518281449e-05,9.4823737445081e-05,-4.4514887979948e-09,-3.5071885648634e-06,9.8081965533861,0.03858561182756,-7.6328858600006e-15,0.90461741881211
131.55,128,0,131.55,9.6118092733089e-05,9.4999096883081e-05,-4.4514887979948e-09,-3.5071885648634e-06,9.8060638500452,0.03858561182756,-7.6328858600006e-15,0.90461741881211
131.6,128,0,131.6,9.6340667184729e-05,9.5174456321081e-05,-4.4514887979948e-09,-3.5071885648634e-06,9.8039311467042,0.03858561182756,-7.6328858600006e-15,0.90461741881211
131.65,128,0,131.65,9.656324163637e-05,9.5349815759081e-05,-4.4514887979948e-09,-3.5071885648634e-06,9.8017984433633,0.03858561182756,-7.6328858600006e-15,0.90461741881211
131.7,128,0,131.7,9.678581608801e-05,9.552517519708e-05,-4.4514887979948e-09,-3.5071885648634e-06,9.7996657400223,0.03858561182756,-7.6328858600006e-15,0.90461741881211
131.75,128,0,131.75,9.700839053965e-05,9.570053463508e-05,-4.4514887979948e-09,-3.5071885648634e-06,9.7975330366814,0.03858561182756,-7.6328858600006e-15,0.90461741881211
131.8,128,0,131.8,9.723096499129e-05,9.587589407308e-05,-4.4514887979948e-09,-3.5071885648634e-06,9.7954003333405,0.03858561182756,-7.6328858600006e-15,0.90461741881211
131.85,128,0,131.85,9.7453539442931e-05,9.605125351108e-05,-4.4514887979948e-09,-3.5071885648634e-06,9.7932676299995,0.03858561182756,-7.6328858600006e-15,0.90461741881211
131.9,128,0,131.9,9.7676113894571e-05,9.6226612949079e-05,-4.4514887979948e-09,-3.5071885648634e-06,9.7911349266586,0.03858561182756,-7.6328858600006e-15,0.90461741881211
131.95,128,0,131.95,9.7898688346211e-05,9.6401972387079e-05,-4.4514887979948e-09,-3.5071885648634e-06,9.7890022233176,0.03858561182756,-7.6328858600006e-15,0.90461741881211
132,128,0,132,9.8121262797851e-05,9.6577331825079e-05,-4.4514887979948e-09,-3.5071885648634e-06,9.7868695199767,0.03858561182756,-7.6328858600006e-15,0.90461741881211
132.05,128,0,132.05,9.8271470632327e-05,9.659486388273e-05,-3.0041576047705e-09,-3.5064184619013e-07,9.7848673227927,0.038585611827571,-1.6474775292279e-14,0.9635817125626
132.1,128,0,132.1,9.8421678466803e-05,9.6612395940381e-05,-3.0041576047705e-09,-3.5064184619013e-07,9.7828651256088,0.038585611827571,-1.6474775292279e-14,0.9635817125626
132.15,128,0,132.15,9.8571886301279e-05,9.6629927998033e-05,-3.0041576047705e-09,-3.5064184619013e-07,9.7808629284249,0.038585611827571,-1.6474775292279e-14,0.9635817125626
132.2,128,0,132.2,9.8722094135755e-05,9.6647460055684e-05,-3.0041576047705e-09,-3.5064184619013e-07,9.778860731241,0.038585611827571,-1.6474775292279e-14,0.9635817125626
132.25,128,0,132.25,9.887230197023e-05,9.6664992113335e-05,-3.0041576047705e-09,-3.5064184619013e-07,9.776858534057,0.038585611827571,-1.6474775292279e-14,0.9635817125626
132.3,128,0,132.3,9.9022509804706e-05,9.6682524170987e-05,-3.0041576047705e-09,-3.5064184619013e-07,9.7748563368731,0.038585611827571,-1.6474775292279e-14,0.9635817125626
132.35,128,0,132.35,9.9172717639182e-05,9.6700056228638e-05,-3.0041576047705e-09,-3.5064184619013e-07,9.7728541396892,0.038585611827571,-1.6474775292279e-14,0.9635817125626
132.4,128,0,132.4,9.9322925473658e-05,9.6717588286289e-05,-3.0041576047705e-09,-3.5064184619013e-07,9.7708519425052,0.038585611827571,-1.6474775292279e-14,0.9635817125626
132.45,128,0,132.45,9.9473133308134e-05,9.673512034394e-05,-3.0041576047705e-09,-3.5064184619013e-07,9.7688497453213,0.038585611827571,-1.6474775292279e-14,0.9635817125626
132.5,128,0,132.5,9.9623341142609e-05,9.6752652401592e-05,-3.0041576047705e-09,-3.5064184619013e-07,9.7668475481374,0.038585611827571,-1.6474775292279e-14,0.9635817125626
132.55,128,0,132.55,9.9773548977085e-05,9.6770184459243e-05,-3.0041576047705e-09,-3.5064184619013e-07,9.7648453509535,0.038585611827571,-1.6474775292279e-14,0.9635817125626
132.6,128,0,132.6,9.9923756811561e-05,9.6787716516894e-05,-3.0041576047705e-09,-3.5064184619013e-07,9.7628431537695,0.038585611827571,-1.6474775292279e-14,0.9635817125626
132.65,128,0,132.65,0.00010007396464604,9.6805248574545e-05,-3.0041576047705e-09,-3.5064184619013e-07,9.7608409565856,0.038585611827571,-1.6474775292279e-14,0.9635817125626
132.7,128,0,132.7,0.00010022417248051,9.6822780632197e-05,-3.0041576047705e-09,-3.5064184619013e-07,9.7588387594017,0.038585611827571,-1.6474775292279e-14,0.9635817125626
132.75,128,0,132.75,0.00010037438031499,9.6840312689848e-05,-3.0041576047705e-09,-3.5064184619013e-07,9.7568365622177,0.038585611827571,-1.6474775292279e-14,0.9635817125626
132.8,128,0,132.8,0.00010052458814946,9.6857844747499e-05,-3.0041576047705e-09,-3.5064184619013e-07,9.7548343650338,0.038585611827571,-1.6474775292279e-14,0.9635817125626
132.85,128,0,132.85,0.00010067479598394,9.687537680515e-05,-3.0041576047705e-09,-3.5064184619013e-07,9.7528321678499,0.038585611827571,-1.6474775292279e-14,0.9635817125626
132.9,128,0,132.9,0.00010082500381842,9.6892908862802e-05,-3.0041576047705e-09,-3.5064184619013e-07,9.750829970666,0.038585611827571,-1.6474775292279e-14,0.9635817125626
132.95,128,0,132.95,0.00010097521165289,9.6910440920453e-05,-3.0041576047705e-09,-3.5064184619013e-07,9.748827773482,0.038585611827571,-1.6474775292279e-14,0.9635817125626
133,128,0,133,0.00010112541948737,9.6927972978104e-05,-3.0041576047705e-09,-3.5064184619013e-07,9.7468255762981,0.038585611827571,-1.6474775292279e-14,0.9635817125626
133.05,128,0,133.05,0.00010134393736149,9.6783944934569e-05,-4.3703538038176e-09,2.8805632229743e-06,9.7448705140498,0.038585611827558,-4.29468289434e-14,0.98681287156246
133.1,128,0,133.1,0.00010156245523561,9.6639916891034e-05,-4.3703538038176e-09,2.8805632229743e-06,9.7429154518014,0.038585611827558,-4.29468289434e-14,0.98681287156246
133.15,128,0,133.15,0.00010178097310974,9.6495888847499e-05,-4.3703538038176e-09,2.8805632229743e-06,9.7409603895531,0.038585611827558,-4.29468289434e-14,0.98681287156246
133.2,128,0,133.2,0.00010199949098386,9.6351860803963e-05,-4.3703538038176e-09,2.8805632229743e-06,9.7390053273047,0.038585611827558,-4.29468289434e-14,0.98681287156246
133.25,128,0,133.25,0.00010221800885799,9.6207832760428e-05,-4.3703538038176e-09,2.8805632229743e-06,9.7370502650564,0.038585611827558,-4.29468289434e-14,0.98681287156246
133.3,128,0,133.3,0.00010243652673211,9.6063804716893e-05,-4.3703538038176e-09,2.8805632229743e-06,9.735095202808,0.038585611827558,-4.29468289434e-14,0.98681287156246
133.35,128,0,133.35,0.00010265504460623,9.5919776673358e-05,-4.3703538038176e-09,2.8805632229743e-06,9.7331401405597,0.038585611827558,-4.29468289434e-14,0.98681287156246
133.4,128,0,133.4,0.00010287356248036,9.5775748629823e-05,-4.3703538038176e-09,2.8805632229743e-06,9.7311850783113,0.038585611827558,-4.29468289434e-14,0.98681287156246
133.45,128,0,133.45,0.00010309208035448,9.5631720586287e-05,-4.3703538038176e-09,2.8805632229743e-06,9.729230016063,0.038585611827558,-4.29468289434e-14,0.98681287156246
133.5,128,0,133.5,0.0001033105982286,9.5487692542752e-05,-4.3703538038176e-09,2.8805632229743e-06,9.7272749538146,0.038585611827558,-4.29468289434e-14,0.98681287156246
133.55,128,0,133.55,0.00010352911610273,9.5343664499217e-05,-4.3703538038176e-09,2.8805632229743e-06,9.7253198915663,0.038585611827558,-4.29468289434e-14,0.98681287156246
133.6,128,0,133.6,0.00010374763397685,9.5199636455682e-05,-4.3703538038176e-09,2.8805632229743e-06,9.7233648293179,0.038585611827558,-4.29468289434e-14,0.98681287156246
133.65,128,0,133.65,0.00010396615185097,9.5055608412147e-05,-4.3703538038176e-09,2.8805632229743e-06,9.7214097670696,0.038585611827558,-4.29468289434e-14,0.98681287156246
133.7,128,0,133.7,0.0001041846697251,9.4911580368611e-05,-4.3703538038176e-09,2.8805632229743e-06,9.7194547048212,0.038585611827558,-4.29468289434e-14,0.98681287156246
133.75,128,0,133.75,0.00010440318759922,9.4767552325076e-05,-4.3703538038176e-09,2.8805632229743e-06,9.7174996425729,0.038585611827558,-4.29468289434e-14,0.98681287156246
133.8,128,0,133.8,0.00010462170547334,9.4623524281541e-05,-4.3703538038176e-09,2.8805632229743e-06,9.7155445803245,0.038585611827558,-4.29468289434e-14,0.98681287156246
133.85,128,0,133.85,0.00010484022334747,9.4479496238006e-05,-4.3703538038176e-09,2.8805632229743e-06,9.7135895180762,0.038585611827558,-4.29468289434e-14,0.98681287156246
133.9,128,0,133.9,0.00010505874122159,9.4335468194471e-05,-4.3703538038176e-09,2.8805632229743e-06,9.7116344558278,0.038585611827558,-4.29468289434e-14,0.98681287156246
133.95,128,0,133.95,0.00010527725909571,9.4191440150935e-05,-4.3703538038176e-09,2.8805632229743e-06,9.7096793935795,0.038585611827558,-4.29468289434e-14,0.98681287156246
134,128,0,134,0.00010549577696984,9.40474121074e-05,-4.3703538038176e-09,2.8805632229743e-06,9.7077243313311,0.038585611827558,-4.29468289434e-14,0.98681287156246
134.05,128,0,134.05,0.0001060116719968,9.3636975388275e-05,-1.0317915800923e-08,8.2087267672628e-06,9.7057859781286,0.038585611827541,-3.1824764364364e-14,0.99531942314238
134.1,128,0,134.1,0.00010652756702377,9.3226538669149e-05,-1.0317915800923e-08,8.2087267672628e-06,9.7038476249261,0.038585611827541,-3.1824764364364e-14,0.99531942314238
134.15,128,0,134.15,0.00010704346205074,9.2816101950023e-05,-1.0317915800923e-08,8.2087267672628e-06,9.7019092717235,0.038585611827541,-3.1824764364364e-14,0.99531942314238
134.2,128,0,134.2,0.0001075593570777,9.2405665230898e-05,-1.0317915800923e-08,8.2087267672628e-06,9.699970918521,0.038585611827541,-3.1824764364364e-14,0.99531942314238
134.25,128,0,134.25,0.00010807525210467,9.1995228511772e-05,-1.0317915800923e-08,8.2087267672628e-06,9.6980325653185,0.038585611827541,-3.1824764364364e-14,0.99531942314238
134.3,128,0,134.3,0.00010859114713163,9.1584791792646e-05,-1.0317915800923e-08,8.2087267672628e-06,9.696094212116,0.038585611827541,-3.1824764364364e-14,0.99531942314238
134.35,128,0,134.35,0.0001091070421586,9.1174355073521e-05,-1.0317915800923e-08,8.2087267672628e-06,9.6941558589135,0.038585611827541,-3.1824764364364e-14,0.99531942314238
134.4,128,0,134.4,0.00010962293718557,9.0763918354395e-05,-1.0317915800923e-08,8.2087267672628e-06,9.6922175057109,0.038585611827541,-3.1824764364364e-14,0.99531942314238
134.45,128,0,134.45,0.00011013883221253,9.0353481635269e-05,-1.0317915800923e-08,8.2087267672628e-06,9.6902791525084,0.038585611827541,-3.1824764364364e-14,0.99531942314238
134.5,128,0,134.5,0.0001106547272395,8.9943044916144e-05,-1.0317915800923e-08,8.2087267672628e-06,9.6883407993059,0.038585611827541,-3.1824764364364e-14,0.99531942314238
134.55,128,0,134.55,0.00011117062226646,8.9532608197018e-05,-1.0317915800923e-08,8.2087267672628e-06,9.6864024461034,0.038585611827541,-3.1824764364364e-14,0.99531942314238
134.6,128,0,134.6,0.00011168651729343,8.9122171477893e-05,-1.0317915800923e-08,8.2087267672628e-06,9.6844640929009,0.038585611827541,-3.1824764364364e-14,0.99531942314238
134.65,128,0,134.65,0.0001122024123204,8.8711734758767e-05,-1.0317915800923e-08,8.2087267672628e-06,9.6825257396984,0.038585611827541,-3.1824764364364e-14,0.99531942314238
134.7,128,0,134.7,0.00011271830734736,8.8301298039641e-05,-1.0317915800923e-08,8.2087267672628e-06,9.6805873864958,0.038585611827541,-3.1824764364364e-14,0.99531942314238
134.75,128,0,134.75,0.00011323420237433,8.7890861320516e-05,-1.0317915800923e-08,8.2087267672628e-06,9.6786490332933,0.038585611827541,-3.1824764364364e-14,0.99531942314238
134.8,128,0,134.8,0.00011375009740129,8.748042460139e-05,-1.0317915800923e-08,8.2087267672628e-06,9.6767106800908,0.038585611827541,-3.1824764364364e-14,0.99531942314238
134.85,128,0,134.85,0.00011426599242826,8.7069987882264e-05,-1.0317915800923e-08,8.2087267672628e-06,9.6747723268883,0.038585611827541,-3.1824764364364e-14,0.99531942314238
134.9,128,0,134.9,0.00011478188745523,8.6659551163139e-05,-1.0317915800923e-08,8.2087267672628e-06,9.6728339736858,0.038585611827541,-3.1824764364364e-14,0.99531942314238
134.95,128,0,134.95,0.00011529778248219,8.6249114444013e-05,-1.0317915800923e-08,8.2087267672628e-06,9.6708956204832,0.038585611827541,-3.1824764364364e-14,0.99531942314238
135,128,0,135,0.00011581367750916,8.5838677724887e-05,-1.0317915800923e-08,8.2087267672628e-06,9.6689572672807,0.038585611827541,-3.1824764364364e-14,0.99531942314238
135.05,128,0,135.05,0.0001170735479837,8.5045986453074e-05,-2.5197338444966e-08,1.5853845812844e-05,9.6670247993316,0.038585611827574,-1.5850003516261e-14,0.99835062838679
135.1,128,0,135.1,0.00011833341845823,8.425329518126e-05,-2.5197338444966e-08,1.5853845812844e-05,9.6650923313824,0.038585611827574,-1.5850003516261e-14,0.99835062838679
135.15,128,0,135.15,0.00011959328893277,8.3460603909446e-05,-2.5197338444966e-08,1.5853845812844e-05,9.6631598634332,0.038585611827574,-1.5850003516261e-14,0.99835062838679
135.2,128,0,135.2,0.00012085315940731,8.2667912637632e-05,-2.5197338444966e-08,1.5853845812844e-05,9.6612273954841,0.038585611827574,-1.5850003516261e-14,0.99835062838679
135.25,128,0,135.25,0.00012211302988185,8.1875221365819e-05,-2.5197338444966e-08,1.5853845812844e-05,9.6592949275349,0.038585611827574,-1.5850003516261e-14,0.99835062838679
135.3,128,0,135.3,0.00012337290035638,8.1082530094005e-05,-2.5197338444966e-08,1.5853845812844e-05,9.6573624595858,0.038585611827574,-1.5850003516261e-14,0.99835062838679
135.35,128,0,135.35,0.00012463277083092,8.0289838822191e-05,-2.5197338444966e-08,1.5853845812844e-05,9.6554299916366,0.038585611827574,-1.5850003516261e-14,0.99835062838679
135.4,128,0,135.4,0.00012589264130546,7.9497147550377e-05,-2.5197338444966e-08,1.5853845812844e-05,9.6534975236875,0.038585611827574,-1.5850003516261e-14,0.99835062838679
135.45,128,0,135.45,0.00012715251178,7.8704456278564e-05,-2.5197338444966e-08,1.5853845812844e-05,9.6515650557383,0.038585611827574,-1.5850003516261e-14,0.99835062838679
135.5,128,0,135.5,0.00012841238225453,7.791176500675e-05,-2.5197338444966e-08,1.5853845812844e-05,9.6496325877891,0.038585611827574,-1.5850003516261e-14,0.99835062838679
135.55,128,0,135.55,0.00012967225272907,7.7119073734936e-05,-2.5197338444966e-08,1.5853845812844e-05,9.64770011984,0.038585611827574,-1.5850003516261e-14,0.99835062838679
135.6,128,0,135.6,0.00013093212320361,7.6326382463123e-05,-2.5197338444966e-08,1.5853845812844e-05,9.6457676518908,0.038585611827574,-1.5850003516261e-14,0.99835062838679
135.65,128,0,135.65,0.00013219199367814,7.5533691191309e-05,-2.5197338444966e-08,1.5853845812844e-05,9.6438351839417,0.038585611827574,-1.5850003516261e-14,0.99835062838679
135.7,128,0,135.7,0.00013345186415268,7.4740999919495e-05,-2.5197338444966e-08,1.5853845812844e-05,9.6419027159925,0.038585611827574,-1.5850003516261e-14,0.99835062838679
135.75,128,0,135.75,0.00013471173462722,7.3948308647681e-05,-2.5197338444966e-08,1.5853845812844e-05,9.6399702480434,0.038585611827574,-1.5850003516261e-14,0.99835062838679
135.8,128,0,135.8,0.00013597160510176,7.3155617375868e-05,-2.5197338444966e-08,1.5853845812844e-05,9.6380377800942,0.038585611827574,-1.5850003516261e-14,0.99835062838679
135.85,128,0,135.85,0.00013723147557629,7.2362926104054e-05,-2.5197338444966e-08,1.5853845812844e-05,9.636105312145,0.038585611827574,-1.5850003516261e-14,0.99835062838679
135.9,128,0,135.9,0.00013849134605083,7.157023483224e-05,-2.5197338444966e-08,1.5853845812844e-05,9.6341728441959,0.038585611827574,-1.5850003516261e-14,0.99835062838679
135.95,128,0,135.95,0.00013975121652537,7.0777543560426e-05,-2.5197338444966e-08,1.5853845812844e-05,9.6322403762467,0.038585611827574,-1.5850003516261e-14,0.99835062838679
136,128,0,136,0.00014101108699991,6.9984852288613e-05,-2.5197338444966e-08,1.5853845812844e-05,9.6303079082976,0.038585611827574,-1.5850003516261e-14,0.99835062838679
136.05,128,0,136.05,0.00014376729615461,6.8968001714463e-05,-5.5124533050256e-08,2.0336963504045e-05,9.6283775085888,0.038585611827561,-1.0873878033335e-14,0.99942026651017
136.1,128,0,136.1,0.00014652350530931,6.7951151140314e-05,-5.5124533050256e-08,2.0336963504045e-05,9.6264471088801,0.038585611827561,-1.0873878033335e-14,0.99942026651017
136.15,128,0,136.15,0.00014927971446401,6.6934300566165e-05,-5.5124533050256e-08,2.0336963504045e-05,9.6245167091713,0.038585611827561,-1.0873878033335e-14,0.99942026651017
136.2,128,0,136.2,0.00015203592361871,6.5917449992015e-05,-5.5124533050256e-08,2.0336963504045e-05,9.6225863094626,0.038585611827561,-1.0873878033335e-14,0.99942026651017
136.25,128,0,136.25,0.00015479213277341,6.4900599417866e-05,-5.5124533050256e-08,2.0336963504045e-05,9.6206559097539,0.038585611827561,-1.0873878033335e-14,0.99942026651017
136.3,128,0,136.3,0.00015754834192811,6.3883748843716e-05,-5.5124533050256e-08,2.0336963504045e-05,9.6187255100451,0.038585611827561,-1.0873878033335e-14,0.99942026651017
136.35,128,0,136.35,0.00016030455108281,6.2866898269567e-05,-5.5124533050256e-08,2.0336963504045e-05,9.6167951103364,0.038585611827561,-1.0873878033335e-14,0.99942026651017
136.4,128,0,136.4,0.00016306076023752,6.1850047695418e-05,-5.5124533050256e-08,2.0336963504045e-05,9.6148647106277,0.038585611827561,-1.0873878033335e-14,0.99942026651017
136.45,128,0,136.45,0.00016581696939222,6.0833197121268e-05,-5.5124533050256e-08,2.0336963504045e-05,9.6129343109189,0.038585611827561,-1.0873878033335e-14,0.99942026651017
136.5,128,0,136.5,0.00016857317854692,5.9816346547119e-05,-5.5124533050256e-08,2.0336963504045e-05,9.6110039112102,0.038585611827561,-1.0873878033335e-14,0.99942026651017
136.55,128,0,136.55,0.00017132938770162,5.879949597297e-05,-5.5124533050256e-08,2.0336963504045e-05,9.6090735115014,0.038585611827561,-1.0873878033335e-14,0.99942026651017
136.6,128,0,136.6,0.00017408559685632,5.7782645398821e-05,-5.5124533050256e-08,2.0336963504045e-05,9.6071431117927,0.038585611827561,-1.0873878033335e-14,0.99942026651017
136.65,128,0,136.65,0.00017684180601102,5.6765794824671e-05,-5.5124533050256e-08,2.0336963504045e-05,9.605212712084,0.038585611827561,-1.0873878033335e-14,0.99942026651017
136.7,128,0,136.7,0.00017959801516572,5.5748944250521e-05,-5.5124533050256e-08,2.0336963504045e-05,9.6032823123752,0.038585611827561,-1.0873878033335e-14,0.99942026651017
136.75,128,0,136.75,0.00018235422432042,5.4732093676372e-05,-5.5124533050256e-08,2.0336963504045e-05,9.6013519126665,0.038585611827561,-1.0873878033335e-14,0.99942026651017
136.8,128,0,136.8,0.00018511043347513,5.3715243102223e-05,-5.5124533050256e-08,2.0336963504045e-05,9.5994215129578,0.038585611827561,-1.0873878033335e-14,0.99942026651017
136.85,128,0,136.85,0.00018786664262983,5.2698392528074e-05,-5.5124533050256e-08,2.0336963504045e-05,9.597491113249,0.038585611827561,-1.0873878033335e-14,0.99942026651017
136.9,128,0,136.9,0.00019062285178453,5.1681541953924e-05,-5.5124533050256e-08,2.0336963504045e-05,9.5955607135403,0.038585611827561,-1.0873878033335e-14,0.99942026651017
136.95,128,0,136.95,0.00019337906093923,5.0664691379775e-05,-5.5124533050256e-08,2.0336963504045e-05,9.5936303138315,0.038585611827561,-1.0873878033335e-14,0.99942026651017
137,128,0,137,0.00019613527009393,4.9647840805626e-05,-5.5124533050256e-08,2.0336963504045e-05,9.5916999141228,0.038585611827561,-1.0873878033335e-14,0.99942026651017
137.05,128,0,137.05,0.00020143809454219,4.8759921130667e-05,-1.0605437830492e-07,1.7758447460602e-05,9.5897702406772,0.038585611827556,2.219993997861e-16,0.99979641415315
137.1,128,0,137.1,0.00020674091899045,4.7872001455708e-05,-1.0605437830492e-07,1.7758447460602e-05,9.5878405672316,0.038585611827556,2.219993997861e-16,0.99979641415315
137.15,128,0,137.15,0.00021204374343872,4.6984081780749e-05,-1.0605437830492e-07,1.7758447460602e-05,9.5859108937861,0.038585611827556,2.219993997861e-16,0.99979641415315
137.2,128,0,137.2,0.00021734656788698,4.609616210579e-05,-1.0605437830492e-07,1.7758447460602e-05,9.5839812203405,0.038585611827556,2.219993997861e-16,0.99979641415315
137.25,128,0,137.25,0.00022264939233524,4.5208242430831e-05,-1.0605437830492e-07,1.7758447460602e-05,9.5820515468949,0.038585611827556,2.219993997861e-16,0.99979641415315
137.3,128,0,137.3,0.00022795221678351,4.4320322755872e-05,-1.0605437830492e-07,1.7758447460602e-05,9.5801218734493,0.038585611827556,2.219993997861e-16,0.99979641415315
137.35,128,0,137.35,0.00023325504123177,4.3432403080914e-05,-1.0605437830492e-07,1.7758447460602e-05,9.5781922000037,0.038585611827556,2.219993997861e-16,0.99979641415315
137.4,128,0,137.4,0.00023855786568003,4.2544483405955e-05,-1.0605437830492e-07,1.7758447460602e-05,9.5762625265582,0.038585611827556,2.219993997861e-16,0.99979641415315
137.45,128,0,137.45,0.0002438606901283,4.1656563730996e-05,-1.0605437830492e-07,1.7758447460602e-05,9.5743328531126,0.038585611827556,2.219993997861e-16,0.99979641415315
137.5,128,0,137.5,0.00024916351457656,4.0768644056037e-05,-1.0605437830492e-07,1.7758447460602e-05,9.572403179667,0.038585611827556,2.219993997861e-16,0.99979641415315
137.55,128,0,137.55,0.00025446633902482,3.9880724381078e-05,-1.0605437830492e-07,1.7758447460602e-05,9.5704735062214,0.038585611827556,2.219993997861e-16,0.99979641415315
137.6,128,0,137.6,0.00025976916347308,3.899280470612e-05,-1.0605437830492e-07,1.7758447460602e-05,9.5685438327758,0.038585611827556,2.219993997861e-16,0.99979641415315
137.65,128,0,137.65,0.00026507198792135,3.8104885031161e-05,-1.0605437830492e-07,1.7758447460602e-05,9.5666141593303,0.038585611827556,2.219993997861e-16,0.99979641415315
137.7,128,0,137.7,0.00027037481236961,3.7216965356202e-05,-1.0605437830492e-07,1.7758447460602e-05,9.5646844858847,0.038585611827556,2.219993997861e-16,0.99979641415315
137.75,128,0,137.75,0.00027567763681787,3.6329045681243e-05,-1.0605437830492e-07,1.7758447460602e-05,9.5627548124391,0.038585611827556,2.219993997861e-16,0.99979641415315
137.8,128,0,137.8,0.00028098046126614,3.5441126006284e-05,-1.0605437830492e-07,1.7758447460602e-05,9.5608251389935,0.038585611827556,2.219993997861e-16,0.99979641415315
137.85,128,0,137.85,0.0002862832857144,3.4553206331326e-05,-1.0605437830492e-07,1.7758447460602e-05,9.5588954655479,0.038585611827556,2.219993997861e-16,0.99979641415315
137.9,128,0,137.9,0.00029158611016266,3.3665286656367e-05,-1.0605437830492e-07,1.7758447460602e-05,9.5569657921023,0.038585611827556,2.219993997861e-16,0.99979641415315
137.95,128,0,137.95,0.00029688893461093,3.2777366981408e-05,-1.0605437830492e-07,1.7758447460602e-05,9.5550361186568,0.038585611827556,2.219993997861e-16,0.99979641415315
138,128,0,138,0.00030219175905919,3.1889447306449e-05,-1.0605437830492e-07,1.7758447460602e-05,9.5531064452112,0.038585611827556,2.219993997861e-16,0.99979641415315
138.05,128,0,138.05,0.00031154980360237,3.1276231746461e-05,-1.871732038192e-07,1.226436066911e-05,9.5511770267225,0.038585611827545,3.2194166602375e-15,0.9999285290618
138.1,128,0,138.1,0.00032090784814556,3.0663016186473e-05,-1.871732038192e-07,1.226436066911e-05,9.5492476082337,0.038585611827545,3.2194166602375e-15,0.9999285290618
138.15,128,0,138.15,0.00033026589268874,3.0049800626485e-05,-1.871732038192e-07,1.226436066911e-05,9.547318189745,0.038585611827545,3.2194166602375e-15,0.9999285290618
138.2,128,0,138.2,0.00033962393723193,2.9436585066497e-05,-1.871732038192e-07,1.226436066911e-05,9.5453887712563,0.038585611827545,3.2194166602375e-15,0.9999285290618
138.25,128,0,138.25,0.00034898198177511,2.8823369506509e-05,-1.871732038192e-07,1.226436066911e-05,9.5434593527676,0.038585611827545,3.2194166602375e-15,0.9999285290618
138.3,128,0,138.3,0.0003583400263183,2.821015394652e-05,-1.871732038192e-07,1.226436066911e-05,9.5415299342788,0.038585611827545,3.2194166602375e-15,0.9999285290618
138.35,128,0,138.35,0.00036769807086148,2.7596938386532e-05,-1.871732038192e-07,1.226436066911e-05,9.5396005157901,0.038585611827545,3.2194166602375e-15,0.9999285290618
138.4,128,0,138.4,0.00037705611540467,2.6983722826544e-05,-1.871732038192e-07,1.226436066911e-05,9.5376710973014,0.038585611827545,3.2194166602375e-15,0.9999285290618
138.45,128,0,138.45,0.00038641415994785,2.6370507266556e-05,-1.871732038192e-07,1.226436066911e-05,9.5357416788126,0.038585611827545,3.2194166602375e-15,0.9999285290618
138.5,128,0,138.5,0.00039577220449103,2.5757291706568e-05,-1.871732038192e-07,1.226436066911e-05,9.5338122603239,0.038585611827545,3.2194166602375e-15,0.9999285290618
138.55,128,0,138.55,0.00040513024903422,2.514407614658e-05,-1.871732038192e-07,1.226436066911e-05,9.5318828418352,0.038585611827545,3.2194166602375e-15,0.9999285290618
138.6,128,0,138.6,0.0004144882935774,2.4530860586592e-05,-1.871732038192e-07,1.226436066911e-05,9.5299534233465,0.038585611827545,3.2194166602375e-15,0.9999285290618
138.65,128,0,138.65,0.00042384633812059,2.3917645026604e-05,-1.871732038192e-07,1.226436066911e-05,9.5280240048577,0.038585611827545,3.2194166602375e-15,0.9999285290618
138.7,128,0,138.7,0.00043320438266378,2.3304429466615e-05,-1.871732038192e-07,1.226436066911e-05,9.526094586369,0.038585611827545,3.2194166602375e-15,0.9999285290618
138.75,128,0,138.75,0.00044256242720696,2.2691213906627e-05,-1.871732038192e-07,1.226436066911e-05,9.5241651678803,0.038585611827545,3.2194166602375e-15,0.9999285290618
138.8,128,0,138.8,0.00045192047175014,2.2077998346639e-05,-1.871732038192e-07,1.226436066911e-05,9.5222357493916,0.038585611827545,3.2194166602375e-15,0.9999285290618
138.85,128,0,138.85,0.00046127851629332,2.1464782786651e-05,-1.871732038192e-07,1.226436066911e-05,9.5203063309028,0.038585611827545,3.2194166602375e-15,0.9999285290618
138.9,128,0,138.9,0.00047063656083651,2.0851567226663e-05,-1.871732038192e-07,1.226436066911e-05,9.5183769124141,0.038585611827545,3.2194166602375e-15,0.9999285290618
138.95,128,0,138.95,0.0004799946053797,2.0238351666675e-05,-1.871732038192e-07,1.226436066911e-05,9.5164474939254,0.038585611827545,3.2194166602375e-15,0.9999285290618
139,128,0,139,0.00048935264992288,1.9625136106687e-05,-1.871732038192e-07,1.226436066911e-05,9.5145180754367,0.038585611827545,3.2194166602375e-15,0.9999285290618
139.05,128,0,139.05,0.0005048846964452,1.9244191625987e-05,-3.105604613775e-07,7.6181139055078e-06,9.5125887464426,0.038585611827579,1.7763122744542e-14,0.99997491216568
139.1,128,0,139.1,0.00052041674296752,1.8863247145288e-05,-3.105604613775e-07,7.6181139055078e-06,9.5106594174485,0.038585611827579,1.7763122744542e-14,0.99997491216568
139.15,128,0,139.15,0.00053594878948984,1.8482302664588e-05,-3.105604613775e-07,7.6181139055078e-06,9.5087300884545,0.038585611827579,1.7763122744542e-14,0.99997491216568
139.2,128,0,139.2,0.00055148083601216,1.8101358183889e-05,-3.105604613775e-07,7.6181139055078e-06,9.5068007594604,0.038585611827579,1.7763122744542e-14,0.99997491216568
139.25,128,0,139.25,0.00056701288253448,1.7720413703189e-05,-3.105604613775e-07,7.6181139055078e-06,9.5048714304663,0.038585611827579,1.7763122744542e-14,0.99997491216568
139.3,128,0,139.3,0.0005825449290568,1.7339469222489e-05,-3.105604613775e-07,7.6181139055078e-06,9.5029421014723,0.038585611827579,1.7763122744542e-14,0.99997491216568
139.35,128,0,139.35,0.00059807697557912,1.695852474179e-05,-3.105604613775e-07,7.6181139055078e-06,9.5010127724782,0.038585611827579,1.7763122744542e-14,0.99997491216568
139.4,128,0,139.4,0.00061360902210144,1.657758026109e-05,-3.105604613775e-07,7.6181139055078e-06,9.4990834434841,0.038585611827579,1.7763122744542e-14,0.99997491216568
139.45,128,0,139.45,0.00062914106862376,1.6196635780391e-05,-3.105604613775e-07,7.6181139055078e-06,9.4971541144901,0.038585611827579,1.7763122744542e-14,0.99997491216568
139.5,128,0,139.5,0.00064467311514608,1.5815691299691e-05,-3.105604613775e-07,7.6181139055078e-06,9.495224785496,0.038585611827579,1.7763122744542e-14,0.99997491216568
139.55,128,0,139.55,0.0006602051616684,1.5434746818992e-05,-3.105604613775e-07,7.6181139055078e-06,9.4932954565019,0.038585611827579,1.7763122744542e-14,0.99997491216568
139.6,128,0,139.6,0.00067573720819072,1.5053802338292e-05,-3.105604613775e-07,7.6181139055078e-06,9.4913661275079,0.038585611827579,1.7763122744542e-14,0.99997491216568
139.65,128,0,139.65,0.00069126925471304,1.4672857857593e-05,-3.105604613775e-07,7.6181139055078e-06,9.4894367985138,0.038585611827579,1.7763122744542e-14,0.99997491216568
139.7,128,0,139.7,0.00070680130123536,1.4291913376893e-05,-3.105604613775e-07,7.6181139055078e-06,9.4875074695197,0.038585611827579,1.7763122744542e-14,0.99997491216568
139.75,128,0,139.75,0.00072233334775768,1.3910968896194e-05,-3.105604613775e-07,7.6181139055078e-06,9.4855781405257,0.038585611827579,1.7763122744542e-14,0.99997491216568
139.8,128,0,139.8,0.00073786539428,1.3530024415494e-05,-3.105604613775e-07,7.6181139055078e-06,9.4836488115316,0.038585611827579,1.7763122744542e-14,0.99997491216568
139.85,128,0,139.85,0.00075339744080231,1.3149079934794e-05,-3.105604613775e-07,7.6181139055078e-06,9.4817194825375,0.038585611827579,1.7763122744542e-14,0.99997491216568
139.9,128,0,139.9,0.00076892948732464,1.2768135454095e-05,-3.105604613775e-07,7.6181139055078e-06,9.4797901535435,0.038585611827579,1.7763122744542e-14,0.99997491216568
139.95,128,0,139.95,0.00078446153384696,1.2387190973395e-05,-3.105604613775e-07,7.6181139055078e-06,9.4778608245494,0.038585611827579,1.7763122744542e-14,0.99997491216568
140,128,0,140,0.00079999358036928,1.2006246492696e-05,-3.105604613775e-07,7.6181139055078e-06,9.4759314955553,0.038585611827579,1.7763122744542e-14,0.99997491216568
140.05,128,0,140.05,0.00082392727601289,1.1786570759344e-05,-4.7902074807767e-07,4.3958370043155e-06,9.4740021979745,0.038585611827562,2.9864736370471e-14,0.9999911939745
140.1,128,0,140.1,0.0008478609716565,1.1566895025993e-05,-4.7902074807767e-07,4.3958370043155e-06,9.4720729003937,0.038585611827562,2.9864736370471e-14,0.9999911939745
140.15,128,0,140.15,0.00087179466730011,1.1347219292642e-05,-4.7902074807767e-07,4.3958370043155e-06,9.4701436028129,0.038585611827562,2.9864736370471e-14,0.9999911939745
140.2,128,0,140.2,0.00089572836294373,1.1127543559291e-05,-4.7902074807767e-07,4.3958370043155e-06,9.468214305232,0.038585611827562,2.9864736370471e-14,0.9999911939745
140.25,128,0,140.25,0.00091966205858733,1.0907867825939e-05,-4.7902074807767e-07,4.3958370043155e-06,9.4662850076512,0.038585611827562,2.9864736370471e-14,0.9999911939745
140.3,128,0,140.3,0.00094359575423095,1.0688192092588e-05,-4.7902074807767e-07,4.3958370043155e-06,9.4643557100704,0.038585611827562,2.9864736370471e-14,0.9999911939745
140.35,128,0,140.35,0.00096752944987455,1.0468516359237e-05,-4.7902074807767e-07,4.3958370043155e-06,9.4624264124896,0.038585611827562,2.9864736370471e-14,0.9999911939745
140.4,128,0,140.4,0.00099146314551817,1.0248840625885e-05,-4.7902074807767e-07,4.3958370043155e-06,9.4604971149088,0.038585611827562,2.9864736370471e-14,0.9999911939745
140.45,128,0,140.45,0.0010153968411618,1.0029164892534e-05,-4.7902074807767e-07,4.3958370043155e-06,9.4585678173279,0.038585611827562,2.9864736370471e-14,0.9999911939745
140.5,128,0,140.5,0.0010393305368054,9.8094891591829e-06,-4.7902074807767e-07,4.3958370043155e-06,9.4566385197471,0.038585611827562,2.9864736370471e-14,0.9999911939745
140.55,128,0,140.55,0.001063264232449,9.5898134258315e-06,-4.7902074807767e-07,4.3958370043155e-06,9.4547092221663,0.038585611827562,2.9864736370471e-14,0.9999911939745
140.6,128,0,140.6,0.0010871979280926,9.3701376924803e-06,-4.7902074807767e-07,4.3958370043155e-06,9.4527799245855,0.038585611827562,2.9864736370471e-14,0.9999911939745
140.65,128,0,140.65,0.0011111316237362,9.150461959129e-06,-4.7902074807767e-07,4.3958370043155e-06,9.4508506270047,0.038585611827562,2.9864736370471e-14,0.9999911939745
140.7,128,0,140.7,0.0011350653193798,8.9307862257776e-06,-4.7902074807767e-07,4.3958370043155e-06,9.4489213294238,0.038585611827562,2.9864736370471e-14,0.9999911939745
140.75,128,0,140.75,0.0011589990150234,8.7111104924264e-06,-4.7902074807767e-07,4.3958370043155e-06,9.446992031843,0.038585611827562,2.9864736370471e-14,0.9999911939745
140.8,128,0,140.8,0.0011829327106671,8.4914347590751e-06,-4.7902074807767e-07,4.3958370043155e-06,9.4450627342622,0.038585611827562,2.9864736370471e-14,0.9999911939745
140.85,128,0,140.85,0.0012068664063107,8.2717590257239e-06,-4.7902074807767e-07,4.3958370043155e-06,9.4431334366814,0.038585611827562,2.9864736370471e-14,0.9999911939745
140.9,128,0,140.9,0.0012308001019543,8.0520832923725e-06,-4.7902074807767e-07,4.3958370043155e-06,9.4412041391006,0.038585611827562,2.9864736370471e-14,0.9999911939745
140.95,128,0,140.95,0.0012547337975979,7.8324075590212e-06,-4.7902074807767e-07,4.3958370043155e-06,9.4392748415197,0.038585611827562,2.9864736370471e-14,0.9999911939745
141,128,0,141,0.0012786674932415,7.61273182567e-06,-4.7902074807767e-07,4.3958370043155e-06,9.4373455439389,0.038585611827562,2.9864736370471e-14,0.9999911939745
141.05,128,0,141.05,0.0013027751005637,7.5139471850196e-06,-4.8144588507181e-07,1.9725587542411e-06,9.4354162573842,0.038585611827581,2.7755489824773e-15,0.99999690905866
141.1,128,0,141.1,0.0013268827078858,7.4151625443692e-06,-4.8144588507181e-07,1.9725587542411e-06,9.4334869708295,0.038585611827581,2.7755489824773e-15,0.99999690905866
141.15,128,0,141.15,0.001350990315208,7.3163779037189e-06,-4.8144588507181e-07,1.9725587542411e-06,9.4315576842748,0.038585611827581,2.7755489824773e-15,0.99999690905866
141.2,128,0,141.2,0.0013750979225301,7.2175932630685e-06,-4.8144588507181e-07,1.9725587542411e-06,9.4296283977201,0.038585611827581,2.7755489824773e-15,0.99999690905866
141.25,128,0,141.25,0.0013992055298523,7.1188086224181e-06,-4.8144588507181e-07,1.9725587542411e-06,9.4276991111655,0.038585611827581,2.7755489824773e-15,0.99999690905866
141.3,128,0,141.3,0.0014233131371744,7.0200239817678e-06,-4.8144588507181e-07,1.9725587542411e-06,9.4257698246108,0.038585611827581,2.7755489824773e-15,0.99999690905866
141.35,128,0,141.35,0.0014474207444966,6.9212393411174e-06,-4.8144588507181e-07,1.9725587542411e-06,9.4238405380561,0.038585611827581,2.7755489824773e-15,0.99999690905866
141.4,128,0,141.4,0.0014715283518187,6.822454700467e-06,-4.8144588507181e-07,1.9725587542411e-06,9.4219112515014,0.038585611827581,2.7755489824773e-15,0.99999690905866
141.45,128,0,141.45,0.0014956359591409,6.7236700598167e-06,-4.8144588507181e-07,1.9725587542411e-06,9.4199819649467,0.038585611827581,2.7755489824773e-15,0.99999690905866
141.5,128,0,141.5,0.0015197435664631,6.6248854191663e-06,-4.8144588507181e-07,1.9725587542411e-06,9.418052678392,0.038585611827581,2.7755489824773e-15,0.99999690905866
141.55,128,0,141.55,0.0015438511737852,6.5261007785159e-06,-4.8144588507181e-07,1.9725587542411e-06,9.4161233918373,0.038585611827581,2.7755489824773e-15,0.99999690905866
141.6,128,0,141.6,0.0015679587811074,6.4273161378656e-06,-4.8144588507181e-07,1.9725587542411e-06,9.4141941052826,0.038585611827581,2.7755489824773e-15,0.99999690905866
141.65,128,0,141.65,0.0015920663884295,6.3285314972152e-06,-4.8144588507181e-07,1.9725587542411e-06,9.4122648187279,0.038585611827581,2.7755489824773e-15,0.99999690905866
141.7,128,0,141.7,0.0016161739957517,6.2297468565648e-06,-4.8144588507181e-07,1.9725587542411e-06,9.4103355321733,0.038585611827581,2.7755489824773e-15,0.99999690905866
141.75,128,0,141.75,0.0016402816030738,6.1309622159145e-06,-4.8144588507181e-07,1.9725587542411e-06,9.4084062456186,0.038585611827581,2.7755489824773e-15,0.99999690905866
141.8,128,0,141.8,0.001664389210396,6.0321775752641e-06,-4.8144588507181e-07,1.9725587542411e-06,9.4064769590639,0.038585611827581,2.7755489824773e-15,0.99999690905866
141.85,128,0,141.85,0.0016884968177181,5.9333929346138e-06,-4.8144588507181e-07,1.9725587542411e-06,9.4045476725092,0.038585611827581,2.7755489824773e-15,0.99999690905866
141.9,128,0,141.9,0.0017126044250403,5.8346082939634e-06,-4.8144588507181e-07,1.9725587542411e-06,9.4026183859545,0.038585611827581,2.7755489824773e-15,0.99999690905866
141.95,128,0,141.95,0.0017367120323625,5.735823653313e-06,-4.8144588507181e-07,1.9725587542411e-06,9.4006890993998,0.038585611827581,2.7755489824773e-15,0.99999690905866
142,128,0,142,0.0017608196396846,5.6370390126627e-06,-4.8144588507181e-07,1.9725587542411e-06,9.3987598128451,0.038585611827581,2.7755489824773e-15,0.99999690905866
142.05,128,0,142.05,0.0017738408772721,5.6023745663829e-06,-2.6122600906773e-07,6.9581303444212e-07,9.3968305301606,0.03858561182756,8.6597301969129e-15,0.99999891507553
142.1,128,0,142.1,0.0017868621148595,5.5677101201031e-06,-2.6122600906773e-07,6.9581303444212e-07,9.3949012474761,0.03858561182756,8.6597301969129e-15,0.99999891507553
142.15,128,0,142.15,0.0017998833524469,5.5330456738233e-06,-2.6122600906773e-07,6.9581303444212e-07,9.3929719647916,0.03858561182756,8.6597301969129e-15,0.99999891507553
142.2,128,0,142.2,0.0018129045900344,5.4983812275435e-06,-2.6122600906773e-07,6.9581303444212e-07,9.3910426821071,0.03858561182756,8.6597301969129e-15,0.99999891507553
142.25,128,0,142.25,0.0018259258276218,5.4637167812637e-06,-2.6122600906773e-07,6.9581303444212e-07,9.3891133994226,0.03858561182756,8.6597301969129e-15,0.99999891507553
142.3,128,0,142.3,0.0018389470652093,5.4290523349839e-06,-2.6122600906773e-07,6.9581303444212e-07,9.3871841167381,0.03858561182756,8.6597301969129e-15,0.99999891507553
142.35,128,0,142.35,0.0018519683027967,5.3943878887042e-06,-2.6122600906773e-07,6.9581303444212e-07,9.3852548340536,0.03858561182756,8.6597301969129e-15,0.99999891507553
142.4,128,0,142.4,0.0018649895403842,5.3597234424244e-06,-2.6122600906773e-07,6.9581303444212e-07,9.3833255513691,0.03858561182756,8.6597301969129e-15,0.99999891507553
142.45,128,0,142.45,0.0018780107779716,5.3250589961446e-06,-2.6122600906773e-07,6.9581303444212e-07,9.3813962686846,0.03858561182756,8.6597301969129e-15,0.99999891507553
142.5,128,0,142.5,0.0018910320155591,5.2903945498648e-06,-2.6122600906773e-07,6.9581303444212e-07,9.3794669860001,0.03858561182756,8.6597301969129e-15,0.99999891507553
142.55,128,0,142.55,0.0019040532531465,5.255730103585e-06,-2.6122600906773e-07,6.9581303444212e-07,9.3775377033156,0.03858561182756,8.6597301969129e-15,0.99999891507553
142.6,128,0,142.6,0.001917074490734,5.2210656573052e-06,-2.6122600906773e-07,6.9581303444212e-07,9.3756084206311,0.03858561182756,8.6597301969129e-15,0.99999891507553
142.65,128,0,142.65,0.0019300957283214,5.1864012110254e-06,-2.6122600906773e-07,6.9581303444212e-07,9.3736791379465,0.03858561182756,8.6597301969129e-15,0.99999891507553
142.7,128,0,142.7,0.0019431169659088,5.1517367647456e-06,-2.6122600906773e-07,6.9581303444212e-07,9.371749855262,0.03858561182756,8.6597301969129e-15,0.99999891507553
142.75,128,0,142.75,0.0019561382034963,5.1170723184658e-06,-2.6122600906773e-07,6.9581303444212e-07,9.3698205725775,0.03858561182756,8.6597301969129e-15,0.99999891507553
142.8,128,0,142.8,0.0019691594410837,5.082407872186e-06,-2.6122600906773e-07,6.9581303444212e-07,9.367891289893,0.03858561182756,8.6597301969129e-15,0.99999891507553
142.85,128,0,142.85,0.0019821806786712,5.0477434259062e-06,-2.6122600906773e-07,6.9581303444212e-07,9.3659620072085,0.03858561182756,8.6597301969129e-15,0.99999891507553
142.9,128,0,142.9,0.0019952019162586,5.0130789796264e-06,-2.6122600906773e-07,6.9581303444212e-07,9.364032724524,0.03858561182756,8.6597301969129e-15,0.99999891507553
142.95,128,0,142.95,0.0020082231538461,4.9784145333467e-06,-2.6122600906773e-07,6.9581303444212e-07,9.3621034418395,0.03858561182756,8.6597301969129e-15,0.99999891507553
143,128,0,143,0.0020212443914335,4.9437500870669e-06,-2.6122600906773e-07,6.9581303444212e-07,9.360174159155,0.03858561182756,8.6597301969129e-15,0.99999891507553
143.05,128,0,143.05,0.0020266141377136,4.9313963905287e-06,-1.0678399064417e-07,2.4549745274502e-07,9.3582448778289,0.038585611827571,-8.4376917739987e-15,0.99999961919073
143.1,128,0,143.1,0.0020319838839937,4.9190426939906e-06,-1.0678399064417e-07,2.4549745274502e-07,9.3563155965029,0.038585611827571,-8.4376917739987e-15,0.99999961919073
143.15,128,0,143.15,0.0020373536302738,4.9066889974524e-06,-1.0678399064417e-07,2.4549745274502e-07,9.3543863151768,0.038585611827571,-8.4376917739987e-15,0.99999961919073
143.2,128,0,143.2,0.0020427233765539,4.8943353009142e-06,-1.0678399064417e-07,2.4549745274502e-07,9.3524570338508,0.038585611827571,-8.4376917739987e-15,0.99999961919073
143.25,128,0,143.25,0.0020480931228339,4.8819816043761e-06,-1.0678399064417e-07,2.4549745274502e-07,9.3505277525247,0.038585611827571,-8.4376917739987e-15,0.99999961919073
143.3,128,0,143.3,0.002053462869114,4.8696279078379e-06,-1.0678399064417e-07,2.4549745274502e-07,9.3485984711986,0.038585611827571,-8.4376917739987e-15,0.99999961919073
143.35,128,0,143.35,0.0020588326153941,4.8572742112998e-06,-1.0678399064417e-07,2.4549745274502e-07,9.3466691898726,0.038585611827571,-8.4376917739987e-15,0.99999961919073
143.4,128,0,143.4,0.0020642023616742,4.8449205147616e-06,-1.0678399064417e-07,2.4549745274502e-07,9.3447399085465,0.038585611827571,-8.4376917739987e-15,0.99999961919073
143.45,128,0,143.45,0.0020695721079543,4.8325668182234e-06,-1.0678399064417e-07,2.4549745274502e-07,9.3428106272204,0.038585611827571,-8.4376917739987e-15,0.99999961919073
143.5,128,0,143.5,0.0020749418542344,4.8202131216853e-06,-1.0678399064417e-07,2.4549745274502e-07,9.3408813458944,0.038585611827571,-8.4376917739987e-15,0.99999961919073
143.55,128,0,143.55,0.0020803116005145,4.8078594251471e-06,-1.0678399064417e-07,2.4549745274502e-07,9.3389520645683,0.038585611827571,-8.4376917739987e-15,0.99999961919073
143.6,128,0,143.6,0.0020856813467945,4.795505728609e-06,-1.0678399064417e-07,2.4549745274502e-07,9.3370227832422,0.038585611827571,-8.4376917739987e-15,0.99999961919073
143.65,128,0,143.65,0.0020910510930746,4.7831520320708e-06,-1.0678399064417e-07,2.4549745274502e-07,9.3350935019162,0.038585611827571,-8.4376917739987e-15,0.99999961919073
143.7,128,0,143.7,0.0020964208393547,4.7707983355327e-06,-1.0678399064417e-07,2.4549745274502e-07,9.3331642205901,0.038585611827571,-8.4376917739987e-15,0.99999961919073
143.75,128,0,143.75,0.0021017905856348,4.7584446389945e-06,-1.0678399064417e-07,2.4549745274502e-07,9.331234939264,0.038585611827571,-8.4376917739987e-15,0.99999961919073
143.8,128,0,143.8,0.0021071603319149,4.7460909424563e-06,-1.0678399064417e-07,2.4549745274502e-07,9.329305657938,0.038585611827571,-8.4376917739987e-15,0.99999961919073
143.85,128,0,143.85,0.002112530078195,4.7337372459182e-06,-1.0678399064417e-07,2.4549745274502e-07,9.3273763766119,0.038585611827571,-8.4376917739987e-15,0.99999961919073
143.9,128,0,143.9,0.0021178998244751,4.72138354938e-06,-1.0678399064417e-07,2.4549745274502e-07,9.3254470952858,0.038585611827571,-8.4376917739987e-15,0.99999961919073
143.95,128,0,143.95,0.0021232695707551,4.7090298528419e-06,-1.0678399064417e-07,2.4549745274502e-07,9.3235178139598,0.038585611827571,-8.4376917739987e-15,0.99999961919073
144,128,0,144,0.0021286393170352,4.6966761563037e-06,-1.0678399064417e-07,2.4549745274502e-07,9.3215885326337,0.038585611827571,-8.4376917739987e-15,0.99999961919073
144.05,128,0,144.05,0.0021306123307384,4.6924495397021e-06,-3.9777255935819e-08,8.5282052761134e-08,9.3196592517845,0.038585611827561,-2.8366194487626e-14,0.99999986633575
144.1,128,0,144.1,0.0021325853444416,4.6882229231006e-06,-3.9777255935819e-08,8.5282052761134e-08,9.3177299709352,0.038585611827561,-2.8366194487626e-14,0.99999986633575
144.15,128,0,144.15,0.0021345583581448,4.683996306499e-06,-3.9777255935819e-08,8.5282052761134e-08,9.3158006900859,0.038585611827561,-2.8366194487626e-14,0.99999986633575
144.2,128,0,144.2,0.002136531371848,4.6797696898974e-06,-3.9777255935819e-08,8.5282052761134e-08,9.3138714092367,0.038585611827561,-2.8366194487626e-14,0.99999986633575
144.25,128,0,144.25,0.0021385043855511,4.6755430732959e-06,-3.9777255935819e-08,8.5282052761134e-08,9.3119421283874,0.038585611827561,-2.8366194487626e-14,0.99999986633575
144.3,128,0,144.3,0.0021404773992543,4.6713164566943e-06,-3.9777255935819e-08,8.5282052761134e-08,9.3100128475382,0.038585611827561,-2.8366194487626e-14,0.99999986633575
144.35,128,0,144.35,0.0021424504129575,4.6670898400927e-06,-3.9777255935819e-08,8.5282052761134e-08,9.3080835666889,0.038585611827561,-2.8366194487626e-14,0.99999986633575
144.4,128,0,144.4,0.0021444234266607,4.6628632234912e-06,-3.9777255935819e-08,8.5282052761134e-08,9.3061542858397,0.038585611827561,-2.8366194487626e-14,0.99999986633575
144.45,128,0,144.45,0.0021463964403639,4.6586366068896e-06,-3.9777255935819e-08,8.5282052761134e-08,9.3042250049904,0.038585611827561,-2.8366194487626e-14,0.99999986633575
144.5,128,0,144.5,0.002148369454067,4.654409990288e-06,-3.9777255935819e-08,8.5282052761134e-08,9.3022957241412,0.038585611827561,-2.8366194487626e-14,0.99999986633575
144.55,128,0,144.55,0.0021503424677702,4.6501833736864e-06,-3.9777255935819e-08,8.5282052761134e-08,9.3003664432919,0.038585611827561,-2.8366194487626e-14,0.99999986633575
144.6,128,0,144.6,0.0021523154814734,4.6459567570849e-06,-3.9777255935819e-08,8.5282052761134e-08,9.2984371624427,0.038585611827561,-2.8366194487626e-14,0.99999986633575
144.65,128,0,144.65,0.0021542884951766,4.6417301404833e-06,-3.9777255935819e-08,8.5282052761134e-08,9.2965078815934,0.038585611827561,-2.8366194487626e-14,0.99999986633575
144.7,128,0,144.7,0.0021562615088797,4.6375035238817e-06,-3.9777255935819e-08,8.5282052761134e-08,9.2945786007441,0.038585611827561,-2.8366194487626e-14,0.99999986633575
144.75,128,0,144.75,0.0021582345225829,4.6332769072802e-06,-3.9777255935819e-08,8.5282052761134e-08,9.2926493198949,0.038585611827561,-2.8366194487626e-14,0.99999986633575
144.8,128,0,144.8,0.0021602075362861,4.6290502906786e-06,-3.9777255935819e-08,8.5282052761134e-08,9.2907200390456,0.038585611827561,-2.8366194487626e-14,0.99999986633575
144.85,128,0,144.85,0.0021621805499893,4.624823674077e-06,-3.9777255935819e-08,8.5282052761134e-08,9.2887907581964,0.038585611827561,-2.8366194487626e-14,0.99999986633575
144.9,128,0,144.9,0.0021641535636925,4.6205970574755e-06,-3.9777255935819e-08,8.5282052761134e-08,9.2868614773471,0.038585611827561,-2.8366194487626e-14,0.99999986633575
144.95,128,0,144.95,0.0021661265773956,4.6163704408739e-06,-3.9777255935819e-08,8.5282052761134e-08,9.2849321964979,0.038585611827561,-2.8366194487626e-14,0.99999986633575
145,128,0,145,0.0021680995910988,4.6121438242723e-06,-3.9777255935819e-08,8.5282052761134e-08,9.2830029156486,0.038585611827561,-2.8366194487626e-14,0.99999986633575
145.05,128,0,145.05,0.0021688167332194,4.6106255231547e-06,-1.4216009447908e-08,3.0079095250393e-08,9.2810736349667,0.038585611827547,-7.8270719563908e-15,0.99999995308379
145.1,128,0,145.1,0.00216953387534,4.6091072220371e-06,-1.4216009447908e-08,3.0079095250393e-08,9.2791443542848,0.038585611827547,-7.8270719563908e-15,0.99999995308379
145.15,128,0,145.15,0.0021702510174607,4.6075889209195e-06,-1.4216009447908e-08,3.0079095250393e-08,9.2772150736029,0.038585611827547,-7.8270719563908e-15,0.99999995308379
145.2,128,0,145.2,0.0021709681595813,4.606070619802e-06,-1.4216009447908e-08,3.0079095250393e-08,9.275285792921,0.038585611827547,-7.8270719563908e-15,0.99999995308379
145.25,128,0,145.25,0.0021716853017019,4.6045523186844e-06,-1.4216009447908e-08,3.0079095250393e-08,9.2733565122392,0.038585611827547,-7.8270719563908e-15,0.99999995308379
145.3,128,0,145.3,0.0021724024438225,4.6030340175668e-06,-1.4216009447908e-08,3.0079095250393e-08,9.2714272315573,0.038585611827547,-7.8270719563908e-15,0.99999995308379
145.35,128,0,145.35,0.0021731195859431,4.6015157164492e-06,-1.4216009447908e-08,3.0079095250393e-08,9.2694979508754,0.038585611827547,-7.8270719563908e-15,0.99999995308379
145.4,128,0,145.4,0.0021738367280637,4.5999974153316e-06,-1.4216009447908e-08,3.0079095250393e-08,9.2675686701935,0.038585611827547,-7.8270719563908e-15,0.99999995308379
145.45,128,0,145.45,0.0021745538701843,4.598479114214e-06,-1.4216009447908e-08,3.0079095250393e-08,9.2656393895116,0.038585611827547,-7.8270719563908e-15,0.99999995308379
145.5,128,0,145.5,0.0021752710123049,4.5969608130964e-06,-1.4216009447908e-08,3.0079095250393e-08,9.2637101088297,0.038585611827547,-7.8270719563908e-15,0.99999995308379
145.55,128,0,145.55,0.0021759881544255,4.5954425119788e-06,-1.4216009447908e-08,3.0079095250393e-08,9.2617808281478,0.038585611827547,-7.8270719563908e-15,0.99999995308379
145.6,128,0,145.6,0.0021767052965461,4.5939242108613e-06,-1.4216009447908e-08,3.0079095250393e-08,9.2598515474659,0.038585611827547,-7.8270719563908e-15,0.99999995308379
145.65,128,0,145.65,0.0021774224386667,4.5924059097437e-06,-1.4216009447908e-08,3.0079095250393e-08,9.257922266784,0.038585611827547,-7.8270719563908e-15,0.99999995308379
145.7,128,0,145.7,0.0021781395807873,4.5908876086261e-06,-1.4216009447908e-08,3.0079095250393e-08,9.2559929861021,0.038585611827547,-7.8270719563908e-15,0.99999995308379
145.75,128,0,145.75,0.0021788567229079,4.5893693075085e-06,-1.4216009447908e-08,3.0079095250393e-08,9.2540637054202,0.038585611827547,-7.8270719563908e-15,0.99999995308379
145.8,128,0,145.8,0.0021795738650285,4.5878510063909e-06,-1.4216009447908e-08,3.0079095250393e-08,9.2521344247383,0.038585611827547,-7.8270719563908e-15,0.99999995308379
145.85,128,0,145.85,0.0021802910071492,4.5863327052733e-06,-1.4216009447908e-08,3.0079095250393e-08,9.2502051440565,0.038585611827547,-7.8270719563908e-15,0.99999995308379
145.9,128,0,145.9,0.0021810081492698,4.5848144041557e-06,-1.4216009447908e-08,3.0079095250393e-08,9.2482758633746,0.038585611827547,-7.8270719563908e-15,0.99999995308379
145.95,128,0,145.95,0.0021817252913904,4.5832961030381e-06,-1.4216009447908e-08,3.0079095250393e-08,9.2463465826927,0.038585611827547,-7.8270719563908e-15,0.99999995308379
146,128,0,146,0.002182442433511,4.5817778019205e-06,-1.4216009447908e-08,3.0079095250393e-08,9.2444173020108,0.038585611827547,-7.8270719563908e-15,0.99999995308379
146.05,128,0,146.05,0.0021826899632903,4.5812613739341e-06,-4.969443578105e-09,1.0373832788611e-08,9.2424880213876,0.038585611827561,5.7731596329807e-15,0.99999998353239
146.1,128,0,146.1,0.0021829374930696,4.5807449459476e-06,-4.969443578105e-09,1.0373832788611e-08,9.2405587407645,0.038585611827561,5.7731596329807e-15,0.99999998353239
146.15,128,0,146.15,0.002183185022849,4.5802285179611e-06,-4.969443578105e-09,1.0373832788611e-08,9.2386294601413,0.038585611827561,5.7731596329807e-15,0.99999998353239
146.2,128,0,146.2,0.0021834325526283,4.5797120899746e-06,-4.969443578105e-09,1.0373832788611e-08,9.2367001795182,0.038585611827561,5.7731596329807e-15,0.99999998353239
146.25,128,0,146.25,0.0021836800824076,4.5791956619881e-06,-4.969443578105e-09,1.0373832788611e-08,9.234770898895,0.038585611827561,5.7731596329807e-15,0.99999998353239
146.3,128,0,146.3,0.002183927612187,4.5786792340017e-06,-4.969443578105e-09,1.0373832788611e-08,9.2328416182719,0.038585611827561,5.7731596329807e-15,0.99999998353239
146.35,128,0,146.35,0.0021841751419663,4.5781628060152e-06,-4.969443578105e-09,1.0373832788611e-08,9.2309123376487,0.038585611827561,5.7731596329807e-15,0.99999998353239
146.4,128,0,146.4,0.0021844226717457,4.5776463780287e-06,-4.969443578105e-09,1.0373832788611e-08,9.2289830570256,0.038585611827561,5.7731596329807e-15,0.99999998353239
146.45,128,0,146.45,0.002184670201525,4.5771299500422e-06,-4.969443578105e-09,1.0373832788611e-08,9.2270537764024,0.038585611827561,5.7731596329807e-15,0.99999998353239
146.5,128,0,146.5,0.0021849177313043,4.5766135220558e-06,-4.969443578105e-09,1.0373832788611e-08,9.2251244957793,0.038585611827561,5.7731596329807e-15,0.99999998353239
146.55,128,0,146.55,0.0021851652610837,4.5760970940693e-06,-4.969443578105e-09,1.0373832788611e-08,9.2231952151561,0.038585611827561,5.7731596329807e-15,0.99999998353239
146.6,128,0,146.6,0.002185412790863,4.5755806660828e-06,-4.969443578105e-09,1.0373832788611e-08,9.221265934533,0.038585611827561,5.7731596329807e-15,0.99999998353239
146.65,128,0,146.65,0.0021856603206423,4.5750642380963e-06,-4.969443578105e-09,1.0373832788611e-08,9.2193366539098,0.038585611827561,5.7731596329807e-15,0.99999998353239
146.7,128,0,146.7,0.0021859078504217,4.5745478101098e-06,-4.969443578105e-09,1.0373832788611e-08,9.2174073732867,0.038585611827561,5.7731596329807e-15,0.99999998353239
146.75,128,0,146.75,0.002186155380201,4.5740313821234e-06,-4.969443578105e-09,1.0373832788611e-08,9.2154780926635,0.038585611827561,5.7731596329807e-15,0.99999998353239
146.8,128,0,146.8,0.0021864029099803,4.5735149541369e-06,-4.969443578105e-09,1.0373832788611e-08,9.2135488120404,0.038585611827561,5.7731596329807e-15,0.99999998353239
146.85,128,0,146.85,0.0021866504397597,4.5729985261504e-06,-4.969443578105e-09,1.0373832788611e-08,9.2116195314172,0.038585611827561,5.7731596329807e-15,0.99999998353239
146.9,128,0,146.9,0.002186897969539,4.5724820981639e-06,-4.969443578105e-09,1.0373832788611e-08,9.2096902507941,0.038585611827561,5.7731596329807e-15,0.99999998353239
146.95,128,0,146.95,0.0021871454993183,4.5719656701774e-06,-4.969443578105e-09,1.0373832788611e-08,9.2077609701709,0.038585611827561,5.7731596329807e-15,0.99999998353239
147,128,0,147,0.0021873930290977,4.571449242191e-06,-4.969443578105e-09,1.0373832788611e-08,9.2058316895478,0.038585611827561,5.7731596329807e-15,0.99999998353239
147.05,128,0,147.05,0.0021874837972692,4.5712593164319e-06,-1.8048214400846e-09,3.7751553403259e-09,9.2039024089453,0.038585611827542,-1.1379785936631e-14,0.99999999421986
147.1,128,0,147.1,0.0021875745654407,4.5710693906729e-06,-1.8048214400846e-09,3.7751553403259e-09,9.2019731283427,0.038585611827542,-1.1379785936631e-14,0.99999999421986
147.15,128,0,147.15,0.0021876653336122,4.5708794649138e-06,-1.8048214400846e-09,3.7751553403259e-09,9.2000438477402,0.038585611827542,-1.1379785936631e-14,0.99999999421986
147.2,128,0,147.2,0.0021877561017837,4.5706895391547e-06,-1.8048214400846e-09,3.7751553403259e-09,9.1981145671377,0.038585611827542,-1.1379785936631e-14,0.99999999421986
147.25,128,0,147.25,0.0021878468699552,4.5704996133957e-06,-1.8048214400846e-09,3.7751553403259e-09,9.1961852865352,0.038585611827542,-1.1379785936631e-14,0.99999999421986
147.3,128,0,147.3,0.0021879376381267,4.5703096876366e-06,-1.8048214400846e-09,3.7751553403259e-09,9.1942560059326,0.038585611827542,-1.1379785936631e-14,0.99999999421986
147.35,128,0,147.35,0.0021880284062982,4.5701197618776e-06,-1.8048214400846e-09,3.7751553403259e-09,9.1923267253301,0.038585611827542,-1.1379785936631e-14,0.99999999421986
147.4,128,0,147.4,0.0021881191744697,4.5699298361185e-06,-1.8048214400846e-09,3.7751553403259e-09,9.1903974447276,0.038585611827542,-1.1379785936631e-14,0.99999999421986
147.45,128,0,147.45,0.0021882099426412,4.5697399103595e-06,-1.8048214400846e-09,3.7751553403259e-09,9.188468164125,0.038585611827542,-1.1379785936631e-14,0.99999999421986
147.5,128,0,147.5,0.0021883007108127,4.5695499846004e-06,-1.8048214400846e-09,3.7751553403259e-09,9.1865388835225,0.038585611827542,-1.1379785936631e-14,0.99999999421986
147.55,128,0,147.55,0.0021883914789842,4.5693600588414e-06,-1.8048214400846e-09,3.7751553403259e-09,9.18460960292,0.038585611827542,-1.1379785936631e-14,0.99999999421986
147.6,128,0,147.6,0.0021884822471557,4.5691701330823e-06,-1.8048214400846e-09,3.7751553403259e-09,9.1826803223175,0.038585611827542,-1.1379785936631e-14,0.99999999421986
147.65,128,0,147.65,0.0021885730153272,4.5689802073233e-06,-1.8048214400846e-09,3.7751553403259e-09,9.1807510417149,0.038585611827542,-1.1379785936631e-14,0.99999999421986
147.7,128,0,147.7,0.0021886637834987,4.5687902815642e-06,-1.8048214400846e-09,3.7751553403259e-09,9.1788217611124,0.038585611827542,-1.1379785936631e-14,0.99999999421986
147.75,128,0,147.75,0.0021887545516702,4.5686003558052e-06,-1.8048214400846e-09,3.7751553403259e-09,9.1768924805099,0.038585611827542,-1.1379785936631e-14,0.99999999421986
147.8,128,0,147.8,0.0021888453198417,4.5684104300461e-06,-1.8048214400846e-09,3.7751553403259e-09,9.1749631999074,0.038585611827542,-1.1379785936631e-14,0.99999999421986
147.85,128,0,147.85,0.0021889360880132,4.5682205042871e-06,-1.8048214400846e-09,3.7751553403259e-09,9.1730339193048,0.038585611827542,-1.1379785936631e-14,0.99999999421986
147.9,128,0,147.9,0.0021890268561847,4.568030578528e-06,-1.8048214400846e-09,3.7751553403259e-09,9.1711046387023,0.038585611827542,-1.1379785936631e-14,0.99999999421986
147.95,128,0,147.95,0.0021891176243562,4.5678406527689e-06,-1.8048214400846e-09,3.7751553403259e-09,9.1691753580998,0.038585611827542,-1.1379785936631e-14,0.99999999421986
148,128,0,148,0.0021892083925277,4.5676507270099e-06,-1.8048214400846e-09,3.7751553403259e-09,9.1672460774972,0.038585611827542,-1.1379785936631e-14,0.99999999421986
148.05,128,0,148.05,0.0021892362455067,4.5675927568725e-06,-6.0681120624172e-10,1.2635936527712e-09,9.165316796902,0.038585611827609,-2.2482016203047e-14,0.99999999797117
148.1,128,0,148.1,0.0021892640984857,4.5675347867352e-06,-6.0681120624172e-10,1.2635936527712e-09,9.1633875163067,0.038585611827609,-2.2482016203047e-14,0.99999999797117
148.15,128,0,148.15,0.0021892919514647,4.5674768165978e-06,-6.0681120624172e-10,1.2635936527712e-09,9.1614582357114,0.038585611827609,-2.2482016203047e-14,0.99999999797117
148.2,128,0,148.2,0.0021893198044437,4.5674188464604e-06,-6.0681120624172e-10,1.2635936527712e-09,9.1595289551161,0.038585611827609,-2.2482016203047e-14,0.99999999797117
148.25,128,0,148.25,0.0021893476574227,4.567360876323e-06,-6.0681120624172e-10,1.2635936527712e-09,9.1575996745208,0.038585611827609,-2.2482016203047e-14,0.99999999797117
148.3,128,0,148.3,0.0021893755104017,4.5673029061857e-06,-6.0681120624172e-10,1.2635936527712e-09,9.1556703939255,0.038585611827609,-2.2482016203047e-14,0.99999999797117
148.35,128,0,148.35,0.0021894033633807,4.5672449360483e-06,-6.0681120624172e-10,1.2635936527712e-09,9.1537411133302,0.038585611827609,-2.2482016203047e-14,0.99999999797117
148.4,128,0,148.4,0.0021894312163597,4.5671869659109e-06,-6.0681120624172e-10,1.2635936527712e-09,9.1518118327349,0.038585611827609,-2.2482016203047e-14,0.99999999797117
148.45,128,0,148.45,0.0021894590693387,4.5671289957736e-06,-6.0681120624172e-10,1.2635936527712e-09,9.1498825521396,0.038585611827609,-2.2482016203047e-14,0.99999999797117
148.5,128,0,148.5,0.0021894869223177,4.5670710256362e-06,-6.0681120624172e-10,1.2635936527712e-09,9.1479532715443,0.038585611827609,-2.2482016203047e-14,0.99999999797117
148.55,128,0,148.55,0.0021895147752967,4.5670130554988e-06,-6.0681120624172e-10,1.2635936527712e-09,9.146023990949,0.038585611827609,-2.2482016203047e-14,0.99999999797117
148.6,128,0,148.6,0.0021895426282757,4.5669550853614e-06,-6.0681120624172e-10,1.2635936527712e-09,9.1440947103537,0.038585611827609,-2.2482016203047e-14,0.99999999797117
148.65,128,0,148.65,0.0021895704812547,4.5668971152241e-06,-6.0681120624172e-10,1.2635936527712e-09,9.1421654297584,0.038585611827609,-2.2482016203047e-14,0.99999999797117
148.7,128,0,148.7,0.0021895983342337,4.5668391450867e-06,-6.0681120624172e-10,1.2635936527712e-09,9.1402361491631,0.038585611827609,-2.2482016203047e-14,0.99999999797117
148.75,128,0,148.75,0.0021896261872127,4.5667811749493e-06,-6.0681120624172e-10,1.2635936527712e-09,9.1383068685678,0.038585611827609,-2.2482016203047e-14,0.99999999797117
148.8,128,0,148.8,0.0021896540401917,4.566723204812e-06,-6.0681120624172e-10,1.2635936527712e-09,9.1363775879725,0.038585611827609,-2.2482016203047e-14,0.99999999797117
148.85,128,0,148.85,0.0021896818931707,4.5666652346746e-06,-6.0681120624172e-10,1.2635936527712e-09,9.1344483073772,0.038585611827609,-2.2482016203047e-14,0.99999999797117
148.9,128,0,148.9,0.0021897097461497,4.5666072645372e-06,-6.0681120624172e-10,1.2635936527712e-09,9.1325190267819,0.038585611827609,-2.2482016203047e-14,0.99999999797117
148.95,128,0,148.95,0.0021897375991287,4.5665492943998e-06,-6.0681120624172e-10,1.2635936527712e-09,9.1305897461866,0.038585611827609,-2.2482016203047e-14,0.99999999797117
149,128,0,149,0.0021897654521077,4.5664913242625e-06,-6.0681120624172e-10,1.2635936527712e-09,9.1286604655913,0.038585611827609,-2.2482016203047e-14,0.99999999797117
149.05,128,0,149.05,0.002189778968752,4.5664631098202e-06,-2.5004068793466e-10,5.2186243763729e-10,9.1267311849986,0.038585611827525,-2.2148949325499e-14,0.99999999928788
149.1,128,0,149.1,0.0021897924853964,4.566434895378e-06,-2.5004068793466e-10,5.2186243763729e-10,9.1248019044058,0.038585611827525,-2.2148949325499e-14,0.99999999928788
149.15,128,0,149.15,0.0021898060020407,4.5664066809358e-06,-2.5004068793466e-10,5.2186243763729e-10,9.1228726238131,0.038585611827525,-2.2148949325499e-14,0.99999999928788
149.2,128,0,149.2,0.0021898195186851,4.5663784664936e-06,-2.5004068793466e-10,5.2186243763729e-10,9.1209433432203,0.038585611827525,-2.2148949325499e-14,0.99999999928788
149.25,128,0,149.25,0.0021898330353294,4.5663502520514e-06,-2.5004068793466e-10,5.2186243763729e-10,9.1190140626276,0.038585611827525,-2.2148949325499e-14,0.99999999928788
149.3,128,0,149.3,0.0021898465519738,4.5663220376092e-06,-2.5004068793466e-10,5.2186243763729e-10,9.1170847820348,0.038585611827525,-2.2148949325499e-14,0.99999999928788
149.35,128,0,149.35,0.0021898600686181,4.5662938231669e-06,-2.5004068793466e-10,5.2186243763729e-10,9.1151555014421,0.038585611827525,-2.2148949325499e-14,0.99999999928788
149.4,128,0,149.4,0.0021898735852625,4.5662656087247e-06,-2.5004068793466e-10,5.2186243763729e-10,9.1132262208493,0.038585611827525,-2.2148949325499e-14,0.99999999928788
149.45,128,0,149.45,0.0021898871019068,4.5662373942825e-06,-2.5004068793466e-10,5.2186243763729e-10,9.1112969402566,0.038585611827525,-2.2148949325499e-14,0.99999999928788
149.5,128,0,149.5,0.0021899006185512,4.5662091798403e-06,-2.5004068793466e-10,5.2186243763729e-10,9.1093676596638,0.038585611827525,-2.2148949325499e-14,0.99999999928788
149.55,128,0,149.55,0.0021899141351955,4.5661809653981e-06,-2.5004068793466e-10,5.2186243763729e-10,9.1074383790711,0.038585611827525,-2.2148949325499e-14,0.99999999928788
149.6,128,0,149.6,0.0021899276518399,4.5661527509559e-06,-2.5004068793466e-10,5.2186243763729e-10,9.1055090984783,0.038585611827525,-2.2148949325499e-14,0.99999999928788
149.65,128,0,149.65,0.0021899411684842,4.5661245365136e-06,-2.5004068793466e-10,5.2186243763729e-10,9.1035798178856,0.038585611827525,-2.2148949325499e-14,0.99999999928788
149.7,128,0,149.7,0.0021899546851286,4.5660963220714e-06,-2.5004068793466e-10,5.2186243763729e-10,9.1016505372928,0.038585611827525,-2.2148949325499e-14,0.99999999928788
149.75,128,0,149.75,0.0021899682017729,4.5660681076292e-06,-2.5004068793466e-10,5.2186243763729e-10,9.0997212567001,0.038585611827525,-2.2148949325499e-14,0.99999999928788
149.8,128,0,149.8,0.0021899817184173,4.566039893187e-06,-2.5004068793466e-10,5.2186243763729e-10,9.0977919761074,0.038585611827525,-2.2148949325499e-14,0.99999999928788
149.85,128,0,149.85,0.0021899952350616,4.5660116787448e-06,-2.5004068793466e-10,5.2186243763729e-10,9.0958626955146,0.038585611827525,-2.2148949325499e-14,0.99999999928788
149.9,128,0,149.9,0.002190008751706,4.5659834643026e-06,-2.5004068793466e-10,5.2186243763729e-10,9.0939334149219,0.038585611827525,-2.2148949325499e-14,0.99999999928788
149.95,128,0,149.95,0.0021900222683503,4.5659552498603e-06,-2.5004068793466e-10,5.2186243763729e-10,9.0920041343291,0.038585611827525,-2.2148949325499e-14,0.99999999928788
150,128,0,150,0.0021900357849947,4.5659270354181e-06,-2.5004068793466e-10,5.2186243763729e-10,9.0900748537364,0.038585611827525,-2.2148949325499e-14,0.99999999928788
150.05,128,0,150.05,0.0021900387252478,4.5659209147251e-06,-2.7545309229946e-11,5.7280081278683e-11,9.0881455731445,0.038585611827578,-1.8762769111475e-14,0.99999999975005
150.1,128,0,150.1,0.0021900416655008,4.5659147940321e-06,-2.7545309229946e-11,5.7280081278683e-11,9.0862162925526,0.038585611827578,-1.8762769111475e-14,0.99999999975005
150.15,128,0,150.15,0.0021900446057539,4.5659086733391e-06,-2.7545309229946e-11,5.7280081278683e-11,9.0842870119608,0.038585611827578,-1.8762769111475e-14,0.99999999975005
150.2,128,0,150.2,0.002190047546007,4.5659025526462e-06,-2.7545309229946e-11,5.7280081278683e-11,9.0823577313689,0.038585611827578,-1.8762769111475e-14,0.99999999975005
150.25,128,0,150.25,0.0021900504862601,4.5658964319532e-06,-2.7545309229946e-11,5.7280081278683e-11,9.080428450777,0.038585611827578,-1.8762769111475e-14,0.99999999975005
150.3,128,0,150.3,0.0021900534265131,4.5658903112602e-06,-2.7545309229946e-11,5.7280081278683e-11,9.0784991701852,0.038585611827578,-1.8762769111475e-14,0.99999999975005
150.35,128,0,150.35,0.0021900563667662,4.5658841905672e-06,-2.7545309229946e-11,5.7280081278683e-11,9.0765698895933,0.038585611827578,-1.8762769111475e-14,0.99999999975005
150.4,128,0,150.4,0.0021900593070193,4.5658780698742e-06,-2.7545309229946e-11,5.7280081278683e-11,9.0746406090015,0.038585611827578,-1.8762769111475e-14,0.99999999975005
150.45,128,0,150.45,0.0021900622472724,4.5658719491812e-06,-2.7545309229946e-11,5.7280081278683e-11,9.0727113284096,0.038585611827578,-1.8762769111475e-14,0.99999999975005
150.5,128,0,150.5,0.0021900651875254,4.5658658284882e-06,-2.7545309229946e-11,5.7280081278683e-11,9.0707820478177,0.038585611827578,-1.8762769111475e-14,0.99999999975005
150.55,128,0,150.55,0.0021900681277785,4.5658597077952e-06,-2.7545309229946e-11,5.7280081278683e-11,9.0688527672259,0.038585611827578,-1.8762769111475e-14,0.99999999975005
150.6,128,0,150.6,0.0021900710680316,4.5658535871022e-06,-2.7545309229946e-11,5.7280081278683e-11,9.066923486634,0.038585611827578,-1.8762769111475e-14,0.99999999975005
150.65,128,0,150.65,0.0021900740082847,4.5658474664092e-06,-2.7545309229946e-11,5.7280081278683e-11,9.0649942060421,0.038585611827578,-1.8762769111475e-14,0.99999999975005
150.7,128,0,150.7,0.0021900769485377,4.5658413457162e-06,-2.7545309229946e-11,5.7280081278683e-11,9.0630649254503,0.038585611827578,-1.8762769111475e-14,0.99999999975005
150.75,128,0,150.75,0.0021900798887908,4.5658352250233e-06,-2.7545309229946e-11,5.7280081278683e-11,9.0611356448584,0.038585611827578,-1.8762769111475e-14,0.99999999975005
150.8,128,0,150.8,0.0021900828290439,4.5658291043303e-06,-2.7545309229946e-11,5.7280081278683e-11,9.0592063642666,0.038585611827578,-1.8762769111475e-14,0.99999999975005
150.85,128,0,150.85,0.002190085769297,4.5658229836373e-06,-2.7545309229946e-11,5.7280081278683e-11,9.0572770836747,0.038585611827578,-1.8762769111475e-14,0.99999999975005
150.9,128,0,150.9,0.00219008870955,4.5658168629443e-06,-2.7545309229946e-11,5.7280081278683e-11,9.0553478030828,0.038585611827578,-1.8762769111475e-14,0.99999999975005
150.95,128,0,150.95,0.0021900916498031,4.5658107422513e-06,-2.7545309229946e-11,5.7280081278683e-11,9.053418522491,0.038585611827578,-1.8762769111475e-14,0.99999999975005
151,128,0,151,0.0021900945900562,4.5658046215583e-06,-2.7545309229946e-11,5.7280081278683e-11,9.0514892418991,0.038585611827578,-1.8762769111475e-14,0.99999999975005
151.05,128,0,151.05,0.0021900951190134,4.5658035166024e-06,-8.6929977853107e-11,1.8125755735033e-10,9.0495599613076,0.038585611827558,1.7874590694897e-14,0.99999999991227
151.1,128,0,151.1,0.0021900956479706,4.5658024116465e-06,-8.6929977853107e-11,1.8125755735033e-10,9.047630680716,0.038585611827558,1.7874590694897e-14,0.99999999991227
151.15,128,0,151.15,0.0021900961769277,4.5658013066905e-06,-8.6929977853107e-11,1.8125755735033e-10,9.0457014001245,0.038585611827558,1.7874590694897e-14,0.99999999991227
151.2,128,0,151.2,0.0021900967058849,4.5658002017346e-06,-8.6929977853107e-11,1.8125755735033e-10,9.0437721195329,0.038585611827558,1.7874590694897e-14,0.99999999991227
151.25,128,0,151.25,0.0021900972348421,4.5657990967787e-06,-8.6929977853107e-11,1.8125755735033e-10,9.0418428389414,0.038585611827558,1.7874590694897e-14,0.99999999991227
151.3,128,0,151.3,0.0021900977637993,4.5657979918228e-06,-8.6929977853107e-11,1.8125755735033e-10,9.0399135583498,0.038585611827558,1.7874590694897e-14,0.99999999991227
151.35,128,0,151.35,0.0021900982927565,4.5657968868668e-06,-8.6929977853107e-11,1.8125755735033e-10,9.0379842777583,0.038585611827558,1.7874590694897e-14,0.99999999991227
151.4,128,0,151.4,0.0021900988217137,4.5657957819109e-06,-8.6929977853107e-11,1.8125755735033e-10,9.0360549971667,0.038585611827558,1.7874590694897e-14,0.99999999991227
151.45,128,0,151.45,0.0021900993506709,4.565794676955e-06,-8.6929977853107e-11,1.8125755735033e-10,9.0341257165752,0.038585611827558,1.7874590694897e-14,0.99999999991227
151.5,128,0,151.5,0.0021900998796281,4.5657935719991e-06,-8.6929977853107e-11,1.8125755735033e-10,9.0321964359836,0.038585611827558,1.7874590694897e-14,0.99999999991227
151.55,128,0,151.55,0.0021901004085853,4.5657924670432e-06,-8.6929977853107e-11,1.8125755735033e-10,9.0302671553921,0.038585611827558,1.7874590694897e-14,0.99999999991227
151.6,128,0,151.6,0.0021901009375425,4.5657913620872e-06,-8.6929977853107e-11,1.8125755735033e-10,9.0283378748005,0.038585611827558,1.7874590694897e-14,0.99999999991227
151.65,128,0,151.65,0.0021901014664996,4.5657902571313e-06,-8.6929977853107e-11,1.8125755735033e-10,9.026408594209,0.038585611827558,1.7874590694897e-14,0.99999999991227
151.7,128,0,151.7,0.0021901019954568,4.5657891521754e-06,-8.6929977853107e-11,1.8125755735033e-10,9.0244793136174,0.038585611827558,1.7874590694897e-14,0.99999999991227
151.75,128,0,151.75,0.002190102524414,4.5657880472195e-06,-8.6929977853107e-11,1.8125755735033e-10,9.0225500330259,0.038585611827558,1.7874590694897e-14,0.99999999991227
151.8,128,0,151.8,0.0021901030533712,4.5657869422636e-06,-8.6929977853107e-11,1.8125755735033e-10,9.0206207524343,0.038585611827558,1.7874590694897e-14,0.99999999991227
151.85,128,0,151.85,0.0021901035823284,4.5657858373076e-06,-8.6929977853107e-11,1.8125755735033e-10,9.0186914718428,0.038585611827558,1.7874590694897e-14,0.99999999991227
151.9,128,0,151.9,0.0021901041112856,4.5657847323517e-06,-8.6929977853107e-11,1.8125755735033e-10,9.0167621912512,0.038585611827558,1.7874590694897e-14,0.99999999991227
151.95,128,0,151.95,0.0021901046402428,4.5657836273958e-06,-8.6929977853107e-11,1.8125755735033e-10,9.0148329106597,0.038585611827558,1.7874590694897e-14,0.99999999991227
152,128,0,152,0.0021901051692,4.5657825224399e-06,-8.6929977853107e-11,1.8125755735033e-10,9.0129036300682,0.038585611827558,1.7874590694897e-14,0.99999999991227
152.05,128,0,152.05,0.0021901059159396,4.565780966278e-06,4.8777933898855e-11,-1.0169350282958e-10,9.0109743494767,0.038585611827556,1.9817480988949e-14,0.9999999999692
152.1,128,0,152.1,0.0021901066626793,4.5657794101161e-06,4.8777933898855e-11,-1.0169350282958e-10,9.0090450688853,0.038585611827556,1.9817480988949e-14,0.9999999999692
152.15,128,0,152.15,0.0021901074094189,4.5657778539542e-06,4.8777933898855e-11,-1.0169350282958e-10,9.0071157882938,0.038585611827556,1.9817480988949e-14,0.9999999999692
152.2,128,0,152.2,0.0021901081561586,4.5657762977923e-06,4.8777933898855e-11,-1.0169350282958e-10,9.0051865077024,0.038585611827556,1.9817480988949e-14,0.9999999999692
152.25,128,0,152.25,0.0021901089028982,4.5657747416304e-06,4.8777933898855e-11,-1.0169350282958e-10,9.003257227111,0.038585611827556,1.9817480988949e-14,0.9999999999692
152.3,128,0,152.3,0.0021901096496378,4.5657731854685e-06,4.8777933898855e-11,-1.0169350282958e-10,9.0013279465195,0.038585611827556,1.9817480988949e-14,0.9999999999692
152.35,128,0,152.35,0.0021901103963775,4.5657716293066e-06,4.8777933898855e-11,-1.0169350282958e-10,8.9993986659281,0.038585611827556,1.9817480988949e-14,0.9999999999692
152.4,128,0,152.4,0.0021901111431171,4.5657700731447e-06,4.8777933898855e-11,-1.0169350282958e-10,8.9974693853367,0.038585611827556,1.9817480988949e-14,0.9999999999692
152.45,128,0,152.45,0.0021901118898568,4.5657685169828e-06,4.8777933898855e-11,-1.0169350282958e-10,8.9955401047452,0.038585611827556,1.9817480988949e-14,0.9999999999692
152.5,128,0,152.5,0.0021901126365964,4.5657669608209e-06,4.8777933898855e-11,-1.0169350282958e-10,8.9936108241538,0.038585611827556,1.9817480988949e-14,0.9999999999692
152.55,128,0,152.55,0.0021901133833361,4.565765404659e-06,4.8777933898855e-11,-1.0169350282958e-10,8.9916815435624,0.038585611827556,1.9817480988949e-14,0.9999999999692
152.6,128,0,152.6,0.0021901141300757,4.5657638484971e-06,4.8777933898855e-11,-1.0169350282958e-10,8.9897522629709,0.038585611827556,1.9817480988949e-14,0.9999999999692
152.65,128,0,152.65,0.0021901148768153,4.5657622923352e-06,4.8777933898855e-11,-1.0169350282958e-10,8.9878229823795,0.038585611827556,1.9817480988949e-14,0.9999999999692
152.7,128,0,152.7,0.002190115623555,4.5657607361733e-06,4.8777933898855e-11,-1.0169350282958e-10,8.985893701788,0.038585611827556,1.9817480988949e-14,0.9999999999692
152.75,128,0,152.75,0.0021901163702946,4.5657591800114e-06,4.8777933898855e-11,-1.0169350282958e-10,8.9839644211966,0.038585611827556,1.9817480988949e-14,0.9999999999692
152.8,128,0,152.8,0.0021901171170343,4.5657576238495e-06,4.8777933898855e-11,-1.0169350282958e-10,8.9820351406052,0.038585611827556,1.9817480988949e-14,0.9999999999692
152.85,128,0,152.85,0.0021901178637739,4.5657560676876e-06,4.8777933898855e-11,-1.0169350282958e-10,8.9801058600137,0.038585611827556,1.9817480988949e-14,0.9999999999692
152.9,128,0,152.9,0.0021901186105136,4.5657545115257e-06,4.8777933898855e-11,-1.0169350282958e-10,8.9781765794223,0.038585611827556,1.9817480988949e-14,0.9999999999692
152.95,128,0,152.95,0.0021901193572532,4.5657529553638e-06,4.8777933898855e-11,-1.0169350282958e-10,8.9762472988309,0.038585611827556,1.9817480988949e-14,0.9999999999692
153,128,0,153,0.0021901201039929,4.5657513992019e-06,4.8777933898855e-11,-1.0169350282958e-10,8.9743180182394,0.038585611827556,1.9817480988949e-14,0.9999999999692
153.05,128,0,153.05,0.0021901212456524,4.5657490193095e-06,-5.7483447927961e-11,1.1983241168168e-10,8.972388737648,0.038585611827565,2.2426505097186e-14,0.99999999998919
153.1,128,0,153.1,0.0021901223873119,4.565746639417e-06,-5.7483447927961e-11,1.1983241168168e-10,8.9704594570566,0.038585611827565,2.2426505097186e-14,0.99999999998919
153.15,128,0,153.15,0.0021901235289715,4.5657442595246e-06,-5.7483447927961e-11,1.1983241168168e-10,8.9685301764652,0.038585611827565,2.2426505097186e-14,0.99999999998919
153.2,128,0,153.2,0.002190124670631,4.5657418796321e-06,-5.7483447927961e-11,1.1983241168168e-10,8.9666008958738,0.038585611827565,2.2426505097186e-14,0.99999999998919
153.25,128,0,153.25,0.0021901258122906,4.5657394997396e-06,-5.7483447927961e-11,1.1983241168168e-10,8.9646716152824,0.038585611827565,2.2426505097186e-14,0.99999999998919
153.3,128,0,153.3,0.0021901269539501,4.5657371198472e-06,-5.7483447927961e-11,1.1983241168168e-10,8.962742334691,0.038585611827565,2.2426505097186e-14,0.99999999998919
153.35,128,0,153.35,0.0021901280956097,4.5657347399547e-06,-5.7483447927961e-11,1.1983241168168e-10,8.9608130540996,0.038585611827565,2.2426505097186e-14,0.99999999998919
153.4,128,0,153.4,0.0021901292372692,4.5657323600623e-06,-5.7483447927961e-11,1.1983241168168e-10,8.9588837735082,0.038585611827565,2.2426505097186e-14,0.99999999998919
153.45,128,0,153.45,0.0021901303789288,4.5657299801698e-06,-5.7483447927961e-11,1.1983241168168e-10,8.9569544929168,0.038585611827565,2.2426505097186e-14,0.99999999998919
153.5,128,0,153.5,0.0021901315205883,4.5657276002773e-06,-5.7483447927961e-11,1.1983241168168e-10,8.9550252123254,0.038585611827565,2.2426505097186e-14,0.99999999998919
153.55,128,0,153.55,0.0021901326622478,4.5657252203849e-06,-5.7483447927961e-11,1.1983241168168e-10,8.953095931734,0.038585611827565,2.2426505097186e-14,0.99999999998919
153.6,128,0,153.6,0.0021901338039074,4.5657228404924e-06,-5.7483447927961e-11,1.1983241168168e-10,8.9511666511426,0.038585611827565,2.2426505097186e-14,0.99999999998919
153.65,128,0,153.65,0.0021901349455669,4.5657204606e-06,-5.7483447927961e-11,1.1983241168168e-10,8.9492373705512,0.038585611827565,2.2426505097186e-14,0.99999999998919
153.7,128,0,153.7,0.0021901360872265,4.5657180807075e-06,-5.7483447927961e-11,1.1983241168168e-10,8.9473080899598,0.038585611827565,2.2426505097186e-14,0.99999999998919
153.75,128,0,153.75,0.002190137228886,4.5657157008151e-06,-5.7483447927961e-11,1.1983241168168e-10,8.9453788093684,0.038585611827565,2.2426505097186e-14,0.99999999998919
153.8,128,0,153.8,0.0021901383705456,4.5657133209226e-06,-5.7483447927961e-11,1.1983241168168e-10,8.943449528777,0.038585611827565,2.2426505097186e-14,0.99999999998919
153.85,128,0,153.85,0.0021901395122051,4.5657109410301e-06,-5.7483447927961e-11,1.1983241168168e-10,8.9415202481856,0.038585611827565,2.2426505097186e-14,0.99999999998919
153.9,128,0,153.9,0.0021901406538647,4.5657085611377e-06,-5.7483447927961e-11,1.1983241168168e-10,8.9395909675942,0.038585611827565,2.2426505097186e-14,0.99999999998919
153.95,128,0,153.95,0.0021901417955242,4.5657061812452e-06,-5.7483447927961e-11,1.1983241168168e-10,8.9376616870028,0.038585611827565,2.2426505097186e-14,0.99999999998919
154,128,0,154,0.0021901429371838,4.5657038013528e-06,-5.7483447927961e-11,1.1983241168168e-10,8.9357324064114,0.038585611827565,2.2426505097186e-14,0.99999999998919
154.05,128,0,154.05,0.0021901426847654,4.5657043274121e-06,5.7090913431436e-11,-1.1901187262355e-10,8.93380312582,0.038585611827559,3.5027536426791e-14,0.99999999999621
154.1,128,0,154.1,0.0021901424323471,4.5657048534715e-06,5.7090913431436e-11,-1.1901187262355e-10,8.9318738452286,0.038585611827559,3.5027536426791e-14,0.99999999999621
154.15,128,0,154.15,0.0021901421799288,4.5657053795308e-06,5.7090913431436e-11,-1.1901187262355e-10,8.9299445646373,0.038585611827559,3.5027536426791e-14,0.99999999999621
154.2,128,0,154.2,0.0021901419275104,4.5657059055902e-06,5.7090913431436e-11,-1.1901187262355e-10,8.9280152840459,0.038585611827559,3.5027536426791e-14,0.99999999999621
154.25,128,0,154.25,0.0021901416750921,4.5657064316496e-06,5.7090913431436e-11,-1.1901187262355e-10,8.9260860034545,0.038585611827559,3.5027536426791e-14,0.99999999999621
154.3,128,0,154.3,0.0021901414226738,4.5657069577089e-06,5.7090913431436e-11,-1.1901187262355e-10,8.9241567228631,0.038585611827559,3.5027536426791e-14,0.99999999999621
154.35,128,0,154.35,0.0021901411702555,4.5657074837683e-06,5.7090913431436e-11,-1.1901187262355e-10,8.9222274422717,0.038585611827559,3.5027536426791e-14,0.99999999999621
154.4,128,0,154.4,0.0021901409178371,4.5657080098276e-06,5.7090913431436e-11,-1.1901187262355e-10,8.9202981616803,0.038585611827559,3.5027536426791e-14,0.99999999999621
154.45,128,0,154.45,0.0021901406654188,4.565708535887e-06,5.7090913431436e-11,-1.1901187262355e-10,8.918368881089,0.038585611827559,3.5027536426791e-14,0.99999999999621
154.5,128,0,154.5,0.0021901404130005,4.5657090619464e-06,5.7090913431436e-11,-1.1901187262355e-10,8.9164396004976,0.038585611827559,3.5027536426791e-14,0.99999999999621
154.55,128,0,154.55,0.0021901401605822,4.5657095880057e-06,5.7090913431436e-11,-1.1901187262355e-10,8.9145103199062,0.038585611827559,3.5027536426791e-14,0.99999999999621
154.6,128,0,154.6,0.0021901399081638,4.5657101140651e-06,5.7090913431436e-11,-1.1901187262355e-10,8.9125810393148,0.038585611827559,3.5027536426791e-14,0.99999999999621
154.65,128,0,154.65,0.0021901396557455,4.5657106401244e-06,5.7090913431436e-11,-1.1901187262355e-10,8.9106517587234,0.038585611827559,3.5027536426791e-14,0.99999999999621
154.7,128,0,154.7,0.0021901394033272,4.5657111661838e-06,5.7090913431436e-11,-1.1901187262355e-10,8.908722478132,0.038585611827559,3.5027536426791e-14,0.99999999999621
154.75,128,0,154.75,0.0021901391509089,4.5657116922432e-06,5.7090913431436e-11,-1.1901187262355e-10,8.9067931975406,0.038585611827559,3.5027536426791e-14,0.99999999999621
154.8,128,0,154.8,0.0021901388984905,4.5657122183025e-06,5.7090913431436e-11,-1.1901187262355e-10,8.9048639169493,0.038585611827559,3.5027536426791e-14,0.99999999999621
154.85,128,0,154.85,0.0021901386460722,4.5657127443619e-06,5.7090913431436e-11,-1.1901187262355e-10,8.9029346363579,0.038585611827559,3.5027536426791e-14,0.99999999999621
154.9,128,0,154.9,0.0021901383936539,4.5657132704212e-06,5.7090913431436e-11,-1.1901187262355e-10,8.9010053557665,0.038585611827559,3.5027536426791e-14,0.99999999999621
154.95,128,0,154.95,0.0021901381412356,4.5657137964806e-06,5.7090913431436e-11,-1.1901187262355e-10,8.8990760751751,0.038585611827559,3.5027536426791e-14,0.99999999999621
155,128,0,155,0.0021901378888172,4.56571432254e-06,5.7090913431436e-11,-1.1901187262355e-10,8.8971467945837,0.038585611827559,3.5027536426791e-14,0.99999999999621
155.05,128,0,155.05,0.0021901369509166,4.5657162778011e-06,-6.302842094915e-11,1.3138864407924e-10,8.8952175139923,0.038585611827552,9.8809849191555e-15,0.99999999999915
155.1,128,0,155.1,0.002190136013016,4.5657182330622e-06,-6.302842094915e-11,1.3138864407924e-10,8.893288233401,0.038585611827552,9.8809849191555e-15,0.99999999999915
155.15,128,0,155.15,0.0021901350751154,4.5657201883234e-06,-6.302842094915e-11,1.3138864407924e-10,8.8913589528096,0.038585611827552,9.8809849191555e-15,0.99999999999915
155.2,128,0,155.2,0.0021901341372148,4.5657221435845e-06,-6.302842094915e-11,1.3138864407924e-10,8.8894296722182,0.038585611827552,9.8809849191555e-15,0.99999999999915
155.25,128,0,155.25,0.0021901331993143,4.5657240988456e-06,-6.302842094915e-11,1.3138864407924e-10,8.8875003916268,0.038585611827552,9.8809849191555e-15,0.99999999999915
155.3,128,0,155.3,0.0021901322614137,4.5657260541068e-06,-6.302842094915e-11,1.3138864407924e-10,8.8855711110355,0.038585611827552,9.8809849191555e-15,0.99999999999915
155.35,128,0,155.35,0.0021901313235131,4.5657280093679e-06,-6.302842094915e-11,1.3138864407924e-10,8.8836418304441,0.038585611827552,9.8809849191555e-15,0.99999999999915
155.4,128,0,155.4,0.0021901303856125,4.5657299646291e-06,-6.302842094915e-11,1.3138864407924e-10,8.8817125498527,0.038585611827552,9.8809849191555e-15,0.99999999999915
155.45,128,0,155.45,0.0021901294477119,4.5657319198902e-06,-6.302842094915e-11,1.3138864407924e-10,8.8797832692613,0.038585611827552,9.8809849191555e-15,0.99999999999915
155.5,128,0,155.5,0.0021901285098113,4.5657338751513e-06,-6.302842094915e-11,1.3138864407924e-10,8.8778539886699,0.038585611827552,9.8809849191555e-15,0.99999999999915
155.55,128,0,155.55,0.0021901275719107,4.5657358304125e-06,-6.302842094915e-11,1.3138864407924e-10,8.8759247080786,0.038585611827552,9.8809849191555e-15,0.99999999999915
155.6,128,0,155.6,0.0021901266340101,4.5657377856736e-06,-6.302842094915e-11,1.3138864407924e-10,8.8739954274872,0.038585611827552,9.8809849191555e-15,0.99999999999915
155.65,128,0,155.65,0.0021901256961095,4.5657397409347e-06,-6.302842094915e-11,1.3138864407924e-10,8.8720661468958,0.038585611827552,9.8809849191555e-15,0.99999999999915
155.7,128,0,155.7,0.0021901247582089,4.5657416961959e-06,-6.302842094915e-11,1.3138864407924e-10,8.8701368663044,0.038585611827552,9.8809849191555e-15,0.99999999999915
155.75,128,0,155.75,0.0021901238203083,4.565743651457e-06,-6.302842094915e-11,1.3138864407924e-10,8.868207585713,0.038585611827552,9.8809849191555e-15,0.99999999999915
155.8,128,0,155.8,0.0021901228824077,4.5657456067182e-06,-6.302842094915e-11,1.3138864407924e-10,8.8662783051217,0.038585611827552,9.8809849191555e-15,0.99999999999915
155.85,128,0,155.85,0.0021901219445071,4.5657475619793e-06,-6.302842094915e-11,1.3138864407924e-10,8.8643490245303,0.038585611827552,9.8809849191555e-15,0.99999999999915
155.9,128,0,155.9,0.0021901210066065,4.5657495172404e-06,-6.302842094915e-11,1.3138864407924e-10,8.8624197439389,0.038585611827552,9.8809849191555e-15,0.99999999999915
155.95,128,0,155.95,0.0021901200687059,4.5657514725016e-06,-6.302842094915e-11,1.3138864407924e-10,8.8604904633475,0.038585611827552,9.8809849191555e-15,0.99999999999915
156,128,0,156,0.0021901191308053,4.5657534277627e-06,-6.302842094915e-11,1.3138864407924e-10,8.8585611827562,0.038585611827552,9.8809849191555e-15,0.99999999999915
156.05,128,0,156.05,0.0021901193742709,4.5657529201108e-06,5.8718919081349e-11,-1.2240463600799e-10,8.8566319021648,0.038585611827572,-2.9476421303798e-14,1
156.1,128,0,156.1,0.0021901196177364,4.5657524124589e-06,5.8718919081349e-11,-1.2240463600799e-10,8.8547026215734,0.038585611827572,-2.9476421303798e-14,1
156.15,128,0,156.15,0.002190119861202,4.565751904807e-06,5.8718919081349e-11,-1.2240463600799e-10,8.852773340982,0.038585611827572,-2.9476421303798e-14,1
156.2,128,0,156.2,0.0021901201046675,4.565751397155e-06,5.8718919081349e-11,-1.2240463600799e-10,8.8508440603906,0.038585611827572,-2.9476421303798e-14,1
156.25,128,0,156.25,0.0021901203481331,4.5657508895031e-06,5.8718919081349e-11,-1.2240463600799e-10,8.8489147797993,0.038585611827572,-2.9476421303798e-14,1
156.3,128,0,156.3,0.0021901205915986,4.5657503818512e-06,5.8718919081349e-11,-1.2240463600799e-10,8.8469854992079,0.038585611827572,-2.9476421303798e-14,1
156.35,128,0,156.35,0.0021901208350642,4.5657498741993e-06,5.8718919081349e-11,-1.2240463600799e-10,8.8450562186165,0.038585611827572,-2.9476421303798e-14,1
156.4,128,0,156.4,0.0021901210785298,4.5657493665474e-06,5.8718919081349e-11,-1.2240463600799e-10,8.8431269380251,0.038585611827572,-2.9476421303798e-14,1
156.45,128,0,156.45,0.0021901213219953,4.5657488588955e-06,5.8718919081349e-11,-1.2240463600799e-10,8.8411976574338,0.038585611827572,-2.9476421303798e-14,1
156.5,128,0,156.5,0.0021901215654609,4.5657483512435e-06,5.8718919081349e-11,-1.2240463600799e-10,8.8392683768424,0.038585611827572,-2.9476421303798e-14,1
156.55,128,0,156.55,0.0021901218089264,4.5657478435916e-06,5.8718919081349e-11,-1.2240463600799e-10,8.837339096251,0.038585611827572,-2.9476421303798e-14,1
156.6,128,0,156.6,0.002190122052392,4.5657473359397e-06,5.8718919081349e-11,-1.2240463600799e-10,8.8354098156596,0.038585611827572,-2.9476421303798e-14,1
156.65,128,0,156.65,0.0021901222958576,4.5657468282878e-06,5.8718919081349e-11,-1.2240463600799e-10,8.8334805350682,0.038585611827572,-2.9476421303798e-14,1
156.7,128,0,156.7,0.0021901225393231,4.5657463206359e-06,5.8718919081349e-11,-1.2240463600799e-10,8.8315512544769,0.038585611827572,-2.9476421303798e-14,1
156.75,128,0,156.75,0.0021901227827887,4.565745812984e-06,5.8718919081349e-11,-1.2240463600799e-10,8.8296219738855,0.038585611827572,-2.9476421303798e-14,1
156.8,128,0,156.8,0.0021901230262542,4.565745305332e-06,5.8718919081349e-11,-1.2240463600799e-10,8.8276926932941,0.038585611827572,-2.9476421303798e-14,1
156.85,128,0,156.85,0.0021901232697198,4.5657447976801e-06,5.8718919081349e-11,-1.2240463600799e-10,8.8257634127027,0.038585611827572,-2.9476421303798e-14,1
156.9,128,0,156.9,0.0021901235131853,4.5657442900282e-06,5.8718919081349e-11,-1.2240463600799e-10,8.8238341321114,0.038585611827572,-2.9476421303798e-14,1
156.95,128,0,156.95,0.0021901237566509,4.5657437823763e-06,5.8718919081349e-11,-1.2240463600799e-10,8.82190485152,0.038585611827572,-2.9476421303798e-14,1
157,128,0,157,0.0021901240001165,4.5657432747244e-06,5.8718919081349e-11,-1.2240463600799e-10,8.8199755709286,0.038585611827572,-2.9476421303798e-14,1
157.05,128,0,157.05,0.0021901251636982,4.5657408493043e-06,-5.4927432183985e-11,1.1450067866798e-10,8.8180462903372,0.038585611827553,-4.4853010194856e-14,1
157.1,128,0,157.1,0.0021901263272799,4.5657384238842e-06,-5.4927432183985e-11,1.1450067866798e-10,8.8161170097458,0.038585611827553,-4.4853010194856e-14,1
157.15,128,0,157.15,0.0021901274908616,4.5657359984642e-06,-5.4927432183985e-11,1.1450067866798e-10,8.8141877291545,0.038585611827553,-4.4853010194856e-14,1
157.2,128,0,157.2,0.0021901286544433,4.5657335730441e-06,-5.4927432183985e-11,1.1450067866798e-10,8.8122584485631,0.038585611827553,-4.4853010194856e-14,1
157.25,128,0,157.25,0.002190129818025,4.5657311476241e-06,-5.4927432183985e-11,1.1450067866798e-10,8.8103291679717,0.038585611827553,-4.4853010194856e-14,1
157.3,128,0,157.3,0.0021901309816067,4.565728722204e-06,-5.4927432183985e-11,1.1450067866798e-10,8.8083998873803,0.038585611827553,-4.4853010194856e-14,1
157.35,128,0,157.35,0.0021901321451885,4.5657262967839e-06,-5.4927432183985e-11,1.1450067866798e-10,8.806470606789,0.038585611827553,-4.4853010194856e-14,1
157.4,128,0,157.4,0.0021901333087702,4.5657238713639e-06,-5.4927432183985e-11,1.1450067866798e-10,8.8045413261976,0.038585611827553,-4.4853010194856e-14,1
157.45,128,0,157.45,0.0021901344723519,4.5657214459438e-06,-5.4927432183985e-11,1.1450067866798e-10,8.8026120456062,0.038585611827553,-4.4853010194856e-14,1
157.5,128,0,157.5,0.0021901356359336,4.5657190205237e-06,-5.4927432183985e-11,1.1450067866798e-10,8.8006827650148,0.038585611827553,-4.4853010194856e-14,1
157.55,128,0,157.55,0.0021901367995153,4.5657165951037e-06,-5.4927432183985e-11,1.1450067866798e-10,8.7987534844234,0.038585611827553,-4.4853010194856e-14,1
157.6,128,0,157.6,0.002190137963097,4.5657141696836e-06,-5.4927432183985e-11,1.1450067866798e-10,8.7968242038321,0.038585611827553,-4.4853010194856e-14,1
157.65,128,0,157.65,0.0021901391266788,4.5657117442636e-06,-5.4927432183985e-11,1.1450067866798e-10,8.7948949232407,0.038585611827553,-4.4853010194856e-14,1
157.7,128,0,157.7,0.0021901402902605,4.5657093188435e-06,-5.4927432183985e-11,1.1450067866798e-10,8.7929656426493,0.038585611827553,-4.4853010194856e-14,1
157.75,128,0,157.75,0.0021901414538422,4.5657068934234e-06,-5.4927432183985e-11,1.1450067866798e-10,8.7910363620579,0.038585611827553,-4.4853010194856e-14,1
157.8,128,0,157.8,0.0021901426174239,4.5657044680034e-06,-5.4927432183985e-11,1.1450067866798e-10,8.7891070814666,0.038585611827553,-4.4853010194856e-14,1
157.85,128,0,157.85,0.0021901437810056,4.5657020425833e-06,-5.4927432183985e-11,1.1450067866798e-10,8.7871778008752,0.038585611827553,-4.4853010194856e-14,1
157.9,128,0,157.9,0.0021901449445873,4.5656996171632e-06,-5.4927432183985e-11,1.1450067866798e-10,8.7852485202838,0.038585611827553,-4.4853010194856e-14,1
157.95,128,0,157.95,0.002190146108169,4.5656971917432e-06,-5.4927432183985e-11,1.1450067866798e-10,8.7833192396924,0.038585611827553,-4.4853010194856e-14,1
158,128,0,158,0.0021901472717508,4.5656947663231e-06,-5.4927432183985e-11,1.1450067866798e-10,8.781389959101,0.038585611827553,-4.4853010194856e-14,1
158.05,128,0,158.05,0.002190146644819,4.5656960730453e-06,5.9372096828454e-11,-1.2376617751347e-10,8.7794606785097,0.038585611827559,-1.8374191057546e-14,1
158.1,128,0,158.1,0.0021901460178873,4.5656973797676e-06,5.9372096828454e-11,-1.2376617751347e-10,8.7775313979183,0.038585611827559,-1.8374191057546e-14,1
158.15,128,0,158.15,0.0021901453909556,4.5656986864898e-06,5.9372096828454e-11,-1.2376617751347e-10,8.7756021173269,0.038585611827559,-1.8374191057546e-14,1
158.2,128,0,158.2,0.0021901447640239,4.565699993212e-06,5.9372096828454e-11,-1.2376617751347e-10,8.7736728367355,0.038585611827559,-1.8374191057546e-14,1
158.25,128,0,158.25,0.0021901441370922,4.5657012999342e-06,5.9372096828454e-11,-1.2376617751347e-10,8.7717435561442,0.038585611827559,-1.8374191057546e-14,1
158.3,128,0,158.3,0.0021901435101605,4.5657026066564e-06,5.9372096828454e-11,-1.2376617751347e-10,8.7698142755528,0.038585611827559,-1.8374191057546e-14,1
158.35,128,0,158.35,0.0021901428832287,4.5657039133787e-06,5.9372096828454e-11,-1.2376617751347e-10,8.7678849949614,0.038585611827559,-1.8374191057546e-14,1
158.4,128,0,158.4,0.002190142256297,4.5657052201009e-06,5.9372096828454e-11,-1.2376617751347e-10,8.76595571437,0.038585611827559,-1.8374191057546e-14,1
158.45,128,0,158.45,0.0021901416293653,4.5657065268231e-06,5.9372096828454e-11,-1.2376617751347e-10,8.7640264337786,0.038585611827559,-1.8374191057546e-14,1
158.5,128,0,158.5,0.0021901410024336,4.5657078335453e-06,5.9372096828454e-11,-1.2376617751347e-10,8.7620971531873,0.038585611827559,-1.8374191057546e-14,1
158.55,128,0,158.55,0.0021901403755019,4.5657091402676e-06,5.9372096828454e-11,-1.2376617751347e-10,8.7601678725959,0.038585611827559,-1.8374191057546e-14,1
158.6,128,0,158.6,0.0021901397485702,4.5657104469898e-06,5.9372096828454e-11,-1.2376617751347e-10,8.7582385920045,0.038585611827559,-1.8374191057546e-14,1
158.65,128,0,158.65,0.0021901391216384,4.565711753712e-06,5.9372096828454e-11,-1.2376617751347e-10,8.7563093114131,0.038585611827559,-1.8374191057546e-14,1
158.7,128,0,158.7,0.0021901384947067,4.5657130604342e-06,5.9372096828454e-11,-1.2376617751347e-10,8.7543800308217,0.038585611827559,-1.8374191057546e-14,1
158.75,128,0,158.75,0.002190137867775,4.5657143671564e-06,5.9372096828454e-11,-1.2376617751347e-10,8.7524507502304,0.038585611827559,-1.8374191057546e-14,1
158.8,128,0,158.8,0.0021901372408433,4.5657156738787e-06,5.9372096828454e-11,-1.2376617751347e-10,8.750521469639,0.038585611827559,-1.8374191057546e-14,1
158.85,128,0,158.85,0.0021901366139116,4.5657169806009e-06,5.9372096828454e-11,-1.2376617751347e-10,8.7485921890476,0.038585611827559,-1.8374191057546e-14,1
158.9,128,0,158.9,0.0021901359869799,4.5657182873231e-06,5.9372096828454e-11,-1.2376617751347e-10,8.7466629084562,0.038585611827559,-1.8374191057546e-14,1
158.95,128,0,158.95,0.0021901353600481,4.5657195940453e-06,5.9372096828454e-11,-1.2376617751347e-10,8.7447336278648,0.038585611827559,-1.8374191057546e-14,1
159,128,0,159,0.0021901347331164,4.5657209007675e-06,5.9372096828454e-11,-1.2376617751347e-10,8.7428043472735,0.038585611827559,-1.8374191057546e-14,1
159.05,128,0,159.05,0.0021901341048435,4.5657222105889e-06,-6.4106005640441e-11,1.336346465837e-10,8.7408750666821,0.038585611827578,-3.2751579226442e-14,1
159.1,128,0,159.1,0.0021901334765705,4.5657235204102e-06,-6.4106005640441e-11,1.336346465837e-10,8.7389457860907,0.038585611827578,-3.2751579226442e-14,1
159.15,128,0,159.15,0.0021901328482975,4.5657248302315e-06,-6.4106005640441e-11,1.336346465837e-10,8.7370165054993,0.038585611827578,-3.2751579226442e-14,1
159.2,128,0,159.2,0.0021901322200245,4.5657261400528e-06,-6.4106005640441e-11,1.336346465837e-10,8.735087224908,0.038585611827578,-3.2751579226442e-14,1
159.25,128,0,159.25,0.0021901315917516,4.5657274498741e-06,-6.4106005640441e-11,1.336346465837e-10,8.7331579443166,0.038585611827578,-3.2751579226442e-14,1
159.3,128,0,159.3,0.0021901309634786,4.5657287596955e-06,-6.4106005640441e-11,1.336346465837e-10,8.7312286637252,0.038585611827578,-3.2751579226442e-14,1
159.35,128,0,159.35,0.0021901303352056,4.5657300695168e-06,-6.4106005640441e-11,1.336346465837e-10,8.7292993831338,0.038585611827578,-3.2751579226442e-14,1
159.4,128,0,159.4,0.0021901297069327,4.5657313793381e-06,-6.4106005640441e-11,1.336346465837e-10,8.7273701025424,0.038585611827578,-3.2751579226442e-14,1
159.45,128,0,159.45,0.0021901290786597,4.5657326891594e-06,-6.4106005640441e-11,1.336346465837e-10,8.7254408219511,0.038585611827578,-3.2751579226442e-14,1
159.5,128,0,159.5,0.0021901284503867,4.5657339989808e-06,-6.4106005640441e-11,1.336346465837e-10,8.7235115413597,0.038585611827578,-3.2751579226442e-14,1
159.55,128,0,159.55,0.0021901278221138,4.5657353088021e-06,-6.4106005640441e-11,1.336346465837e-10,8.7215822607683,0.038585611827578,-3.2751579226442e-14,1
159.6,128,0,159.6,0.0021901271938408,4.5657366186234e-06,-6.4106005640441e-11,1.336346465837e-10,8.7196529801769,0.038585611827578,-3.2751579226442e-14,1
159.65,128,0,159.65,0.0021901265655678,4.5657379284447e-06,-6.4106005640441e-11,1.336346465837e-10,8.7177236995856,0.038585611827578,-3.2751579226442e-14,1
159.7,128,0,159.7,0.0021901259372948,4.565739238266e-06,-6.4106005640441e-11,1.336346465837e-10,8.7157944189942,0.038585611827578,-3.2751579226442e-14,1
159.75,128,0,159.75,0.0021901253090219,4.5657405480874e-06,-6.4106005640441e-11,1.336346465837e-10,8.7138651384028,0.038585611827578,-3.2751579226442e-14,1
159.8,128,0,159.8,0.0021901246807489,4.5657418579087e-06,-6.4106005640441e-11,1.336346465837e-10,8.7119358578114,0.038585611827578,-3.2751579226442e-14,1
159.85,128,0,159.85,0.0021901240524759,4.56574316773e-06,-6.4106005640441e-11,1.336346465837e-10,8.7100065772201,0.038585611827578,-3.2751579226442e-14,1
159.9,128,0,159.9,0.002190123424203,4.5657444775513e-06,-6.4106005640441e-11,1.336346465837e-10,8.7080772966287,0.038585611827578,-3.2751579226442e-14,1
159.95,128,0,159.95,0.00219012279593,4.5657457873726e-06,-6.4106005640441e-11,1.336346465837e-10,8.7061480160373,0.038585611827578,-3.2751579226442e-14,1
160,128,0,160,0.002190122167657,4.565747097194e-06,-6.4106005640441e-11,1.336346465837e-10,8.7042187354459,0.038585611827578,-3.2751579226442e-14,1
160.05,128,0,160.05,0.0021901223061333,4.5657468083972e-06,5.9668496449176e-11,-1.2438405280483e-10,8.7022894548545,0.038585611827544,-2.2315482794966e-14,1
160.1,128,0,160.1,0.0021901224446095,4.5657465196004e-06,5.9668496449176e-11,-1.2438405280483e-10,8.7003601742632,0.038585611827544,-2.2315482794966e-14,1
160.15,128,0,160.15,0.0021901225830858,4.5657462308036e-06,5.9668496449176e-11,-1.2438405280483e-10,8.6984308936718,0.038585611827544,-2.2315482794966e-14,1
160.2,128,0,160.2,0.0021901227215621,4.5657459420068e-06,5.9668496449176e-11,-1.2438405280483e-10,8.6965016130804,0.038585611827544,-2.2315482794966e-14,1
160.25,128,0,160.25,0.0021901228600383,4.56574565321e-06,5.9668496449176e-11,-1.2438405280483e-10,8.694572332489,0.038585611827544,-2.2315482794966e-14,1
160.3,128,0,160.3,0.0021901229985146,4.5657453644132e-06,5.9668496449176e-11,-1.2438405280483e-10,8.6926430518976,0.038585611827544,-2.2315482794966e-14,1
160.35,128,0,160.35,0.0021901231369909,4.5657450756164e-06,5.9668496449176e-11,-1.2438405280483e-10,8.6907137713063,0.038585611827544,-2.2315482794966e-14,1
160.4,128,0,160.4,0.0021901232754671,4.5657447868196e-06,5.9668496449176e-11,-1.2438405280483e-10,8.6887844907149,0.038585611827544,-2.2315482794966e-14,1
160.45,128,0,160.45,0.0021901234139434,4.5657444980228e-06,5.9668496449176e-11,-1.2438405280483e-10,8.6868552101235,0.038585611827544,-2.2315482794966e-14,1
160.5,128,0,160.5,0.0021901235524197,4.565744209226e-06,5.9668496449176e-11,-1.2438405280483e-10,8.6849259295321,0.038585611827544,-2.2315482794966e-14,1
160.55,128,0,160.55,0.0021901236908959,4.5657439204292e-06,5.9668496449176e-11,-1.2438405280483e-10,8.6829966489407,0.038585611827544,-2.2315482794966e-14,1
160.6,128,0,160.6,0.0021901238293722,4.5657436316324e-06,5.9668496449176e-11,-1.2438405280483e-10,8.6810673683494,0.038585611827544,-2.2315482794966e-14,1
160.65,128,0,160.65,0.0021901239678485,4.5657433428356e-06,5.9668496449176e-11,-1.2438405280483e-10,8.679138087758,0.038585611827544,-2.2315482794966e-14,1
160.7,128,0,160.7,0.0021901241063247,4.5657430540389e-06,5.9668496449176e-11,-1.2438405280483e-10,8.6772088071666,0.038585611827544,-2.2315482794966e-14,1
160.75,128,0,160.75,0.002190124244801,4.5657427652421e-06,5.9668496449176e-11,-1.2438405280483e-10,8.6752795265752,0.038585611827544,-2.2315482794966e-14,1
160.8,128,0,160.8,0.0021901243832772,4.5657424764453e-06,5.9668496449176e-11,-1.2438405280483e-10,8.6733502459838,0.038585611827544,-2.2315482794966e-14,1
160.85,128,0,160.85,0.0021901245217535,4.5657421876485e-06,5.9668496449176e-11,-1.2438405280483e-10,8.6714209653925,0.038585611827544,-2.2315482794966e-14,1
160.9,128,0,160.9,0.0021901246602298,4.5657418988517e-06,5.9668496449176e-11,-1.2438405280483e-10,8.6694916848011,0.038585611827544,-2.2315482794966e-14,1
160.95,128,0,160.95,0.002190124798706,4.5657416100549e-06,5.9668496449176e-11,-1.2438405280483e-10,8.6675624042097,0.038585611827544,-2.2315482794966e-14,1
161,128,0,161,0.0021901249371823,4.5657413212581e-06,5.9668496449176e-11,-1.2438405280483e-10,8.6656331236183,0.038585611827544,-2.2315482794966e-14,1
161.05,128,0,161.05,0.0021901259095102,4.5657392945286e-06,-5.4757363174166e-11,1.1414615061693e-10,8.663703843027,0.03858561182757,3.5471625636774e-14,1
161.1,128,0,161.1,0.0021901268818381,4.5657372677992e-06,-5.4757363174166e-11,1.1414615061693e-10,8.6617745624356,0.03858561182757,3.5471625636774e-14,1
161.15,128,0,161.15,0.0021901278541661,4.5657352410697e-06,-5.4757363174166e-11,1.1414615061693e-10,8.6598452818442,0.03858561182757,3.5471625636774e-14,1
161.2,128,0,161.2,0.002190128826494,4.5657332143403e-06,-5.4757363174166e-11,1.1414615061693e-10,8.6579160012528,0.03858561182757,3.5471625636774e-14,1
161.25,128,0,161.25,0.0021901297988219,4.5657311876108e-06,-5.4757363174166e-11,1.1414615061693e-10,8.6559867206614,0.03858561182757,3.5471625636774e-14,1
161.3,128,0,161.3,0.0021901307711498,4.5657291608813e-06,-5.4757363174166e-11,1.1414615061693e-10,8.6540574400701,0.03858561182757,3.5471625636774e-14,1
161.35,128,0,161.35,0.0021901317434778,4.5657271341519e-06,-5.4757363174166e-11,1.1414615061693e-10,8.6521281594787,0.03858561182757,3.5471625636774e-14,1
161.4,128,0,161.4,0.0021901327158057,4.5657251074224e-06,-5.4757363174166e-11,1.1414615061693e-10,8.6501988788873,0.03858561182757,3.5471625636774e-14,1
161.45,128,0,161.45,0.0021901336881336,4.565723080693e-06,-5.4757363174166e-11,1.1414615061693e-10,8.6482695982959,0.03858561182757,3.5471625636774e-14,1
161.5,128,0,161.5,0.0021901346604615,4.5657210539635e-06,-5.4757363174166e-11,1.1414615061693e-10,8.6463403177045,0.03858561182757,3.5471625636774e-14,1
161.55,128,0,161.55,0.0021901356327895,4.5657190272341e-06,-5.4757363174166e-11,1.1414615061693e-10,8.6444110371132,0.03858561182757,3.5471625636774e-14,1
161.6,128,0,161.6,0.0021901366051174,4.5657170005046e-06,-5.4757363174166e-11,1.1414615061693e-10,8.6424817565218,0.03858561182757,3.5471625636774e-14,1
161.65,128,0,161.65,0.0021901375774453,4.5657149737751e-06,-5.4757363174166e-11,1.1414615061693e-10,8.6405524759304,0.03858561182757,3.5471625636774e-14,1
161.7,128,0,161.7,0.0021901385497732,4.5657129470457e-06,-5.4757363174166e-11,1.1414615061693e-10,8.638623195339,0.03858561182757,3.5471625636774e-14,1
161.75,128,0,161.75,0.0021901395221011,4.5657109203162e-06,-5.4757363174166e-11,1.1414615061693e-10,8.6366939147476,0.03858561182757,3.5471625636774e-14,1
161.8,128,0,161.8,0.0021901404944291,4.5657088935868e-06,-5.4757363174166e-11,1.1414615061693e-10,8.6347646341563,0.03858561182757,3.5471625636774e-14,1
161.85,128,0,161.85,0.002190141466757,4.5657068668573e-06,-5.4757363174166e-11,1.1414615061693e-10,8.6328353535649,0.03858561182757,3.5471625636774e-14,1
161.9,128,0,161.9,0.0021901424390849,4.5657048401278e-06,-5.4757363174166e-11,1.1414615061693e-10,8.6309060729735,0.03858561182757,3.5471625636774e-14,1
161.95,128,0,161.95,0.0021901434114128,4.5657028133984e-06,-5.4757363174166e-11,1.1414615061693e-10,8.6289767923821,0.03858561182757,3.5471625636774e-14,1
162,128,0,162,0.0021901443837408,4.5657007866689e-06,-5.4757363174166e-11,1.1414615061693e-10,8.6270475117908,0.03858561182757,3.5471625636774e-14,1
162.05,128,0,162.05,0.0021901440888296,4.5657014012592e-06,5.9316675324182e-11,-1.2365072172282e-10,8.6251182311994,0.038585611827563,3.6248781754011e-14,1
162.1,128,0,162.1,0.0021901437939184,4.5657020158495e-06,5.9316675324182e-11,-1.2365072172282e-10,8.623188950608,0.038585611827563,3.6248781754011e-14,1
162.15,128,0,162.15,0.0021901434990073,4.5657026304398e-06,5.9316675324182e-11,-1.2365072172282e-10,8.6212596700166,0.038585611827563,3.6248781754011e-14,1
162.2,128,0,162.2,0.0021901432040961,4.5657032450301e-06,5.9316675324182e-11,-1.2365072172282e-10,8.6193303894252,0.038585611827563,3.6248781754011e-14,1
162.25,128,0,162.25,0.0021901429091849,4.5657038596204e-06,5.9316675324182e-11,-1.2365072172282e-10,8.6174011088339,0.038585611827563,3.6248781754011e-14,1
162.3,128,0,162.3,0.0021901426142738,4.5657044742107e-06,5.9316675324182e-11,-1.2365072172282e-10,8.6154718282425,0.038585611827563,3.6248781754011e-14,1
162.35,128,0,162.35,0.0021901423193626,4.565705088801e-06,5.9316675324182e-11,-1.2365072172282e-10,8.6135425476511,0.038585611827563,3.6248781754011e-14,1
162.4,128,0,162.4,0.0021901420244514,4.5657057033913e-06,5.9316675324182e-11,-1.2365072172282e-10,8.6116132670597,0.038585611827563,3.6248781754011e-14,1
162.45,128,0,162.45,0.0021901417295403,4.5657063179816e-06,5.9316675324182e-11,-1.2365072172282e-10,8.6096839864684,0.038585611827563,3.6248781754011e-14,1
162.5,128,0,162.5,0.0021901414346291,4.5657069325719e-06,5.9316675324182e-11,-1.2365072172282e-10,8.607754705877,0.038585611827563,3.6248781754011e-14,1
162.55,128,0,162.55,0.0021901411397179,4.5657075471622e-06,5.9316675324182e-11,-1.2365072172282e-10,8.6058254252856,0.038585611827563,3.6248781754011e-14,1
162.6,128,0,162.6,0.0021901408448068,4.5657081617525e-06,5.9316675324182e-11,-1.2365072172282e-10,8.6038961446942,0.038585611827563,3.6248781754011e-14,1
162.65,128,0,162.65,0.0021901405498956,4.5657087763428e-06,5.9316675324182e-11,-1.2365072172282e-10,8.6019668641028,0.038585611827563,3.6248781754011e-14,1
162.7,128,0,162.7,0.0021901402549844,4.5657093909332e-06,5.9316675324182e-11,-1.2365072172282e-10,8.6000375835115,0.038585611827563,3.6248781754011e-14,1
162.75,128,0,162.75,0.0021901399600733,4.5657100055235e-06,5.9316675324182e-11,-1.2365072172282e-10,8.5981083029201,0.038585611827563,3.6248781754011e-14,1
162.8,128,0,162.8,0.0021901396651621,4.5657106201138e-06,5.9316675324182e-11,-1.2365072172282e-10,8.5961790223287,0.038585611827563,3.6248781754011e-14,1
162.85,128,0,162.85,0.0021901393702509,4.5657112347041e-06,5.9316675324182e-11,-1.2365072172282e-10,8.5942497417373,0.038585611827563,3.6248781754011e-14,1
162.9,128,0,162.9,0.0021901390753398,4.5657118492944e-06,5.9316675324182e-11,-1.2365072172282e-10,8.592320461146,0.038585611827563,3.6248781754011e-14,1
162.95,128,0,162.95,0.0021901387804286,4.5657124638847e-06,5.9316675324182e-11,-1.2365072172282e-10,8.5903911805546,0.038585611827563,3.6248781754011e-14,1
163,128,0,163,0.0021901384855174,4.565713078475e-06,5.9316675324182e-11,-1.2365072172282e-10,8.5884618999632,0.038585611827563,3.6248781754011e-14,1
163.05,128,0,163.05,0.0021901375001809,4.5657151326328e-06,-6.4182807357554e-11,1.3379478479687e-10,8.5865326193718,0.038585611827575,8.8817841970013e-15,1
163.1,128,0,163.1,0.0021901365148444,4.5657171867906e-06,-6.4182807357554e-11,1.3379478479687e-10,8.5846033387804,0.038585611827575,8.8817841970013e-15,1
163.15,128,0,163.15,0.0021901355295078,4.5657192409484e-06,-6.4182807357554e-11,1.3379478479687e-10,8.5826740581891,0.038585611827575,8.8817841970013e-15,1
163.2,128,0,163.2,0.0021901345441713,4.5657212951063e-06,-6.4182807357554e-11,1.3379478479687e-10,8.5807447775977,0.038585611827575,8.8817841970013e-15,1
163.25,128,0,163.25,0.0021901335588347,4.5657233492641e-06,-6.4182807357554e-11,1.3379478479687e-10,8.5788154970063,0.038585611827575,8.8817841970013e-15,1
163.3,128,0,163.3,0.0021901325734982,4.5657254034219e-06,-6.4182807357554e-11,1.3379478479687e-10,8.5768862164149,0.038585611827575,8.8817841970013e-15,1
163.35,128,0,163.35,0.0021901315881616,4.5657274575798e-06,-6.4182807357554e-11,1.3379478479687e-10,8.5749569358236,0.038585611827575,8.8817841970013e-15,1
163.4,128,0,163.4,0.0021901306028251,4.5657295117376e-06,-6.4182807357554e-11,1.3379478479687e-10,8.5730276552322,0.038585611827575,8.8817841970013e-15,1
163.45,128,0,163.45,0.0021901296174886,4.5657315658954e-06,-6.4182807357554e-11,1.3379478479687e-10,8.5710983746408,0.038585611827575,8.8817841970013e-15,1
163.5,128,0,163.5,0.002190128632152,4.5657336200532e-06,-6.4182807357554e-11,1.3379478479687e-10,8.5691690940494,0.038585611827575,8.8817841970013e-15,1
163.55,128,0,163.55,0.0021901276468155,4.5657356742111e-06,-6.4182807357554e-11,1.3379478479687e-10,8.567239813458,0.038585611827575,8.8817841970013e-15,1
163.6,128,0,163.6,0.0021901266614789,4.5657377283689e-06,-6.4182807357554e-11,1.3379478479687e-10,8.5653105328667,0.038585611827575,8.8817841970013e-15,1
163.65,128,0,163.65,0.0021901256761424,4.5657397825267e-06,-6.4182807357554e-11,1.3379478479687e-10,8.5633812522753,0.038585611827575,8.8817841970013e-15,1
163.7,128,0,163.7,0.0021901246908059,4.5657418366846e-06,-6.4182807357554e-11,1.3379478479687e-10,8.5614519716839,0.038585611827575,8.8817841970013e-15,1
163.75,128,0,163.75,0.0021901237054693,4.5657438908424e-06,-6.4182807357554e-11,1.3379478479687e-10,8.5595226910925,0.038585611827575,8.8817841970013e-15,1
163.8,128,0,163.8,0.0021901227201328,4.5657459450002e-06,-6.4182807357554e-11,1.3379478479687e-10,8.5575934105012,0.038585611827575,8.8817841970013e-15,1
163.85,128,0,163.85,0.0021901217347962,4.565747999158e-06,-6.4182807357554e-11,1.3379478479687e-10,8.5556641299098,0.038585611827575,8.8817841970013e-15,1
163.9,128,0,163.9,0.0021901207494597,4.5657500533159e-06,-6.4182807357554e-11,1.3379478479687e-10,8.5537348493184,0.038585611827575,8.8817841970013e-15,1
163.95,128,0,163.95,0.0021901197641231,4.5657521074737e-06,-6.4182807357554e-11,1.3379478479687e-10,8.551805568727,0.038585611827575,8.8817841970013e-15,1
164,128,0,164,0.0021901187787866,4.5657541616315e-06,-6.4182807357554e-11,1.3379478479687e-10,8.5498762881356,0.038585611827575,8.8817841970013e-15,1
164.05,128,0,164.05,0.0021901191324617,4.5657534242316e-06,5.9444334553696e-11,-1.2391673757389e-10,8.5479470075443,0.03858561182757,-7.7715611723761e-16,1
164.1,128,0,164.1,0.0021901194861368,4.5657526868316e-06,5.9444334553696e-11,-1.2391673757389e-10,8.5460177269529,0.03858561182757,-7.7715611723761e-16,1
164.15,128,0,164.15,0.0021901198398119,4.5657519494317e-06,5.9444334553696e-11,-1.2391673757389e-10,8.5440884463615,0.03858561182757,-7.7715611723761e-16,1
164.2,128,0,164.2,0.002190120193487,4.5657512120317e-06,5.9444334553696e-11,-1.2391673757389e-10,8.5421591657701,0.03858561182757,-7.7715611723761e-16,1
164.25,128,0,164.25,0.0021901205471621,4.5657504746318e-06,5.9444334553696e-11,-1.2391673757389e-10,8.5402298851787,0.03858561182757,-7.7715611723761e-16,1
164.3,128,0,164.3,0.0021901209008372,4.5657497372318e-06,5.9444334553696e-11,-1.2391673757389e-10,8.5383006045874,0.03858561182757,-7.7715611723761e-16,1
164.35,128,0,164.35,0.0021901212545123,4.5657489998318e-06,5.9444334553696e-11,-1.2391673757389e-10,8.536371323996,0.03858561182757,-7.7715611723761e-16,1
164.4,128,0,164.4,0.0021901216081874,4.5657482624319e-06,5.9444334553696e-11,-1.2391673757389e-10,8.5344420434046,0.03858561182757,-7.7715611723761e-16,1
164.45,128,0,164.45,0.0021901219618625,4.5657475250319e-06,5.9444334553696e-11,-1.2391673757389e-10,8.5325127628132,0.03858561182757,-7.7715611723761e-16,1
164.5,128,0,164.5,0.0021901223155376,4.565746787632e-06,5.9444334553696e-11,-1.2391673757389e-10,8.5305834822219,0.03858561182757,-7.7715611723761e-16,1
164.55,128,0,164.55,0.0021901226692127,4.565746050232e-06,5.9444334553696e-11,-1.2391673757389e-10,8.5286542016305,0.03858561182757,-7.7715611723761e-16,1
164.6,128,0,164.6,0.0021901230228878,4.5657453128321e-06,5.9444334553696e-11,-1.2391673757389e-10,8.5267249210391,0.03858561182757,-7.7715611723761e-16,1
164.65,128,0,164.65,0.0021901233765629,4.5657445754321e-06,5.9444334553696e-11,-1.2391673757389e-10,8.5247956404477,0.03858561182757,-7.7715611723761e-16,1
164.7,128,0,164.7,0.002190123730238,4.5657438380322e-06,5.9444334553696e-11,-1.2391673757389e-10,8.5228663598563,0.03858561182757,-7.7715611723761e-16,1
164.75,128,0,164.75,0.0021901240839131,4.5657431006322e-06,5.9444334553696e-11,-1.2391673757389e-10,8.520937079265,0.03858561182757,-7.7715611723761e-16,1
164.8,128,0,164.8,0.0021901244375882,4.5657423632323e-06,5.9444334553696e-11,-1.2391673757389e-10,8.5190077986736,0.03858561182757,-7.7715611723761e-16,1
164.85,128,0,164.85,0.0021901247912633,4.5657416258323e-06,5.9444334553696e-11,-1.2391673757389e-10,8.5170785180822,0.03858561182757,-7.7715611723761e-16,1
164.9,128,0,164.9,0.0021901251449384,4.5657408884323e-06,5.9444334553696e-11,-1.2391673757389e-10,8.5151492374908,0.03858561182757,-7.7715611723761e-16,1
164.95,128,0,164.95,0.0021901254986134,4.5657401510324e-06,5.9444334553696e-11,-1.2391673757389e-10,8.5132199568994,0.03858561182757,-7.7715611723761e-16,1
165,128,0,165,0.0021901258522885,4.5657394136324e-06,5.9444334553696e-11,-1.2391673757389e-10,8.5112906763081,0.03858561182757,-7.7715611723761e-16,1
165.05,128,0,165.05,0.002190126770796,4.5657374990962e-06,-5.4355528884337e-11,1.1330849414981e-10,8.5093613957167,0.038585611827523,1.5987211554602e-14,1
165.1,128,0,165.1,0.0021901276893034,4.56573558456e-06,-5.4355528884337e-11,1.1330849414981e-10,8.5074321151253,0.038585611827523,1.5987211554602e-14,1
165.15,128,0,165.15,0.0021901286078109,4.5657336700238e-06,-5.4355528884337e-11,1.1330849414981e-10,8.5055028345339,0.038585611827523,1.5987211554602e-14,1
165.2,128,0,165.2,0.0021901295263183,4.5657317554876e-06,-5.4355528884337e-11,1.1330849414981e-10,8.5035735539426,0.038585611827523,1.5987211554602e-14,1
165.25,128,0,165.25,0.0021901304448258,4.5657298409514e-06,-5.4355528884337e-11,1.1330849414981e-10,8.5016442733512,0.038585611827523,1.5987211554602e-14,1
165.3,128,0,165.3,0.0021901313633332,4.5657279264152e-06,-5.4355528884337e-11,1.1330849414981e-10,8.4997149927598,0.038585611827523,1.5987211554602e-14,1
165.35,128,0,165.35,0.0021901322818406,4.5657260118789e-06,-5.4355528884337e-11,1.1330849414981e-10,8.4977857121684,0.038585611827523,1.5987211554602e-14,1
165.4,128,0,165.4,0.0021901332003481,4.5657240973427e-06,-5.4355528884337e-11,1.1330849414981e-10,8.495856431577,0.038585611827523,1.5987211554602e-14,1
165.45,128,0,165.45,0.0021901341188555,4.5657221828065e-06,-5.4355528884337e-11,1.1330849414981e-10,8.4939271509857,0.038585611827523,1.5987211554602e-14,1
165.5,128,0,165.5,0.002190135037363,4.5657202682703e-06,-5.4355528884337e-11,1.1330849414981e-10,8.4919978703943,0.038585611827523,1.5987211554602e-14,1
165.55,128,0,165.55,0.0021901359558704,4.5657183537341e-06,-5.4355528884337e-11,1.1330849414981e-10,8.4900685898029,0.038585611827523,1.5987211554602e-14,1
165.6,128,0,165.6,0.0021901368743779,4.5657164391979e-06,-5.4355528884337e-11,1.1330849414981e-10,8.4881393092115,0.038585611827523,1.5987211554602e-14,1
165.65,128,0,165.65,0.0021901377928853,4.5657145246617e-06,-5.4355528884337e-11,1.1330849414981e-10,8.4862100286202,0.038585611827523,1.5987211554602e-14,1
165.7,128,0,165.7,0.0021901387113927,4.5657126101254e-06,-5.4355528884337e-11,1.1330849414981e-10,8.4842807480288,0.038585611827523,1.5987211554602e-14,1
165.75,128,0,165.75,0.0021901396299002,4.5657106955892e-06,-5.4355528884337e-11,1.1330849414981e-10,8.4823514674374,0.038585611827523,1.5987211554602e-14,1
165.8,128,0,165.8,0.0021901405484076,4.565708781053e-06,-5.4355528884337e-11,1.1330849414981e-10,8.480422186846,0.038585611827523,1.5987211554602e-14,1
165.85,128,0,165.85,0.0021901414669151,4.5657068665168e-06,-5.4355528884337e-11,1.1330849414981e-10,8.4784929062547,0.038585611827523,1.5987211554602e-14,1
165.9,128,0,165.9,0.0021901423854225,4.5657049519806e-06,-5.4355528884337e-11,1.1330849414981e-10,8.4765636256633,0.038585611827523,1.5987211554602e-14,1
165.95,128,0,165.95,0.0021901433039299,4.5657030374444e-06,-5.4355528884337e-11,1.1330849414981e-10,8.4746343450719,0.038585611827523,1.5987211554602e-14,1
166,128,0,166,0.0021901442224374,4.5657011229082e-06,-5.4355528884337e-11,1.1330849414981e-10,8.4727050644805,0.038585611827523,1.5987211554602e-14,1
166.05,128,0,166.05,0.0021901439415993,4.565701708163e-06,5.845282790334e-11,-1.2184993010217e-10,8.4707757838892,0.038585611827588,2.4202861936828e-14,1
166.1,128,0,166.1,0.0021901436607613,4.5657022934179e-06,5.845282790334e-11,-1.2184993010217e-10,8.4688465032978,0.038585611827588,2.4202861936828e-14,1
166.15,128,0,166.15,0.0021901433799232,4.5657028786727e-06,5.845282790334e-11,-1.2184993010217e-10,8.4669172227064,0.038585611827588,2.4202861936828e-14,1
166.2,128,0,166.2,0.0021901430990851,4.5657034639276e-06,5.845282790334e-11,-1.2184993010217e-10,8.464987942115,0.038585611827588,2.4202861936828e-14,1
166.25,128,0,166.25,0.0021901428182471,4.5657040491825e-06,5.845282790334e-11,-1.2184993010217e-10,8.4630586615236,0.038585611827588,2.4202861936828e-14,1
166.3,128,0,166.3,0.002190142537409,4.5657046344373e-06,5.845282790334e-11,-1.2184993010217e-10,8.4611293809323,0.038585611827588,2.4202861936828e-14,1
166.35,128,0,166.35,0.0021901422565709,4.5657052196922e-06,5.845282790334e-11,-1.2184993010217e-10,8.4592001003409,0.038585611827588,2.4202861936828e-14,1
166.4,128,0,166.4,0.0021901419757329,4.5657058049471e-06,5.845282790334e-11,-1.2184993010217e-10,8.4572708197495,0.038585611827588,2.4202861936828e-14,1
166.45,128,0,166.45,0.0021901416948948,4.5657063902019e-06,5.845282790334e-11,-1.2184993010217e-10,8.4553415391581,0.038585611827588,2.4202861936828e-14,1
166.5,128,0,166.5,0.0021901414140568,4.5657069754568e-06,5.845282790334e-11,-1.2184993010217e-10,8.4534122585667,0.038585611827588,2.4202861936828e-14,1
166.55,128,0,166.55,0.0021901411332187,4.5657075607117e-06,5.845282790334e-11,-1.2184993010217e-10,8.4514829779754,0.038585611827588,2.4202861936828e-14,1
166.6,128,0,166.6,0.0021901408523806,4.5657081459665e-06,5.845282790334e-11,-1.2184993010217e-10,8.449553697384,0.038585611827588,2.4202861936828e-14,1
166.65,128,0,166.65,0.0021901405715426,4.5657087312214e-06,5.845282790334e-11,-1.2184993010217e-10,8.4476244167926,0.038585611827588,2.4202861936828e-14,1
166.7,128,0,166.7,0.0021901402907045,4.5657093164763e-06,5.845282790334e-11,-1.2184993010217e-10,8.4456951362012,0.038585611827588,2.4202861936828e-14,1
166.75,128,0,166.75,0.0021901400098664,4.5657099017311e-06,5.845282790334e-11,-1.2184993010217e-10,8.4437658556098,0.038585611827588,2.4202861936828e-14,1
166.8,128,0,166.8,0.0021901397290284,4.565710486986e-06,5.845282790334e-11,-1.2184993010217e-10,8.4418365750185,0.038585611827588,2.4202861936828e-14,1
166.85,128,0,166.85,0.0021901394481903,4.5657110722409e-06,5.845282790334e-11,-1.2184993010217e-10,8.4399072944271,0.038585611827588,2.4202861936828e-14,1
166.9,128,0,166.9,0.0021901391673522,4.5657116574957e-06,5.845282790334e-11,-1.2184993010217e-10,8.4379780138357,0.038585611827588,2.4202861936828e-14,1
166.95,128,0,166.95,0.0021901388865142,4.5657122427506e-06,5.845282790334e-11,-1.2184993010217e-10,8.4360487332443,0.038585611827588,2.4202861936828e-14,1
167,128,0,167,0.0021901386056761,4.5657128280055e-06,5.845282790334e-11,-1.2184993010217e-10,8.4341194526529,0.038585611827588,2.4202861936828e-14,1
167.05,128,0,167.05,0.0021901376345745,4.5657148524877e-06,-6.3035619939984e-11,1.314033740741e-10,8.4321901720616,0.038585611827551,2.2870594307278e-14,1
167.1,128,0,167.1,0.0021901366634729,4.5657168769699e-06,-6.3035619939984e-11,1.314033740741e-10,8.4302608914702,0.038585611827551,2.2870594307278e-14,1
167.15,128,0,167.15,0.0021901356923713,4.5657189014522e-06,-6.3035619939984e-11,1.314033740741e-10,8.4283316108788,0.038585611827551,2.2870594307278e-14,1
167.2,128,0,167.2,0.0021901347212697,4.5657209259344e-06,-6.3035619939984e-11,1.314033740741e-10,8.4264023302874,0.038585611827551,2.2870594307278e-14,1
167.25,128,0,167.25,0.0021901337501681,4.5657229504167e-06,-6.3035619939984e-11,1.314033740741e-10,8.4244730496961,0.038585611827551,2.2870594307278e-14,1
167.3,128,0,167.3,0.0021901327790665,4.5657249748989e-06,-6.3035619939984e-11,1.314033740741e-10,8.4225437691047,0.038585611827551,2.2870594307278e-14,1
167.35,128,0,167.35,0.002190131807965,4.5657269993812e-06,-6.3035619939984e-11,1.314033740741e-10,8.4206144885133,0.038585611827551,2.2870594307278e-14,1
167.4,128,0,167.4,0.0021901308368634,4.5657290238634e-06,-6.3035619939984e-11,1.314033740741e-10,8.4186852079219,0.038585611827551,2.2870594307278e-14,1
167.45,128,0,167.45,0.0021901298657618,4.5657310483457e-06,-6.3035619939984e-11,1.314033740741e-10,8.4167559273305,0.038585611827551,2.2870594307278e-14,1
167.5,128,0,167.5,0.0021901288946602,4.5657330728279e-06,-6.3035619939984e-11,1.314033740741e-10,8.4148266467392,0.038585611827551,2.2870594307278e-14,1
167.55,128,0,167.55,0.0021901279235586,4.5657350973101e-06,-6.3035619939984e-11,1.314033740741e-10,8.4128973661478,0.038585611827551,2.2870594307278e-14,1
167.6,128,0,167.6,0.002190126952457,4.5657371217924e-06,-6.3035619939984e-11,1.314033740741e-10,8.4109680855564,0.038585611827551,2.2870594307278e-14,1
167.65,128,0,167.65,0.0021901259813554,4.5657391462746e-06,-6.3035619939984e-11,1.314033740741e-10,8.409038804965,0.038585611827551,2.2870594307278e-14,1
167.7,128,0,167.7,0.0021901250102538,4.5657411707569e-06,-6.3035619939984e-11,1.314033740741e-10,8.4071095243737,0.038585611827551,2.2870594307278e-14,1
167.75,128,0,167.75,0.0021901240391522,4.5657431952391e-06,-6.3035619939984e-11,1.314033740741e-10,8.4051802437823,0.038585611827551,2.2870594307278e-14,1
167.8,128,0,167.8,0.0021901230680506,4.5657452197214e-06,-6.3035619939984e-11,1.314033740741e-10,8.4032509631909,0.038585611827551,2.2870594307278e-14,1
167.85,128,0,167.85,0.002190122096949,4.5657472442036e-06,-6.3035619939984e-11,1.314033740741e-10,8.4013216825995,0.038585611827551,2.2870594307278e-14,1
167.9,128,0,167.9,0.0021901211258474,4.5657492686859e-06,-6.3035619939984e-11,1.314033740741e-10,8.3993924020082,0.038585611827551,2.2870594307278e-14,1
167.95,128,0,167.95,0.0021901201547458,4.5657512931681e-06,-6.3035619939984e-11,1.314033740741e-10,8.3974631214168,0.038585611827551,2.2870594307278e-14,1
168,128,0,168,0.0021901191836442,4.5657533176503e-06,-6.3035619939984e-11,1.314033740741e-10,8.3955338408254,0.038585611827551,2.2870594307278e-14,1
168.05,128,0,168.05,0.002190119563729,4.5657525251976e-06,5.8268445262538e-11,-1.2146551812121e-10,8.393604560234,0.038585611827552,2.5868196473766e-14,1
168.1,128,0,168.1,0.0021901199438138,4.5657517327449e-06,5.8268445262538e-11,-1.2146551812121e-10,8.3916752796426,0.038585611827552,2.5868196473766e-14,1
168.15,128,0,168.15,0.0021901203238986,4.5657509402922e-06,5.8268445262538e-11,-1.2146551812121e-10,8.3897459990513,0.038585611827552,2.5868196473766e-14,1
168.2,128,0,168.2,0.0021901207039834,4.5657501478395e-06,5.8268445262538e-11,-1.2146551812121e-10,8.3878167184599,0.038585611827552,2.5868196473766e-14,1
168.25,128,0,168.25,0.0021901210840682,4.5657493553868e-06,5.8268445262538e-11,-1.2146551812121e-10,8.3858874378685,0.038585611827552,2.5868196473766e-14,1
168.3,128,0,168.3,0.002190121464153,4.5657485629341e-06,5.8268445262538e-11,-1.2146551812121e-10,8.3839581572771,0.038585611827552,2.5868196473766e-14,1
168.35,128,0,168.35,0.0021901218442378,4.5657477704813e-06,5.8268445262538e-11,-1.2146551812121e-10,8.3820288766857,0.038585611827552,2.5868196473766e-14,1
168.4,128,0,168.4,0.0021901222243227,4.5657469780286e-06,5.8268445262538e-11,-1.2146551812121e-10,8.3800995960944,0.038585611827552,2.5868196473766e-14,1
168.45,128,0,168.45,0.0021901226044075,4.5657461855759e-06,5.8268445262538e-11,-1.2146551812121e-10,8.378170315503,0.038585611827552,2.5868196473766e-14,1
168.5,128,0,168.5,0.0021901229844923,4.5657453931232e-06,5.8268445262538e-11,-1.2146551812121e-10,8.3762410349116,0.038585611827552,2.5868196473766e-14,1
168.55,128,0,168.55,0.0021901233645771,4.5657446006705e-06,5.8268445262538e-11,-1.2146551812121e-10,8.3743117543202,0.038585611827552,2.5868196473766e-14,1
168.6,128,0,168.6,0.0021901237446619,4.5657438082178e-06,5.8268445262538e-11,-1.2146551812121e-10,8.3723824737289,0.038585611827552,2.5868196473766e-14,1
168.65,128,0,168.65,0.0021901241247467,4.5657430157651e-06,5.8268445262538e-11,-1.2146551812121e-10,8.3704531931375,0.038585611827552,2.5868196473766e-14,1
168.7,128,0,168.7,0.0021901245048315,4.5657422233123e-06,5.8268445262538e-11,-1.2146551812121e-10,8.3685239125461,0.038585611827552,2.5868196473766e-14,1
168.75,128,0,168.75,0.0021901248849163,4.5657414308596e-06,5.8268445262538e-11,-1.2146551812121e-10,8.3665946319547,0.038585611827552,2.5868196473766e-14,1
168.8,128,0,168.8,0.0021901252650011,4.5657406384069e-06,5.8268445262538e-11,-1.2146551812121e-10,8.3646653513633,0.038585611827552,2.5868196473766e-14,1
168.85,128,0,168.85,0.0021901256450859,4.5657398459542e-06,5.8268445262538e-11,-1.2146551812121e-10,8.362736070772,0.038585611827552,2.5868196473766e-14,1
168.9,128,0,168.9,0.0021901260251707,4.5657390535015e-06,5.8268445262538e-11,-1.2146551812121e-10,8.3608067901806,0.038585611827552,2.5868196473766e-14,1
168.95,128,0,168.95,0.0021901264052555,4.5657382610488e-06,5.8268445262538e-11,-1.2146551812121e-10,8.3588775095892,0.038585611827552,2.5868196473766e-14,1
169,128,0,169,0.0021901267853403,4.565737468596e-06,5.8268445262538e-11,-1.2146551812121e-10,8.3569482289978,0.038585611827552,2.5868196473766e-14,1
169.05,128,0,169.05,0.0021901276902703,4.5657355823639e-06,-5.2966752150534e-11,1.1041345142831e-10,8.3550189484065,0.038585611827551,2.031708135064e-14,1
169.1,128,0,169.1,0.0021901285952003,4.5657336961317e-06,-5.2966752150534e-11,1.1041345142831e-10,8.3530896678151,0.038585611827551,2.031708135064e-14,1
169.15,128,0,169.15,0.0021901295001303,4.5657318098996e-06,-5.2966752150534e-11,1.1041345142831e-10,8.3511603872237,0.038585611827551,2.031708135064e-14,1
169.2,128,0,169.2,0.0021901304050603,4.5657299236674e-06,-5.2966752150534e-11,1.1041345142831e-10,8.3492311066323,0.038585611827551,2.031708135064e-14,1
169.25,128,0,169.25,0.0021901313099903,4.5657280374353e-06,-5.2966752150534e-11,1.1041345142831e-10,8.347301826041,0.038585611827551,2.031708135064e-14,1
169.3,128,0,169.3,0.0021901322149203,4.5657261512031e-06,-5.2966752150534e-11,1.1041345142831e-10,8.3453725454496,0.038585611827551,2.031708135064e-14,1
169.35,128,0,169.35,0.0021901331198503,4.565724264971e-06,-5.2966752150534e-11,1.1041345142831e-10,8.3434432648582,0.038585611827551,2.031708135064e-14,1
169.4,128,0,169.4,0.0021901340247802,4.5657223787388e-06,-5.2966752150534e-11,1.1041345142831e-10,8.3415139842668,0.038585611827551,2.031708135064e-14,1
169.45,128,0,169.45,0.0021901349297102,4.5657204925067e-06,-5.2966752150534e-11,1.1041345142831e-10,8.3395847036754,0.038585611827551,2.031708135064e-14,1
169.5,128,0,169.5,0.0021901358346402,4.5657186062745e-06,-5.2966752150534e-11,1.1041345142831e-10,8.3376554230841,0.038585611827551,2.031708135064e-14,1
169.55,128,0,169.55,0.0021901367395702,4.5657167200424e-06,-5.2966752150534e-11,1.1041345142831e-10,8.3357261424927,0.038585611827551,2.031708135064e-14,1
169.6,128,0,169.6,0.0021901376445002,4.5657148338102e-06,-5.2966752150534e-11,1.1041345142831e-10,8.3337968619013,0.038585611827551,2.031708135064e-14,1
169.65,128,0,169.65,0.0021901385494302,4.5657129475781e-06,-5.2966752150534e-11,1.1041345142831e-10,8.3318675813099,0.038585611827551,2.031708135064e-14,1
169.7,128,0,169.7,0.0021901394543602,4.5657110613459e-06,-5.2966752150534e-11,1.1041345142831e-10,8.3299383007186,0.038585611827551,2.031708135064e-14,1
169.75,128,0,169.75,0.0021901403592902,4.5657091751138e-06,-5.2966752150534e-11,1.1041345142831e-10,8.3280090201272,0.038585611827551,2.031708135064e-14,1
169.8,128,0,169.8,0.0021901412642202,4.5657072888816e-06,-5.2966752150534e-11,1.1041345142831e-10,8.3260797395358,0.038585611827551,2.031708135064e-14,1
169.85,128,0,169.85,0.0021901421691502,4.5657054026495e-06,-5.2966752150534e-11,1.1041345142831e-10,8.3241504589444,0.038585611827551,2.031708135064e-14,1
169.9,128,0,169.9,0.0021901430740802,4.5657035164173e-06,-5.2966752150534e-11,1.1041345142831e-10,8.3222211783531,0.038585611827551,2.031708135064e-14,1
169.95,128,0,169.95,0.0021901439790101,4.5657016301852e-06,-5.2966752150534e-11,1.1041345142831e-10,8.3202918977617,0.038585611827551,2.031708135064e-14,1
170,128,0,170,0.0021901448839401,4.565699743953e-06,-5.2966752150534e-11,1.1041345142831e-10,8.3183626171703,0.038585611827551,2.031708135064e-14,1
170.05,128,0,170.05,0.0021901445278198,4.56570048614e-06,5.755142959112e-11,-1.1997083653506e-10,8.3164333365789,0.038585611827569,-1.9650947535865e-14,1
170.1,128,0,170.1,0.0021901441716994,4.5657012283269e-06,5.755142959112e-11,-1.1997083653506e-10,8.3145040559875,0.038585611827569,-1.9650947535865e-14,1
170.15,128,0,170.15,0.002190143815579,4.5657019705139e-06,5.755142959112e-11,-1.1997083653506e-10,8.3125747753962,0.038585611827569,-1.9650947535865e-14,1
170.2,128,0,170.2,0.0021901434594586,4.5657027127009e-06,5.755142959112e-11,-1.1997083653506e-10,8.3106454948048,0.038585611827569,-1.9650947535865e-14,1
170.25,128,0,170.25,0.0021901431033382,4.5657034548878e-06,5.755142959112e-11,-1.1997083653506e-10,8.3087162142134,0.038585611827569,-1.9650947535865e-14,1
170.3,128,0,170.3,0.0021901427472178,4.5657041970748e-06,5.755142959112e-11,-1.1997083653506e-10,8.306786933622,0.038585611827569,-1.9650947535865e-14,1
170.35,128,0,170.35,0.0021901423910975,4.5657049392617e-06,5.755142959112e-11,-1.1997083653506e-10,8.3048576530307,0.038585611827569,-1.9650947535865e-14,1
170.4,128,0,170.4,0.0021901420349771,4.5657056814487e-06,5.755142959112e-11,-1.1997083653506e-10,8.3029283724393,0.038585611827569,-1.9650947535865e-14,1
170.45,128,0,170.45,0.0021901416788567,4.5657064236357e-06,5.755142959112e-11,-1.1997083653506e-10,8.3009990918479,0.038585611827569,-1.9650947535865e-14,1
170.5,128,0,170.5,0.0021901413227363,4.5657071658226e-06,5.755142959112e-11,-1.1997083653506e-10,8.2990698112565,0.038585611827569,-1.9650947535865e-14,1
170.55,128,0,170.55,0.0021901409666159,4.5657079080096e-06,5.755142959112e-11,-1.1997083653506e-10,8.2971405306651,0.038585611827569,-1.9650947535865e-14,1
170.6,128,0,170.6,0.0021901406104955,4.5657086501966e-06,5.755142959112e-11,-1.1997083653506e-10,8.2952112500738,0.038585611827569,-1.9650947535865e-14,1
170.65,128,0,170.65,0.0021901402543752,4.5657093923835e-06,5.755142959112e-11,-1.1997083653506e-10,8.2932819694824,0.038585611827569,-1.9650947535865e-14,1
170.7,128,0,170.7,0.0021901398982548,4.5657101345705e-06,5.755142959112e-11,-1.1997083653506e-10,8.291352688891,0.038585611827569,-1.9650947535865e-14,1
170.75,128,0,170.75,0.0021901395421344,4.5657108767574e-06,5.755142959112e-11,-1.1997083653506e-10,8.2894234082996,0.038585611827569,-1.9650947535865e-14,1
170.8,128,0,170.8,0.002190139186014,4.5657116189444e-06,5.755142959112e-11,-1.1997083653506e-10,8.2874941277083,0.038585611827569,-1.9650947535865e-14,1
170.85,128,0,170.85,0.0021901388298936,4.5657123611314e-06,5.755142959112e-11,-1.1997083653506e-10,8.2855648471169,0.038585611827569,-1.9650947535865e-14,1
170.9,128,0,170.9,0.0021901384737732,4.5657131033183e-06,5.755142959112e-11,-1.1997083653506e-10,8.2836355665255,0.038585611827569,-1.9650947535865e-14,1
170.95,128,0,170.95,0.0021901381176529,4.5657138455053e-06,5.755142959112e-11,-1.1997083653506e-10,8.2817062859341,0.038585611827569,-1.9650947535865e-14,1
171,128,0,171,0.0021901377615325,4.5657145876923e-06,5.755142959112e-11,-1.1997083653506e-10,8.2797770053428,0.038585611827569,-1.9650947535865e-14,1
171.05,128,0,171.05,0.0021901368108583,4.5657165695926e-06,-6.2948629619302e-11,1.3122198911645e-10,8.2778477247514,0.038585611827561,-4.3520742565306e-14,1
171.1,128,0,171.1,0.0021901358601842,4.5657185514929e-06,-6.2948629619302e-11,1.3122198911645e-10,8.27591844416,0.038585611827561,-4.3520742565306e-14,1
171.15,128,0,171.15,0.0021901349095101,4.5657205333932e-06,-6.2948629619302e-11,1.3122198911645e-10,8.2739891635686,0.038585611827561,-4.3520742565306e-14,1
171.2,128,0,171.2,0.0021901339588359,4.5657225152936e-06,-6.2948629619302e-11,1.3122198911645e-10,8.2720598829772,0.038585611827561,-4.3520742565306e-14,1
171.25,128,0,171.25,0.0021901330081618,4.5657244971939e-06,-6.2948629619302e-11,1.3122198911645e-10,8.2701306023859,0.038585611827561,-4.3520742565306e-14,1
171.3,128,0,171.3,0.0021901320574876,4.5657264790942e-06,-6.2948629619302e-11,1.3122198911645e-10,8.2682013217945,0.038585611827561,-4.3520742565306e-14,1
171.35,128,0,171.35,0.0021901311068135,4.5657284609945e-06,-6.2948629619302e-11,1.3122198911645e-10,8.2662720412031,0.038585611827561,-4.3520742565306e-14,1
171.4,128,0,171.4,0.0021901301561393,4.5657304428949e-06,-6.2948629619302e-11,1.3122198911645e-10,8.2643427606117,0.038585611827561,-4.3520742565306e-14,1
171.45,128,0,171.45,0.0021901292054652,4.5657324247952e-06,-6.2948629619302e-11,1.3122198911645e-10,8.2624134800204,0.038585611827561,-4.3520742565306e-14,1
171.5,128,0,171.5,0.0021901282547911,4.5657344066955e-06,-6.2948629619302e-11,1.3122198911645e-10,8.260484199429,0.038585611827561,-4.3520742565306e-14,1
171.55,128,0,171.55,0.0021901273041169,4.5657363885958e-06,-6.2948629619302e-11,1.3122198911645e-10,8.2585549188376,0.038585611827561,-4.3520742565306e-14,1
171.6,128,0,171.6,0.0021901263534428,4.5657383704962e-06,-6.2948629619302e-11,1.3122198911645e-10,8.2566256382462,0.038585611827561,-4.3520742565306e-14,1
171.65,128,0,171.65,0.0021901254027686,4.5657403523965e-06,-6.2948629619302e-11,1.3122198911645e-10,8.2546963576548,0.038585611827561,-4.3520742565306e-14,1
171.7,128,0,171.7,0.0021901244520945,4.5657423342968e-06,-6.2948629619302e-11,1.3122198911645e-10,8.2527670770635,0.038585611827561,-4.3520742565306e-14,1
171.75,128,0,171.75,0.0021901235014203,4.5657443161971e-06,-6.2948629619302e-11,1.3122198911645e-10,8.2508377964721,0.038585611827561,-4.3520742565306e-14,1
171.8,128,0,171.8,0.0021901225507462,4.5657462980975e-06,-6.2948629619302e-11,1.3122198911645e-10,8.2489085158807,0.038585611827561,-4.3520742565306e-14,1
171.85,128,0,171.85,0.0021901216000721,4.5657482799978e-06,-6.2948629619302e-11,1.3122198911645e-10,8.2469792352893,0.038585611827561,-4.3520742565306e-14,1
171.9,128,0,171.9,0.0021901206493979,4.5657502618981e-06,-6.2948629619302e-11,1.3122198911645e-10,8.245049954698,0.038585611827561,-4.3520742565306e-14,1
171.95,128,0,171.95,0.0021901196987238,4.5657522437984e-06,-6.2948629619302e-11,1.3122198911645e-10,8.2431206741066,0.038585611827561,-4.3520742565306e-14,1
172,128,0,172,0.0021901187480496,4.5657542256988e-06,-6.2948629619302e-11,1.3122198911645e-10,8.2411913935152,0.038585611827561,-4.3520742565306e-14,1
172.05,128,0,172.05,0.0021901191753534,4.5657533348122e-06,5.866800312652e-11,-1.2229844446042e-10,8.2392621129238,0.038585611827537,-3.0309088572267e-14,1
172.1,128,0,172.1,0.0021901196026572,4.5657524439257e-06,5.866800312652e-11,-1.2229844446042e-10,8.2373328323324,0.038585611827537,-3.0309088572267e-14,1
172.15,128,0,172.15,0.002190120029961,4.5657515530391e-06,5.866800312652e-11,-1.2229844446042e-10,8.2354035517411,0.038585611827537,-3.0309088572267e-14,1
172.2,128,0,172.2,0.0021901204572648,4.5657506621526e-06,5.866800312652e-11,-1.2229844446042e-10,8.2334742711497,0.038585611827537,-3.0309088572267e-14,1
172.25,128,0,172.25,0.0021901208845686,4.565749771266e-06,5.866800312652e-11,-1.2229844446042e-10,8.2315449905583,0.038585611827537,-3.0309088572267e-14,1
172.3,128,0,172.3,0.0021901213118724,4.5657488803794e-06,5.866800312652e-11,-1.2229844446042e-10,8.2296157099669,0.038585611827537,-3.0309088572267e-14,1
172.35,128,0,172.35,0.0021901217391762,4.5657479894929e-06,5.866800312652e-11,-1.2229844446042e-10,8.2276864293756,0.038585611827537,-3.0309088572267e-14,1
172.4,128,0,172.4,0.00219012216648,4.5657470986063e-06,5.866800312652e-11,-1.2229844446042e-10,8.2257571487842,0.038585611827537,-3.0309088572267e-14,1
172.45,128,0,172.45,0.0021901225937838,4.5657462077198e-06,5.866800312652e-11,-1.2229844446042e-10,8.2238278681928,0.038585611827537,-3.0309088572267e-14,1
172.5,128,0,172.5,0.0021901230210876,4.5657453168332e-06,5.866800312652e-11,-1.2229844446042e-10,8.2218985876014,0.038585611827537,-3.0309088572267e-14,1
172.55,128,0,172.55,0.0021901234483914,4.5657444259467e-06,5.866800312652e-11,-1.2229844446042e-10,8.21996930701,0.038585611827537,-3.0309088572267e-14,1
172.6,128,0,172.6,0.0021901238756952,4.5657435350601e-06,5.866800312652e-11,-1.2229844446042e-10,8.2180400264187,0.038585611827537,-3.0309088572267e-14,1
172.65,128,0,172.65,0.0021901243029989,4.5657426441736e-06,5.866800312652e-11,-1.2229844446042e-10,8.2161107458273,0.038585611827537,-3.0309088572267e-14,1
172.7,128,0,172.7,0.0021901247303027,4.565741753287e-06,5.866800312652e-11,-1.2229844446042e-10,8.2141814652359,0.038585611827537,-3.0309088572267e-14,1
172.75,128,0,172.75,0.0021901251576065,4.5657408624005e-06,5.866800312652e-11,-1.2229844446042e-10,8.2122521846445,0.038585611827537,-3.0309088572267e-14,1
172.8,128,0,172.8,0.0021901255849103,4.5657399715139e-06,5.866800312652e-11,-1.2229844446042e-10,8.2103229040532,0.038585611827537,-3.0309088572267e-14,1
172.85,128,0,172.85,0.0021901260122141,4.5657390806273e-06,5.866800312652e-11,-1.2229844446042e-10,8.2083936234618,0.038585611827537,-3.0309088572267e-14,1
172.9,128,0,172.9,0.0021901264395179,4.5657381897408e-06,5.866800312652e-11,-1.2229844446042e-10,8.2064643428704,0.038585611827537,-3.0309088572267e-14,1
172.95,128,0,172.95,0.0021901268668217,4.5657372988542e-06,5.866800312652e-11,-1.2229844446042e-10,8.204535062279,0.038585611827537,-3.0309088572267e-14,1
173,128,0,173,0.0021901272941255,4.5657364079677e-06,5.866800312652e-11,-1.2229844446042e-10,8.2026057816876,0.038585611827537,-3.0309088572267e-14,1
173.05,128,0,173.05,0.002190128139856,4.5657346451428e-06,-5.3258467988787e-11,1.1102158327416e-10,8.2006765010963,0.038585611827577,-2.7144952952085e-14,1
173.1,128,0,173.1,0.0021901289855865,4.5657328823178e-06,-5.3258467988787e-11,1.1102158327416e-10,8.1987472205049,0.038585611827577,-2.7144952952085e-14,1
173.15,128,0,173.15,0.002190129831317,4.5657311194929e-06,-5.3258467988787e-11,1.1102158327416e-10,8.1968179399135,0.038585611827577,-2.7144952952085e-14,1
173.2,128,0,173.2,0.0021901306770474,4.565729356668e-06,-5.3258467988787e-11,1.1102158327416e-10,8.1948886593221,0.038585611827577,-2.7144952952085e-14,1
173.25,128,0,173.25,0.0021901315227779,4.565727593843e-06,-5.3258467988787e-11,1.1102158327416e-10,8.1929593787308,0.038585611827577,-2.7144952952085e-14,1
173.3,128,0,173.3,0.0021901323685084,4.5657258310181e-06,-5.3258467988787e-11,1.1102158327416e-10,8.1910300981394,0.038585611827577,-2.7144952952085e-14,1
173.35,128,0,173.35,0.0021901332142389,4.5657240681932e-06,-5.3258467988787e-11,1.1102158327416e-10,8.189100817548,0.038585611827577,-2.7144952952085e-14,1
173.4,128,0,173.4,0.0021901340599694,4.5657223053682e-06,-5.3258467988787e-11,1.1102158327416e-10,8.1871715369566,0.038585611827577,-2.7144952952085e-14,1
173.45,128,0,173.45,0.0021901349056999,4.5657205425433e-06,-5.3258467988787e-11,1.1102158327416e-10,8.1852422563652,0.038585611827577,-2.7144952952085e-14,1
173.5,128,0,173.5,0.0021901357514304,4.5657187797184e-06,-5.3258467988787e-11,1.1102158327416e-10,8.1833129757739,0.038585611827577,-2.7144952952085e-14,1
173.55,128,0,173.55,0.0021901365971608,4.5657170168935e-06,-5.3258467988787e-11,1.1102158327416e-10,8.1813836951825,0.038585611827577,-2.7144952952085e-14,1
173.6,128,0,173.6,0.0021901374428913,4.5657152540685e-06,-5.3258467988787e-11,1.1102158327416e-10,8.1794544145911,0.038585611827577,-2.7144952952085e-14,1
173.65,128,0,173.65,0.0021901382886218,4.5657134912436e-06,-5.3258467988787e-11,1.1102158327416e-10,8.1775251339997,0.038585611827577,-2.7144952952085e-14,1
173.7,128,0,173.7,0.0021901391343523,4.5657117284187e-06,-5.3258467988787e-11,1.1102158327416e-10,8.1755958534083,0.038585611827577,-2.7144952952085e-14,1
173.75,128,0,173.75,0.0021901399800828,4.5657099655937e-06,-5.3258467988787e-11,1.1102158327416e-10,8.173666572817,0.038585611827577,-2.7144952952085e-14,1
173.8,128,0,173.8,0.0021901408258133,4.5657082027688e-06,-5.3258467988787e-11,1.1102158327416e-10,8.1717372922256,0.038585611827577,-2.7144952952085e-14,1
173.85,128,0,173.85,0.0021901416715438,4.5657064399439e-06,-5.3258467988787e-11,1.1102158327416e-10,8.1698080116342,0.038585611827577,-2.7144952952085e-14,1
173.9,128,0,173.9,0.0021901425172743,4.565704677119e-06,-5.3258467988787e-11,1.1102158327416e-10,8.1678787310428,0.038585611827577,-2.7144952952085e-14,1
173.95,128,0,173.95,0.0021901433630047,4.565702914294e-06,-5.3258467988787e-11,1.1102158327416e-10,8.1659494504515,0.038585611827577,-2.7144952952085e-14,1
174,128,0,174,0.0021901442087352,4.5657011514691e-06,-5.3258467988787e-11,1.1102158327416e-10,8.1640201698601,0.038585611827577,-2.7144952952085e-14,1
174.05,128,0,174.05,0.0021901439046736,4.5657017851359e-06,5.7066105722489e-11,-1.1895912332679e-10,8.1620908892687,0.038585611827552,-1.765254609154e-14,1
174.1,128,0,174.1,0.002190143600612,4.5657024188027e-06,5.7066105722489e-11,-1.1895912332679e-10,8.1601616086773,0.038585611827552,-1.765254609154e-14,1
174.15,128,0,174.15,0.0021901432965503,4.5657030524695e-06,5.7066105722489e-11,-1.1895912332679e-10,8.1582323280859,0.038585611827552,-1.765254609154e-14,1
174.2,128,0,174.2,0.0021901429924887,4.5657036861363e-06,5.7066105722489e-11,-1.1895912332679e-10,8.1563030474946,0.038585611827552,-1.765254609154e-14,1
174.25,128,0,174.25,0.002190142688427,4.5657043198031e-06,5.7066105722489e-11,-1.1895912332679e-10,8.1543737669032,0.038585611827552,-1.765254609154e-14,1
174.3,128,0,174.3,0.0021901423843654,4.5657049534699e-06,5.7066105722489e-11,-1.1895912332679e-10,8.1524444863118,0.038585611827552,-1.765254609154e-14,1
174.35,128,0,174.35,0.0021901420803038,4.5657055871367e-06,5.7066105722489e-11,-1.1895912332679e-10,8.1505152057204,0.038585611827552,-1.765254609154e-14,1
174.4,128,0,174.4,0.0021901417762421,4.5657062208035e-06,5.7066105722489e-11,-1.1895912332679e-10,8.148585925129,0.038585611827552,-1.765254609154e-14,1
174.45,128,0,174.45,0.0021901414721805,4.5657068544703e-06,5.7066105722489e-11,-1.1895912332679e-10,8.1466566445377,0.038585611827552,-1.765254609154e-14,1
174.5,128,0,174.5,0.0021901411681189,4.5657074881371e-06,5.7066105722489e-11,-1.1895912332679e-10,8.1447273639463,0.038585611827552,-1.765254609154e-14,1
174.55,128,0,174.55,0.0021901408640572,4.5657081218039e-06,5.7066105722489e-11,-1.1895912332679e-10,8.1427980833549,0.038585611827552,-1.765254609154e-14,1
174.6,128,0,174.6,0.0021901405599956,4.5657087554707e-06,5.7066105722489e-11,-1.1895912332679e-10,8.1408688027635,0.038585611827552,-1.765254609154e-14,1
174.65,128,0,174.65,0.0021901402559339,4.5657093891375e-06,5.7066105722489e-11,-1.1895912332679e-10,8.1389395221722,0.038585611827552,-1.765254609154e-14,1
174.7,128,0,174.7,0.0021901399518723,4.5657100228043e-06,5.7066105722489e-11,-1.1895912332679e-10,8.1370102415808,0.038585611827552,-1.765254609154e-14,1
174.75,128,0,174.75,0.0021901396478107,4.5657106564711e-06,5.7066105722489e-11,-1.1895912332679e-10,8.1350809609894,0.038585611827552,-1.765254609154e-14,1
174.8,128,0,174.8,0.002190139343749,4.5657112901379e-06,5.7066105722489e-11,-1.1895912332679e-10,8.133151680398,0.038585611827552,-1.765254609154e-14,1
174.85,128,0,174.85,0.0021901390396874,4.5657119238047e-06,5.7066105722489e-11,-1.1895912332679e-10,8.1312223998066,0.038585611827552,-1.765254609154e-14,1
174.9,128,0,174.9,0.0021901387356258,4.5657125574715e-06,5.7066105722489e-11,-1.1895912332679e-10,8.1292931192153,0.038585611827552,-1.765254609154e-14,1
174.95,128,0,174.95,0.0021901384315641,4.5657131911383e-06,5.7066105722489e-11,-1.1895912332679e-10,8.1273638386239,0.038585611827552,-1.765254609154e-14,1
175,128,0,175,0.0021901381275025,4.5657138248051e-06,5.7066105722489e-11,-1.1895912332679e-10,8.1254345580325,0.038585611827552,-1.765254609154e-14,1
175.05,128,0,175.05,0.0021901371936633,4.5657157716097e-06,-6.1942575327914e-11,1.2912477285964e-10,8.1235052774411,0.038585611827575,2.2204460492503e-16,1
175.1,128,0,175.1,0.0021901362598242,4.5657177184142e-06,-6.1942575327914e-11,1.2912477285964e-10,8.1215759968497,0.038585611827575,2.2204460492503e-16,1
175.15,128,0,175.15,0.002190135325985,4.5657196652187e-06,-6.1942575327914e-11,1.2912477285964e-10,8.1196467162584,0.038585611827575,2.2204460492503e-16,1
175.2,128,0,175.2,0.0021901343921458,4.5657216120232e-06,-6.1942575327914e-11,1.2912477285964e-10,8.117717435667,0.038585611827575,2.2204460492503e-16,1
175.25,128,0,175.25,0.0021901334583066,4.5657235588277e-06,-6.1942575327914e-11,1.2912477285964e-10,8.1157881550756,0.038585611827575,2.2204460492503e-16,1
175.3,128,0,175.3,0.0021901325244675,4.5657255056322e-06,-6.1942575327914e-11,1.2912477285964e-10,8.1138588744842,0.038585611827575,2.2204460492503e-16,1
175.35,128,0,175.35,0.0021901315906283,4.5657274524367e-06,-6.1942575327914e-11,1.2912477285964e-10,8.1119295938929,0.038585611827575,2.2204460492503e-16,1
175.4,128,0,175.4,0.0021901306567891,4.5657293992412e-06,-6.1942575327914e-11,1.2912477285964e-10,8.1100003133015,0.038585611827575,2.2204460492503e-16,1
175.45,128,0,175.45,0.00219012972295,4.5657313460457e-06,-6.1942575327914e-11,1.2912477285964e-10,8.1080710327101,0.038585611827575,2.2204460492503e-16,1
175.5,128,0,175.5,0.0021901287891108,4.5657332928502e-06,-6.1942575327914e-11,1.2912477285964e-10,8.1061417521187,0.038585611827575,2.2204460492503e-16,1
175.55,128,0,175.55,0.0021901278552716,4.5657352396548e-06,-6.1942575327914e-11,1.2912477285964e-10,8.1042124715273,0.038585611827575,2.2204460492503e-16,1
175.6,128,0,175.6,0.0021901269214325,4.5657371864593e-06,-6.1942575327914e-11,1.2912477285964e-10,8.102283190936,0.038585611827575,2.2204460492503e-16,1
175.65,128,0,175.65,0.0021901259875933,4.5657391332638e-06,-6.1942575327914e-11,1.2912477285964e-10,8.1003539103446,0.038585611827575,2.2204460492503e-16,1
175.7,128,0,175.7,0.0021901250537541,4.5657410800683e-06,-6.1942575327914e-11,1.2912477285964e-10,8.0984246297532,0.038585611827575,2.2204460492503e-16,1
175.75,128,0,175.75,0.002190124119915,4.5657430268728e-06,-6.1942575327914e-11,1.2912477285964e-10,8.0964953491618,0.038585611827575,2.2204460492503e-16,1
175.8,128,0,175.8,0.0021901231860758,4.5657449736773e-06,-6.1942575327914e-11,1.2912477285964e-10,8.0945660685704,0.038585611827575,2.2204460492503e-16,1
175.85,128,0,175.85,0.0021901222522366,4.5657469204818e-06,-6.1942575327914e-11,1.2912477285964e-10,8.0926367879791,0.038585611827575,2.2204460492503e-16,1
175.9,128,0,175.9,0.0021901213183974,4.5657488672863e-06,-6.1942575327914e-11,1.2912477285964e-10,8.0907075073877,0.038585611827575,2.2204460492503e-16,1
175.95,128,0,175.95,0.0021901203845583,4.5657508140908e-06,-6.1942575327914e-11,1.2912477285964e-10,8.0887782267963,0.038585611827575,2.2204460492503e-16,1
176,128,0,176,0.0021901194507191,4.5657527608954e-06,-6.1942575327914e-11,1.2912477285964e-10,8.0868489462049,0.038585611827575,2.2204460492503e-16,1
176.05,128,0,176.05,0.002190119726659,4.5657521855459e-06,5.7961518553962e-11,-1.2082568634281e-10,8.0849196656136,0.038585611827577,6.9944050551385e-15,1
176.1,128,0,176.1,0.0021901200025989,4.5657516101965e-06,5.7961518553962e-11,-1.2082568634281e-10,8.0829903850222,0.038585611827577,6.9944050551385e-15,1
176.15,128,0,176.15,0.0021901202785387,4.5657510348471e-06,5.7961518553962e-11,-1.2082568634281e-10,8.0810611044308,0.038585611827577,6.9944050551385e-15,1
176.2,128,0,176.2,0.0021901205544786,4.5657504594977e-06,5.7961518553962e-11,-1.2082568634281e-10,8.0791318238394,0.038585611827577,6.9944050551385e-15,1
176.25,128,0,176.25,0.0021901208304185,4.5657498841483e-06,5.7961518553962e-11,-1.2082568634281e-10,8.077202543248,0.038585611827577,6.9944050551385e-15,1
176.3,128,0,176.3,0.0021901211063583,4.5657493087988e-06,5.7961518553962e-11,-1.2082568634281e-10,8.0752732626567,0.038585611827577,6.9944050551385e-15,1
176.35,128,0,176.35,0.0021901213822982,4.5657487334494e-06,5.7961518553962e-11,-1.2082568634281e-10,8.0733439820653,0.038585611827577,6.9944050551385e-15,1
176.4,128,0,176.4,0.0021901216582381,4.5657481581e-06,5.7961518553962e-11,-1.2082568634281e-10,8.0714147014739,0.038585611827577,6.9944050551385e-15,1
176.45,128,0,176.45,0.002190121934178,4.5657475827506e-06,5.7961518553962e-11,-1.2082568634281e-10,8.0694854208825,0.038585611827577,6.9944050551385e-15,1
176.5,128,0,176.5,0.0021901222101178,4.5657470074012e-06,5.7961518553962e-11,-1.2082568634281e-10,8.0675561402911,0.038585611827577,6.9944050551385e-15,1
176.55,128,0,176.55,0.0021901224860577,4.5657464320517e-06,5.7961518553962e-11,-1.2082568634281e-10,8.0656268596998,0.038585611827577,6.9944050551385e-15,1
176.6,128,0,176.6,0.0021901227619976,4.5657458567023e-06,5.7961518553962e-11,-1.2082568634281e-10,8.0636975791084,0.038585611827577,6.9944050551385e-15,1
176.65,128,0,176.65,0.0021901230379375,4.5657452813529e-06,5.7961518553962e-11,-1.2082568634281e-10,8.061768298517,0.038585611827577,6.9944050551385e-15,1
176.7,128,0,176.7,0.0021901233138773,4.5657447060035e-06,5.7961518553962e-11,-1.2082568634281e-10,8.0598390179256,0.038585611827577,6.9944050551385e-15,1
176.75,128,0,176.75,0.0021901235898172,4.5657441306541e-06,5.7961518553962e-11,-1.2082568634281e-10,8.0579097373342,0.038585611827577,6.9944050551385e-15,1
176.8,128,0,176.8,0.0021901238657571,4.5657435553046e-06,5.7961518553962e-11,-1.2082568634281e-10,8.0559804567429,0.038585611827577,6.9944050551385e-15,1
176.85,128,0,176.85,0.0021901241416969,4.5657429799552e-06,5.7961518553962e-11,-1.2082568634281e-10,8.0540511761515,0.038585611827577,6.9944050551385e-15,1
176.9,128,0,176.9,0.0021901244176368,4.5657424046058e-06,5.7961518553962e-11,-1.2082568634281e-10,8.0521218955601,0.038585611827577,6.9944050551385e-15,1
176.95,128,0,176.95,0.0021901246935767,4.5657418292564e-06,5.7961518553962e-11,-1.2082568634281e-10,8.0501926149687,0.038585611827577,6.9944050551385e-15,1
177,128,0,177,0.0021901249695166,4.565741253907e-06,5.7961518553962e-11,-1.2082568634281e-10,8.0482633343773,0.038585611827577,6.9944050551385e-15,1
177.05,128,0,177.05,0.002190126068947,4.5657389622181e-06,-5.3059095877112e-11,1.106057986601e-10,8.046334053786,0.038585611827542,-7.2164496600635e-15,1
177.1,128,0,177.1,0.0021901271683774,4.5657366705292e-06,-5.3059095877112e-11,1.106057986601e-10,8.0444047731946,0.038585611827542,-7.2164496600635e-15,1
177.15,128,0,177.15,0.0021901282678078,4.5657343788403e-06,-5.3059095877112e-11,1.106057986601e-10,8.0424754926032,0.038585611827542,-7.2164496600635e-15,1
177.2,128,0,177.2,0.0021901293672382,4.5657320871514e-06,-5.3059095877112e-11,1.106057986601e-10,8.0405462120118,0.038585611827542,-7.2164496600635e-15,1
177.25,128,0,177.25,0.0021901304666686,4.5657297954625e-06,-5.3059095877112e-11,1.106057986601e-10,8.0386169314205,0.038585611827542,-7.2164496600635e-15,1
177.3,128,0,177.3,0.002190131566099,4.5657275037736e-06,-5.3059095877112e-11,1.106057986601e-10,8.0366876508291,0.038585611827542,-7.2164496600635e-15,1
177.35,128,0,177.35,0.0021901326655294,4.5657252120847e-06,-5.3059095877112e-11,1.106057986601e-10,8.0347583702377,0.038585611827542,-7.2164496600635e-15,1
177.4,128,0,177.4,0.0021901337649599,4.5657229203958e-06,-5.3059095877112e-11,1.106057986601e-10,8.0328290896463,0.038585611827542,-7.2164496600635e-15,1
177.45,128,0,177.45,0.0021901348643903,4.5657206287069e-06,-5.3059095877112e-11,1.106057986601e-10,8.030899809055,0.038585611827542,-7.2164496600635e-15,1
177.5,128,0,177.5,0.0021901359638207,4.565718337018e-06,-5.3059095877112e-11,1.106057986601e-10,8.0289705284636,0.038585611827542,-7.2164496600635e-15,1
177.55,128,0,177.55,0.0021901370632511,4.5657160453291e-06,-5.3059095877112e-11,1.106057986601e-10,8.0270412478722,0.038585611827542,-7.2164496600635e-15,1
177.6,128,0,177.6,0.0021901381626815,4.5657137536402e-06,-5.3059095877112e-11,1.106057986601e-10,8.0251119672808,0.038585611827542,-7.2164496600635e-15,1
177.65,128,0,177.65,0.0021901392621119,4.5657114619513e-06,-5.3059095877112e-11,1.106057986601e-10,8.0231826866895,0.038585611827542,-7.2164496600635e-15,1
177.7,128,0,177.7,0.0021901403615423,4.5657091702624e-06,-5.3059095877112e-11,1.106057986601e-10,8.0212534060981,0.038585611827542,-7.2164496600635e-15,1
177.75,128,0,177.75,0.0021901414609727,4.5657068785735e-06,-5.3059095877112e-11,1.106057986601e-10,8.0193241255067,0.038585611827542,-7.2164496600635e-15,1
177.8,128,0,177.8,0.0021901425604031,4.5657045868846e-06,-5.3059095877112e-11,1.106057986601e-10,8.0173948449153,0.038585611827542,-7.2164496600635e-15,1
177.85,128,0,177.85,0.0021901436598336,4.5657022951957e-06,-5.3059095877112e-11,1.106057986601e-10,8.015465564324,0.038585611827542,-7.2164496600635e-15,1
177.9,128,0,177.9,0.002190144759264,4.5657000035068e-06,-5.3059095877112e-11,1.106057986601e-10,8.0135362837326,0.038585611827542,-7.2164496600635e-15,1
177.95,128,0,177.95,0.0021901458586944,4.5656977118179e-06,-5.3059095877112e-11,1.106057986601e-10,8.0116070031412,0.038585611827542,-7.2164496600635e-15,1
178,128,0,178,0.0021901469581248,4.565695420129e-06,-5.3059095877112e-11,1.106057986601e-10,8.0096777225498,0.038585611827542,-7.2164496600635e-15,1
178.05,128,0,178.05,0.0021901463090624,4.5656967730063e-06,5.5799758412055e-11,-1.1631902811029e-10,8.0077484419584,0.03858561182758,-3.219646771413e-15,1
178.1,128,0,178.1,0.0021901456600001,4.5656981258835e-06,5.5799758412055e-11,-1.1631902811029e-10,8.0058191613671,0.03858561182758,-3.219646771413e-15,1
178.15,128,0,178.15,0.0021901450109377,4.5656994787608e-06,5.5799758412055e-11,-1.1631902811029e-10,8.0038898807757,0.03858561182758,-3.219646771413e-15,1
178.2,128,0,178.2,0.0021901443618753,4.5657008316381e-06,5.5799758412055e-11,-1.1631902811029e-10,8.0019606001843,0.03858561182758,-3.219646771413e-15,1
178.25,128,0,178.25,0.0021901437128129,4.5657021845154e-06,5.5799758412055e-11,-1.1631902811029e-10,8.0000313195929,0.03858561182758,-3.219646771413e-15,1
178.3,128,0,178.3,0.0021901430637506,4.5657035373927e-06,5.5799758412055e-11,-1.1631902811029e-10,7.9981020390015,0.03858561182758,-3.219646771413e-15,1
178.35,128,0,178.35,0.0021901424146882,4.5657048902699e-06,5.5799758412055e-11,-1.1631902811029e-10,7.9961727584102,0.03858561182758,-3.219646771413e-15,1
178.4,128,0,178.4,0.0021901417656258,4.5657062431472e-06,5.5799758412055e-11,-1.1631902811029e-10,7.9942434778188,0.03858561182758,-3.219646771413e-15,1
178.45,128,0,178.45,0.0021901411165635,4.5657075960245e-06,5.5799758412055e-11,-1.1631902811029e-10,7.9923141972274,0.03858561182758,-3.219646771413e-15,1
178.5,128,0,178.5,0.0021901404675011,4.5657089489018e-06,5.5799758412055e-11,-1.1631902811029e-10,7.990384916636,0.03858561182758,-3.219646771413e-15,1
178.55,128,0,178.55,0.0021901398184387,4.5657103017791e-06,5.5799758412055e-11,-1.1631902811029e-10,7.9884556360446,0.03858561182758,-3.219646771413e-15,1
178.6,128,0,178.6,0.0021901391693763,4.5657116546563e-06,5.5799758412055e-11,-1.1631902811029e-10,7.9865263554533,0.03858561182758,-3.219646771413e-15,1
178.65,128,0,178.65,0.002190138520314,4.5657130075336e-06,5.5799758412055e-11,-1.1631902811029e-10,7.9845970748619,0.03858561182758,-3.219646771413e-15,1
178.7,128,0,178.7,0.0021901378712516,4.5657143604109e-06,5.5799758412055e-11,-1.1631902811029e-10,7.9826677942705,0.03858561182758,-3.219646771413e-15,1
178.75,128,0,178.75,0.0021901372221892,4.5657157132882e-06,5.5799758412055e-11,-1.1631902811029e-10,7.9807385136791,0.03858561182758,-3.219646771413e-15,1
178.8,128,0,178.8,0.0021901365731269,4.5657170661655e-06,5.5799758412055e-11,-1.1631902811029e-10,7.9788092330877,0.03858561182758,-3.219646771413e-15,1
178.85,128,0,178.85,0.0021901359240645,4.5657184190427e-06,5.5799758412055e-11,-1.1631902811029e-10,7.9768799524964,0.03858561182758,-3.219646771413e-15,1
178.9,128,0,178.9,0.0021901352750021,4.56571977192e-06,5.5799758412055e-11,-1.1631902811029e-10,7.974950671905,0.03858561182758,-3.219646771413e-15,1
178.95,128,0,178.95,0.0021901346259397,4.5657211247973e-06,5.5799758412055e-11,-1.1631902811029e-10,7.9730213913136,0.03858561182758,-3.219646771413e-15,1
179,128,0,179,0.0021901339768774,4.5657224776746e-06,5.5799758412055e-11,-1.1631902811029e-10,7.9710921107222,0.03858561182758,-3.219646771413e-15,1
179.05,128,0,179.05,0.0021901337430018,4.5657229652773e-06,-5.3281329155821e-11,1.1107001779652e-10,7.9691628301308,0.038585611827549,1.454392162259e-14,1
179.1,128,0,179.1,0.0021901335091262,4.56572345288e-06,-5.3281329155821e-11,1.1107001779652e-10,7.9672335495395,0.038585611827549,1.454392162259e-14,1
179.15,128,0,179.15,0.0021901332752506,4.5657239404827e-06,-5.3281329155821e-11,1.1107001779652e-10,7.9653042689481,0.038585611827549,1.454392162259e-14,1
179.2,128,0,179.2,0.002190133041375,4.5657244280854e-06,-5.3281329155821e-11,1.1107001779652e-10,7.9633749883567,0.038585611827549,1.454392162259e-14,1
179.25,128,0,179.25,0.0021901328074995,4.5657249156882e-06,-5.3281329155821e-11,1.1107001779652e-10,7.9614457077653,0.038585611827549,1.454392162259e-14,1
179.3,128,0,179.3,0.0021901325736239,4.5657254032909e-06,-5.3281329155821e-11,1.1107001779652e-10,7.959516427174,0.038585611827549,1.454392162259e-14,1
179.35,128,0,179.35,0.0021901323397483,4.5657258908936e-06,-5.3281329155821e-11,1.1107001779652e-10,7.9575871465826,0.038585611827549,1.454392162259e-14,1
179.4,128,0,179.4,0.0021901321058727,4.5657263784963e-06,-5.3281329155821e-11,1.1107001779652e-10,7.9556578659912,0.038585611827549,1.454392162259e-14,1
179.45,128,0,179.45,0.0021901318719971,4.565726866099e-06,-5.3281329155821e-11,1.1107001779652e-10,7.9537285853998,0.038585611827549,1.454392162259e-14,1
179.5,128,0,179.5,0.0021901316381216,4.5657273537018e-06,-5.3281329155821e-11,1.1107001779652e-10,7.9517993048085,0.038585611827549,1.454392162259e-14,1
179.55,128,0,179.55,0.002190131404246,4.5657278413045e-06,-5.3281329155821e-11,1.1107001779652e-10,7.9498700242171,0.038585611827549,1.454392162259e-14,1
179.6,128,0,179.6,0.0021901311703704,4.5657283289072e-06,-5.3281329155821e-11,1.1107001779652e-10,7.9479407436257,0.038585611827549,1.454392162259e-14,1
179.65,128,0,179.65,0.0021901309364948,4.5657288165099e-06,-5.3281329155821e-11,1.1107001779652e-10,7.9460114630343,0.038585611827549,1.454392162259e-14,1
179.7,128,0,179.7,0.0021901307026192,4.5657293041126e-06,-5.3281329155821e-11,1.1107001779652e-10,7.9440821824429,0.038585611827549,1.454392162259e-14,1
179.75,128,0,179.75,0.0021901304687437,4.5657297917154e-06,-5.3281329155821e-11,1.1107001779652e-10,7.9421529018516,0.038585611827549,1.454392162259e-14,1
179.8,128,0,179.8,0.0021901302348681,4.5657302793181e-06,-5.3281329155821e-11,1.1107001779652e-10,7.9402236212602,0.038585611827549,1.454392162259e-14,1
179.85,128,0,179.85,0.0021901300009925,4.5657307669208e-06,-5.3281329155821e-11,1.1107001779652e-10,7.9382943406688,0.038585611827549,1.454392162259e-14,1
179.9,128,0,179.9,0.0021901297671169,4.5657312545235e-06,-5.3281329155821e-11,1.1107001779652e-10,7.9363650600774,0.038585611827549,1.454392162259e-14,1
179.95,128,0,179.95,0.0021901295332413,4.5657317421262e-06,-5.3281329155821e-11,1.1107001779652e-10,7.9344357794861,0.038585611827549,1.454392162259e-14,1
180,128,0,180,0.0021901292993658,4.5657322297289e-06,-5.3281329155821e-11,1.1107001779652e-10,7.9325064988947,0.038585611827549,1.454392162259e-14,1
180.05,128,0,180.05,0.0021901277213533,4.5657355191807e-06,4.2179571948847e-11,-8.7926447888302e-11,7.9305772183033,0.038585611827557,-2.2204460492503e-15,1
180.1,128,0,180.1,0.0021901261433409,4.5657388086324e-06,4.2179571948847e-11,-8.7926447888302e-11,7.9286479377119,0.038585611827557,-2.2204460492503e-15,1
180.15,128,0,180.15,0.0021901245653285,4.5657420980841e-06,4.2179571948847e-11,-8.7926447888302e-11,7.9267186571205,0.038585611827557,-2.2204460492503e-15,1
180.2,128,0,180.2,0.0021901229873161,4.5657453875358e-06,4.2179571948847e-11,-8.7926447888302e-11,7.9247893765292,0.038585611827557,-2.2204460492503e-15,1
180.25,128,0,180.25,0.0021901214093036,4.5657486769876e-06,4.2179571948847e-11,-8.7926447888302e-11,7.9228600959378,0.038585611827557,-2.2204460492503e-15,1
180.3,128,0,180.3,0.0021901198312912,4.5657519664393e-06,4.2179571948847e-11,-8.7926447888302e-11,7.9209308153464,0.038585611827557,-2.2204460492503e-15,1
180.35,128,0,180.35,0.0021901182532788,4.565755255891e-06,4.2179571948847e-11,-8.7926447888302e-11,7.919001534755,0.038585611827557,-2.2204460492503e-15,1
180.4,128,0,180.4,0.0021901166752664,4.5657585453427e-06,4.2179571948847e-11,-8.7926447888302e-11,7.9170722541637,0.038585611827557,-2.2204460492503e-15,1
180.45,128,0,180.45,0.0021901150972539,4.5657618347945e-06,4.2179571948847e-11,-8.7926447888302e-11,7.9151429735723,0.038585611827557,-2.2204460492503e-15,1
180.5,128,0,180.5,0.0021901135192415,4.5657651242462e-06,4.2179571948847e-11,-8.7926447888302e-11,7.9132136929809,0.038585611827557,-2.2204460492503e-15,1
180.55,128,0,180.55,0.0021901119412291,4.5657684136979e-06,4.2179571948847e-11,-8.7926447888302e-11,7.9112844123895,0.038585611827557,-2.2204460492503e-15,1
180.6,128,0,180.6,0.0021901103632167,4.5657717031496e-06,4.2179571948847e-11,-8.7926447888302e-11,7.9093551317982,0.038585611827557,-2.2204460492503e-15,1
180.65,128,0,180.65,0.0021901087852043,4.5657749926014e-06,4.2179571948847e-11,-8.7926447888302e-11,7.9074258512068,0.038585611827557,-2.2204460492503e-15,1
180.7,128,0,180.7,0.0021901072071918,4.5657782820531e-06,4.2179571948847e-11,-8.7926447888302e-11,7.9054965706154,0.038585611827557,-2.2204460492503e-15,1
180.75,128,0,180.75,0.0021901056291794,4.5657815715048e-06,4.2179571948847e-11,-8.7926447888302e-11,7.903567290024,0.038585611827557,-2.2204460492503e-15,1
180.8,128,0,180.8,0.002190104051167,4.5657848609565e-06,4.2179571948847e-11,-8.7926447888302e-11,7.9016380094326,0.038585611827557,-2.2204460492503e-15,1
180.85,128,0,180.85,0.0021901024731546,4.5657881504083e-06,4.2179571948847e-11,-8.7926447888302e-11,7.8997087288413,0.038585611827557,-2.2204460492503e-15,1
180.9,128,0,180.9,0.0021901008951421,4.56579143986e-06,4.2179571948847e-11,-8.7926447888302e-11,7.8977794482499,0.038585611827557,-2.2204460492503e-15,1
180.95,128,0,180.95,0.0021900993171297,4.5657947293117e-06,4.2179571948847e-11,-8.7926447888302e-11,7.8958501676585,0.038585611827557,-2.2204460492503e-15,1
181,128,0,181,0.0021900977391173,4.5657980187634e-06,4.2179571948847e-11,-8.7926447888302e-11,7.8939208870671,0.038585611827557,-2.2204460492503e-15,1
181.05,128,0,181.05,0.0021901003715263,4.5657925313298e-06,-3.5534074417079e-11,7.4073716817386e-11,7.8919916064758,0.038585611827564,-9.7699626167014e-15,1
181.1,128,0,181.1,0.0021901030039354,4.5657870438962e-06,-3.5534074417079e-11,7.4073716817386e-11,7.8900623258844,0.038585611827564,-9.7699626167014e-15,1
181.15,128,0,181.15,0.0021901056363444,4.5657815564626e-06,-3.5534074417079e-11,7.4073716817386e-11,7.888133045293,0.038585611827564,-9.7699626167014e-15,1
181.2,128,0,181.2,0.0021901082687534,4.565776069029e-06,-3.5534074417079e-11,7.4073716817386e-11,7.8862037647016,0.038585611827564,-9.7699626167014e-15,1
181.25,128,0,181.25,0.0021901109011625,4.5657705815954e-06,-3.5534074417079e-11,7.4073716817386e-11,7.8842744841102,0.038585611827564,-9.7699626167014e-15,1
181.3,128,0,181.3,0.0021901135335715,4.5657650941618e-06,-3.5534074417079e-11,7.4073716817386e-11,7.8823452035189,0.038585611827564,-9.7699626167014e-15,1
181.35,128,0,181.35,0.0021901161659805,4.5657596067282e-06,-3.5534074417079e-11,7.4073716817386e-11,7.8804159229275,0.038585611827564,-9.7699626167014e-15,1
181.4,128,0,181.4,0.0021901187983896,4.5657541192946e-06,-3.5534074417079e-11,7.4073716817386e-11,7.8784866423361,0.038585611827564,-9.7699626167014e-15,1
181.45,128,0,181.45,0.0021901214307986,4.565748631861e-06,-3.5534074417079e-11,7.4073716817386e-11,7.8765573617447,0.038585611827564,-9.7699626167014e-15,1
181.5,128,0,181.5,0.0021901240632077,4.5657431444274e-06,-3.5534074417079e-11,7.4073716817386e-11,7.8746280811534,0.038585611827564,-9.7699626167014e-15,1
181.55,128,0,181.55,0.0021901266956167,4.5657376569938e-06,-3.5534074417079e-11,7.4073716817386e-11,7.872698800562,0.038585611827564,-9.7699626167014e-15,1
181.6,128,0,181.6,0.0021901293280257,4.5657321695601e-06,-3.5534074417079e-11,7.4073716817386e-11,7.8707695199706,0.038585611827564,-9.7699626167014e-15,1
181.65,128,0,181.65,0.0021901319604348,4.5657266821265e-06,-3.5534074417079e-11,7.4073716817386e-11,7.8688402393792,0.038585611827564,-9.7699626167014e-15,1
181.7,128,0,181.7,0.0021901345928438,4.5657211946929e-06,-3.5534074417079e-11,7.4073716817386e-11,7.8669109587878,0.038585611827564,-9.7699626167014e-15,1
181.75,128,0,181.75,0.0021901372252528,4.5657157072593e-06,-3.5534074417079e-11,7.4073716817386e-11,7.8649816781965,0.038585611827564,-9.7699626167014e-15,1
181.8,128,0,181.8,0.0021901398576619,4.5657102198257e-06,-3.5534074417079e-11,7.4073716817386e-11,7.8630523976051,0.038585611827564,-9.7699626167014e-15,1
181.85,128,0,181.85,0.0021901424900709,4.5657047323921e-06,-3.5534074417079e-11,7.4073716817386e-11,7.8611231170137,0.038585611827564,-9.7699626167014e-15,1
181.9,128,0,181.9,0.0021901451224799,4.5656992449585e-06,-3.5534074417079e-11,7.4073716817386e-11,7.8591938364223,0.038585611827564,-9.7699626167014e-15,1
181.95,128,0,181.95,0.002190147754889,4.5656937575249e-06,-3.5534074417079e-11,7.4073716817386e-11,7.8572645558309,0.038585611827564,-9.7699626167014e-15,1
182,128,0,182,0.002190150387298,4.5656882700913e-06,-3.5534074417079e-11,7.4073716817386e-11,7.8553352752396,0.038585611827564,-9.7699626167014e-15,1
182.05,128,0,182.05,0.0021901495637891,4.5656899866681e-06,4.9928223168886e-11,-1.0407986409429e-10,7.8534059946482,0.038585611827565,-9.6589403142389e-15,1
182.1,128,0,182.1,0.0021901487402802,4.565691703245e-06,4.9928223168886e-11,-1.0407986409429e-10,7.8514767140568,0.038585611827565,-9.6589403142389e-15,1
182.15,128,0,182.15,0.0021901479167713,4.5656934198219e-06,4.9928223168886e-11,-1.0407986409429e-10,7.8495474334654,0.038585611827565,-9.6589403142389e-15,1
182.2,128,0,182.2,0.0021901470932624,4.5656951363988e-06,4.9928223168886e-11,-1.0407986409429e-10,7.8476181528741,0.038585611827565,-9.6589403142389e-15,1
182.25,128,0,182.25,0.0021901462697535,4.5656968529756e-06,4.9928223168886e-11,-1.0407986409429e-10,7.8456888722827,0.038585611827565,-9.6589403142389e-15,1
182.3,128,0,182.3,0.0021901454462446,4.5656985695525e-06,4.9928223168886e-11,-1.0407986409429e-10,7.8437595916913,0.038585611827565,-9.6589403142389e-15,1
182.35,128,0,182.35,0.0021901446227357,4.5657002861294e-06,4.9928223168886e-11,-1.0407986409429e-10,7.8418303110999,0.038585611827565,-9.6589403142389e-15,1
182.4,128,0,182.4,0.0021901437992268,4.5657020027063e-06,4.9928223168886e-11,-1.0407986409429e-10,7.8399010305085,0.038585611827565,-9.6589403142389e-15,1
182.45,128,0,182.45,0.0021901429757179,4.5657037192831e-06,4.9928223168886e-11,-1.0407986409429e-10,7.8379717499172,0.038585611827565,-9.6589403142389e-15,1
182.5,128,0,182.5,0.002190142152209,4.56570543586e-06,4.9928223168886e-11,-1.0407986409429e-10,7.8360424693258,0.038585611827565,-9.6589403142389e-15,1
182.55,128,0,182.55,0.0021901413287001,4.5657071524369e-06,4.9928223168886e-11,-1.0407986409429e-10,7.8341131887344,0.038585611827565,-9.6589403142389e-15,1
182.6,128,0,182.6,0.0021901405051912,4.5657088690138e-06,4.9928223168886e-11,-1.0407986409429e-10,7.832183908143,0.038585611827565,-9.6589403142389e-15,1
182.65,128,0,182.65,0.0021901396816823,4.5657105855906e-06,4.9928223168886e-11,-1.0407986409429e-10,7.8302546275516,0.038585611827565,-9.6589403142389e-15,1
182.7,128,0,182.7,0.0021901388581734,4.5657123021675e-06,4.9928223168886e-11,-1.0407986409429e-10,7.8283253469603,0.038585611827565,-9.6589403142389e-15,1
182.75,128,0,182.75,0.0021901380346645,4.5657140187444e-06,4.9928223168886e-11,-1.0407986409429e-10,7.8263960663689,0.038585611827565,-9.6589403142389e-15,1
182.8,128,0,182.8,0.0021901372111556,4.5657157353213e-06,4.9928223168886e-11,-1.0407986409429e-10,7.8244667857775,0.038585611827565,-9.6589403142389e-15,1
182.85,128,0,182.85,0.0021901363876466,4.5657174518981e-06,4.9928223168886e-11,-1.0407986409429e-10,7.8225375051861,0.038585611827565,-9.6589403142389e-15,1
182.9,128,0,182.9,0.0021901355641377,4.565719168475e-06,4.9928223168886e-11,-1.0407986409429e-10,7.8206082245948,0.038585611827565,-9.6589403142389e-15,1
182.95,128,0,182.95,0.0021901347406288,4.5657208850519e-06,4.9928223168886e-11,-1.0407986409429e-10,7.8186789440034,0.038585611827565,-9.6589403142389e-15,1
183,128,0,183,0.0021901339171199,4.5657226016288e-06,4.9928223168886e-11,-1.0407986409429e-10,7.816749663412,0.038585611827565,-9.6589403142389e-15,1
183.05,128,0,183.05,0.0021901343342304,4.5657217322882e-06,-5.4114408648038e-11,1.1280683608153e-10,7.8148203828206,0.038585611827554,-2.2204460492503e-16,1
183.1,128,0,183.1,0.0021901347513409,4.5657208629477e-06,-5.4114408648038e-11,1.1280683608153e-10,7.8128911022292,0.038585611827554,-2.2204460492503e-16,1
183.15,128,0,183.15,0.0021901351684513,4.5657199936071e-06,-5.4114408648038e-11,1.1280683608153e-10,7.8109618216379,0.038585611827554,-2.2204460492503e-16,1
183.2,128,0,183.2,0.0021901355855618,4.5657191242666e-06,-5.4114408648038e-11,1.1280683608153e-10,7.8090325410465,0.038585611827554,-2.2204460492503e-16,1
183.25,128,0,183.25,0.0021901360026723,4.5657182549261e-06,-5.4114408648038e-11,1.1280683608153e-10,7.8071032604551,0.038585611827554,-2.2204460492503e-16,1
183.3,128,0,183.3,0.0021901364197827,4.5657173855855e-06,-5.4114408648038e-11,1.1280683608153e-10,7.8051739798637,0.038585611827554,-2.2204460492503e-16,1
183.35,128,0,183.35,0.0021901368368932,4.565716516245e-06,-5.4114408648038e-11,1.1280683608153e-10,7.8032446992724,0.038585611827554,-2.2204460492503e-16,1
183.4,128,0,183.4,0.0021901372540036,4.5657156469044e-06,-5.4114408648038e-11,1.1280683608153e-10,7.801315418681,0.038585611827554,-2.2204460492503e-16,1
183.45,128,0,183.45,0.0021901376711141,4.5657147775639e-06,-5.4114408648038e-11,1.1280683608153e-10,7.7993861380896,0.038585611827554,-2.2204460492503e-16,1
183.5,128,0,183.5,0.0021901380882246,4.5657139082233e-06,-5.4114408648038e-11,1.1280683608153e-10,7.7974568574982,0.038585611827554,-2.2204460492503e-16,1
183.55,128,0,183.55,0.002190138505335,4.5657130388828e-06,-5.4114408648038e-11,1.1280683608153e-10,7.7955275769068,0.038585611827554,-2.2204460492503e-16,1
183.6,128,0,183.6,0.0021901389224455,4.5657121695423e-06,-5.4114408648038e-11,1.1280683608153e-10,7.7935982963155,0.038585611827554,-2.2204460492503e-16,1
183.65,128,0,183.65,0.002190139339556,4.5657113002017e-06,-5.4114408648038e-11,1.1280683608153e-10,7.7916690157241,0.038585611827554,-2.2204460492503e-16,1
183.7,128,0,183.7,0.0021901397566664,4.5657104308612e-06,-5.4114408648038e-11,1.1280683608153e-10,7.7897397351327,0.038585611827554,-2.2204460492503e-16,1
183.75,128,0,183.75,0.0021901401737769,4.5657095615206e-06,-5.4114408648038e-11,1.1280683608153e-10,7.7878104545413,0.038585611827554,-2.2204460492503e-16,1
183.8,128,0,183.8,0.0021901405908873,4.5657086921801e-06,-5.4114408648038e-11,1.1280683608153e-10,7.78588117395,0.038585611827554,-2.2204460492503e-16,1
183.85,128,0,183.85,0.0021901410079978,4.5657078228395e-06,-5.4114408648038e-11,1.1280683608153e-10,7.7839518933586,0.038585611827554,-2.2204460492503e-16,1
183.9,128,0,183.9,0.0021901414251083,4.565706953499e-06,-5.4114408648038e-11,1.1280683608153e-10,7.7820226127672,0.038585611827554,-2.2204460492503e-16,1
183.95,128,0,183.95,0.0021901418422187,4.5657060841585e-06,-5.4114408648038e-11,1.1280683608153e-10,7.7800933321758,0.038585611827554,-2.2204460492503e-16,1
184,128,0,184,0.0021901422593292,4.5657052148179e-06,-5.4114408648038e-11,1.1280683608153e-10,7.7781640515844,0.038585611827554,-2.2204460492503e-16,1
184.05,128,0,184.05,0.0021901412814683,4.5657072531048e-06,5.6243559362336e-11,-1.1724525502541e-10,7.7762347709931,0.038585611827572,-1.6653345369377e-15,1
184.1,128,0,184.1,0.0021901403036075,4.5657092913917e-06,5.6243559362336e-11,-1.1724525502541e-10,7.7743054904017,0.038585611827572,-1.6653345369377e-15,1
184.15,128,0,184.15,0.0021901393257466,4.5657113296785e-06,5.6243559362336e-11,-1.1724525502541e-10,7.7723762098103,0.038585611827572,-1.6653345369377e-15,1
184.2,128,0,184.2,0.0021901383478858,4.5657133679654e-06,5.6243559362336e-11,-1.1724525502541e-10,7.7704469292189,0.038585611827572,-1.6653345369377e-15,1
184.25,128,0,184.25,0.0021901373700249,4.5657154062523e-06,5.6243559362336e-11,-1.1724525502541e-10,7.7685176486275,0.038585611827572,-1.6653345369377e-15,1
184.3,128,0,184.3,0.002190136392164,4.5657174445391e-06,5.6243559362336e-11,-1.1724525502541e-10,7.7665883680362,0.038585611827572,-1.6653345369377e-15,1
184.35,128,0,184.35,0.0021901354143032,4.565719482826e-06,5.6243559362336e-11,-1.1724525502541e-10,7.7646590874448,0.038585611827572,-1.6653345369377e-15,1
184.4,128,0,184.4,0.0021901344364423,4.5657215211129e-06,5.6243559362336e-11,-1.1724525502541e-10,7.7627298068534,0.038585611827572,-1.6653345369377e-15,1
184.45,128,0,184.45,0.0021901334585815,4.5657235593997e-06,5.6243559362336e-11,-1.1724525502541e-10,7.760800526262,0.038585611827572,-1.6653345369377e-15,1
184.5,128,0,184.5,0.0021901324807206,4.5657255976866e-06,5.6243559362336e-11,-1.1724525502541e-10,7.7588712456707,0.038585611827572,-1.6653345369377e-15,1
184.55,128,0,184.55,0.0021901315028597,4.5657276359735e-06,5.6243559362336e-11,-1.1724525502541e-10,7.7569419650793,0.038585611827572,-1.6653345369377e-15,1
184.6,128,0,184.6,0.0021901305249989,4.5657296742604e-06,5.6243559362336e-11,-1.1724525502541e-10,7.7550126844879,0.038585611827572,-1.6653345369377e-15,1
184.65,128,0,184.65,0.002190129547138,4.5657317125472e-06,5.6243559362336e-11,-1.1724525502541e-10,7.7530834038965,0.038585611827572,-1.6653345369377e-15,1
184.7,128,0,184.7,0.0021901285692772,4.5657337508341e-06,5.6243559362336e-11,-1.1724525502541e-10,7.7511541233051,0.038585611827572,-1.6653345369377e-15,1
184.75,128,0,184.75,0.0021901275914163,4.565735789121e-06,5.6243559362336e-11,-1.1724525502541e-10,7.7492248427138,0.038585611827572,-1.6653345369377e-15,1
184.8,128,0,184.8,0.0021901266135554,4.5657378274078e-06,5.6243559362336e-11,-1.1724525502541e-10,7.7472955621224,0.038585611827572,-1.6653345369377e-15,1
184.85,128,0,184.85,0.0021901256356946,4.5657398656947e-06,5.6243559362336e-11,-1.1724525502541e-10,7.745366281531,0.038585611827572,-1.6653345369377e-15,1
184.9,128,0,184.9,0.0021901246578337,4.5657419039816e-06,5.6243559362336e-11,-1.1724525502541e-10,7.7434370009396,0.038585611827572,-1.6653345369377e-15,1
184.95,128,0,184.95,0.0021901236799728,4.5657439422684e-06,5.6243559362336e-11,-1.1724525502541e-10,7.7415077203483,0.038585611827572,-1.6653345369377e-15,1
185,128,0,185,0.002190122702112,4.5657459805553e-06,5.6243559362336e-11,-1.1724525502541e-10,7.7395784397569,0.038585611827572,-1.6653345369377e-15,1
185.05,128,0,185.05,0.0021901240037296,4.5657432673545e-06,-5.6963875032538e-11,1.187466495139e-10,7.7376491591655,0.03858561182756,-1.3433698597964e-14,1
185.1,128,0,185.1,0.0021901253053473,4.5657405541538e-06,-5.6963875032538e-11,1.187466495139e-10,7.7357198785741,0.03858561182756,-1.3433698597964e-14,1
185.15,128,0,185.15,0.002190126606965,4.565737840953e-06,-5.6963875032538e-11,1.187466495139e-10,7.7337905979827,0.03858561182756,-1.3433698597964e-14,1
185.2,128,0,185.2,0.0021901279085826,4.5657351277522e-06,-5.6963875032538e-11,1.187466495139e-10,7.7318613173914,0.03858561182756,-1.3433698597964e-14,1
185.25,128,0,185.25,0.0021901292102003,4.5657324145515e-06,-5.6963875032538e-11,1.187466495139e-10,7.7299320368,0.03858561182756,-1.3433698597964e-14,1
185.3,128,0,185.3,0.0021901305118179,4.5657297013507e-06,-5.6963875032538e-11,1.187466495139e-10,7.7280027562086,0.03858561182756,-1.3433698597964e-14,1
185.35,128,0,185.35,0.0021901318134356,4.5657269881499e-06,-5.6963875032538e-11,1.187466495139e-10,7.7260734756172,0.03858561182756,-1.3433698597964e-14,1
185.4,128,0,185.4,0.0021901331150533,4.5657242749492e-06,-5.6963875032538e-11,1.187466495139e-10,7.7241441950259,0.03858561182756,-1.3433698597964e-14,1
185.45,128,0,185.45,0.0021901344166709,4.5657215617484e-06,-5.6963875032538e-11,1.187466495139e-10,7.7222149144345,0.03858561182756,-1.3433698597964e-14,1
185.5,128,0,185.5,0.0021901357182886,4.5657188485476e-06,-5.6963875032538e-11,1.187466495139e-10,7.7202856338431,0.03858561182756,-1.3433698597964e-14,1
185.55,128,0,185.55,0.0021901370199062,4.5657161353469e-06,-5.6963875032538e-11,1.187466495139e-10,7.7183563532517,0.03858561182756,-1.3433698597964e-14,1
185.6,128,0,185.6,0.0021901383215239,4.5657134221461e-06,-5.6963875032538e-11,1.187466495139e-10,7.7164270726603,0.03858561182756,-1.3433698597964e-14,1
185.65,128,0,185.65,0.0021901396231415,4.5657107089453e-06,-5.6963875032538e-11,1.187466495139e-10,7.714497792069,0.03858561182756,-1.3433698597964e-14,1
185.7,128,0,185.7,0.0021901409247592,4.5657079957446e-06,-5.6963875032538e-11,1.187466495139e-10,7.7125685114776,0.03858561182756,-1.3433698597964e-14,1
185.75,128,0,185.75,0.0021901422263769,4.5657052825438e-06,-5.6963875032538e-11,1.187466495139e-10,7.7106392308862,0.03858561182756,-1.3433698597964e-14,1
185.8,128,0,185.8,0.0021901435279945,4.565702569343e-06,-5.6963875032538e-11,1.187466495139e-10,7.7087099502948,0.03858561182756,-1.3433698597964e-14,1
185.85,128,0,185.85,0.0021901448296122,4.5656998561423e-06,-5.6963875032538e-11,1.187466495139e-10,7.7067806697035,0.03858561182756,-1.3433698597964e-14,1
185.9,128,0,185.9,0.0021901461312298,4.5656971429415e-06,-5.6963875032538e-11,1.187466495139e-10,7.7048513891121,0.03858561182756,-1.3433698597964e-14,1
185.95,128,0,185.95,0.0021901474328475,4.5656944297408e-06,-5.6963875032538e-11,1.187466495139e-10,7.7029221085207,0.03858561182756,-1.3433698597964e-14,1
186,128,0,186,0.0021901487344652,4.56569171654e-06,-5.6963875032538e-11,1.187466495139e-10,7.7009928279293,0.03858561182756,-1.3433698597964e-14,1
186.05,128,0,186.05,0.0021901477140342,4.5656938435756e-06,5.5214300637672e-11,-1.1509955310324e-10,7.6990635473379,0.038585611827563,-1.543210004229e-14,1
186.1,128,0,186.1,0.0021901466936032,4.5656959706112e-06,5.5214300637672e-11,-1.1509955310324e-10,7.6971342667466,0.038585611827563,-1.543210004229e-14,1
186.15,128,0,186.15,0.0021901456731723,4.5656980976468e-06,5.5214300637672e-11,-1.1509955310324e-10,7.6952049861552,0.038585611827563,-1.543210004229e-14,1
186.2,128,0,186.2,0.0021901446527413,4.5657002246824e-06,5.5214300637672e-11,-1.1509955310324e-10,7.6932757055638,0.038585611827563,-1.543210004229e-14,1
186.25,128,0,186.25,0.0021901436323104,4.565702351718e-06,5.5214300637672e-11,-1.1509955310324e-10,7.6913464249724,0.038585611827563,-1.543210004229e-14,1
186.3,128,0,186.3,0.0021901426118794,4.5657044787536e-06,5.5214300637672e-11,-1.1509955310324e-10,7.689417144381,0.038585611827563,-1.543210004229e-14,1
186.35,128,0,186.35,0.0021901415914485,4.5657066057892e-06,5.5214300637672e-11,-1.1509955310324e-10,7.6874878637897,0.038585611827563,-1.543210004229e-14,1
186.4,128,0,186.4,0.0021901405710175,4.5657087328248e-06,5.5214300637672e-11,-1.1509955310324e-10,7.6855585831983,0.038585611827563,-1.543210004229e-14,1
186.45,128,0,186.45,0.0021901395505866,4.5657108598604e-06,5.5214300637672e-11,-1.1509955310324e-10,7.6836293026069,0.038585611827563,-1.543210004229e-14,1
186.5,128,0,186.5,0.0021901385301556,4.565712986896e-06,5.5214300637672e-11,-1.1509955310324e-10,7.6817000220155,0.038585611827563,-1.543210004229e-14,1
186.55,128,0,186.55,0.0021901375097247,4.5657151139316e-06,5.5214300637672e-11,-1.1509955310324e-10,7.6797707414242,0.038585611827563,-1.543210004229e-14,1
186.6,128,0,186.6,0.0021901364892937,4.5657172409672e-06,5.5214300637672e-11,-1.1509955310324e-10,7.6778414608328,0.038585611827563,-1.543210004229e-14,1
186.65,128,0,186.65,0.0021901354688628,4.5657193680027e-06,5.5214300637672e-11,-1.1509955310324e-10,7.6759121802414,0.038585611827563,-1.543210004229e-14,1
186.7,128,0,186.7,0.0021901344484318,4.5657214950383e-06,5.5214300637672e-11,-1.1509955310324e-10,7.67398289965,0.038585611827563,-1.543210004229e-14,1
186.75,128,0,186.75,0.0021901334280008,4.5657236220739e-06,5.5214300637672e-11,-1.1509955310324e-10,7.6720536190586,0.038585611827563,-1.543210004229e-14,1
186.8,128,0,186.8,0.0021901324075699,4.5657257491095e-06,5.5214300637672e-11,-1.1509955310324e-10,7.6701243384673,0.038585611827563,-1.543210004229e-14,1
186.85,128,0,186.85,0.0021901313871389,4.5657278761451e-06,5.5214300637672e-11,-1.1509955310324e-10,7.6681950578759,0.038585611827563,-1.543210004229e-14,1
186.9,128,0,186.9,0.002190130366708,4.5657300031807e-06,5.5214300637672e-11,-1.1509955310324e-10,7.6662657772845,0.038585611827563,-1.543210004229e-14,1
186.95,128,0,186.95,0.002190129346277,4.5657321302163e-06,5.5214300637672e-11,-1.1509955310324e-10,7.6643364966931,0.038585611827563,-1.543210004229e-14,1
187,128,0,187,0.0021901283258461,4.5657342572519e-06,5.5214300637672e-11,-1.1509955310324e-10,7.6624072161018,0.038585611827563,-1.543210004229e-14,1
187.05,128,0,187.05,0.0021901291103458,4.5657326220414e-06,-5.4052694377707e-11,1.126781107064e-10,7.6604779355104,0.038585611827552,-8.2156503822262e-15,1
187.1,128,0,187.1,0.0021901298948456,4.5657309868309e-06,-5.4052694377707e-11,1.126781107064e-10,7.658548654919,0.038585611827552,-8.2156503822262e-15,1
187.15,128,0,187.15,0.0021901306793454,4.5657293516204e-06,-5.4052694377707e-11,1.126781107064e-10,7.6566193743276,0.038585611827552,-8.2156503822262e-15,1
187.2,128,0,187.2,0.0021901314638452,4.5657277164099e-06,-5.4052694377707e-11,1.126781107064e-10,7.6546900937362,0.038585611827552,-8.2156503822262e-15,1
187.25,128,0,187.25,0.0021901322483449,4.5657260811994e-06,-5.4052694377707e-11,1.126781107064e-10,7.6527608131449,0.038585611827552,-8.2156503822262e-15,1
187.3,128,0,187.3,0.0021901330328447,4.5657244459889e-06,-5.4052694377707e-11,1.126781107064e-10,7.6508315325535,0.038585611827552,-8.2156503822262e-15,1
187.35,128,0,187.35,0.0021901338173445,4.5657228107784e-06,-5.4052694377707e-11,1.126781107064e-10,7.6489022519621,0.038585611827552,-8.2156503822262e-15,1
187.4,128,0,187.4,0.0021901346018442,4.5657211755679e-06,-5.4052694377707e-11,1.126781107064e-10,7.6469729713707,0.038585611827552,-8.2156503822262e-15,1
187.45,128,0,187.45,0.002190135386344,4.5657195403574e-06,-5.4052694377707e-11,1.126781107064e-10,7.6450436907794,0.038585611827552,-8.2156503822262e-15,1
187.5,128,0,187.5,0.0021901361708438,4.5657179051469e-06,-5.4052694377707e-11,1.126781107064e-10,7.643114410188,0.038585611827552,-8.2156503822262e-15,1
187.55,128,0,187.55,0.0021901369553435,4.5657162699364e-06,-5.4052694377707e-11,1.126781107064e-10,7.6411851295966,0.038585611827552,-8.2156503822262e-15,1
187.6,128,0,187.6,0.0021901377398433,4.5657146347259e-06,-5.4052694377707e-11,1.126781107064e-10,7.6392558490052,0.038585611827552,-8.2156503822262e-15,1
187.65,128,0,187.65,0.0021901385243431,4.5657129995154e-06,-5.4052694377707e-11,1.126781107064e-10,7.6373265684138,0.038585611827552,-8.2156503822262e-15,1
187.7,128,0,187.7,0.0021901393088429,4.5657113643049e-06,-5.4052694377707e-11,1.126781107064e-10,7.6353972878225,0.038585611827552,-8.2156503822262e-15,1
187.75,128,0,187.75,0.0021901400933426,4.5657097290944e-06,-5.4052694377707e-11,1.126781107064e-10,7.6334680072311,0.038585611827552,-8.2156503822262e-15,1
187.8,128,0,187.8,0.0021901408778424,4.5657080938839e-06,-5.4052694377707e-11,1.126781107064e-10,7.6315387266397,0.038585611827552,-8.2156503822262e-15,1
187.85,128,0,187.85,0.0021901416623422,4.5657064586734e-06,-5.4052694377707e-11,1.126781107064e-10,7.6296094460483,0.038585611827552,-8.2156503822262e-15,1
187.9,128,0,187.9,0.0021901424468419,4.5657048234628e-06,-5.4052694377707e-11,1.126781107064e-10,7.627680165457,0.038585611827552,-8.2156503822262e-15,1
187.95,128,0,187.95,0.0021901432313417,4.5657031882523e-06,-5.4052694377707e-11,1.126781107064e-10,7.6257508848656,0.038585611827552,-8.2156503822262e-15,1
188,128,0,188,0.0021901440158415,4.5657015530418e-06,-5.4052694377707e-11,1.126781107064e-10,7.6238216042742,0.038585611827552,-8.2156503822262e-15,1
188.05,128,0,188.05,0.0021901430370996,4.5657035931692e-06,5.5121791758751e-11,-1.1490662140569e-10,7.6218923236828,0.03858561182757,5.1070259132757e-15,1
188.1,128,0,188.1,0.0021901420583577,4.5657056332966e-06,5.5121791758751e-11,-1.1490662140569e-10,7.6199630430914,0.03858561182757,5.1070259132757e-15,1
188.15,128,0,188.15,0.0021901410796159,4.565707673424e-06,5.5121791758751e-11,-1.1490662140569e-10,7.6180337625001,0.03858561182757,5.1070259132757e-15,1
188.2,128,0,188.2,0.002190140100874,4.5657097135514e-06,5.5121791758751e-11,-1.1490662140569e-10,7.6161044819087,0.03858561182757,5.1070259132757e-15,1
188.25,128,0,188.25,0.0021901391221321,4.5657117536788e-06,5.5121791758751e-11,-1.1490662140569e-10,7.6141752013173,0.03858561182757,5.1070259132757e-15,1
188.3,128,0,188.3,0.0021901381433903,4.5657137938062e-06,5.5121791758751e-11,-1.1490662140569e-10,7.6122459207259,0.03858561182757,5.1070259132757e-15,1
188.35,128,0,188.35,0.0021901371646484,4.5657158339336e-06,5.5121791758751e-11,-1.1490662140569e-10,7.6103166401345,0.03858561182757,5.1070259132757e-15,1
188.4,128,0,188.4,0.0021901361859065,4.565717874061e-06,5.5121791758751e-11,-1.1490662140569e-10,7.6083873595432,0.03858561182757,5.1070259132757e-15,1
188.45,128,0,188.45,0.0021901352071647,4.5657199141884e-06,5.5121791758751e-11,-1.1490662140569e-10,7.6064580789518,0.03858561182757,5.1070259132757e-15,1
188.5,128,0,188.5,0.0021901342284228,4.5657219543158e-06,5.5121791758751e-11,-1.1490662140569e-10,7.6045287983604,0.03858561182757,5.1070259132757e-15,1
188.55,128,0,188.55,0.0021901332496809,4.5657239944432e-06,5.5121791758751e-11,-1.1490662140569e-10,7.602599517769,0.03858561182757,5.1070259132757e-15,1
188.6,128,0,188.6,0.0021901322709391,4.5657260345706e-06,5.5121791758751e-11,-1.1490662140569e-10,7.6006702371776,0.03858561182757,5.1070259132757e-15,1
188.65,128,0,188.65,0.0021901312921972,4.565728074698e-06,5.5121791758751e-11,-1.1490662140569e-10,7.5987409565863,0.03858561182757,5.1070259132757e-15,1
188.7,128,0,188.7,0.0021901303134553,4.5657301148254e-06,5.5121791758751e-11,-1.1490662140569e-10,7.5968116759949,0.03858561182757,5.1070259132757e-15,1
188.75,128,0,188.75,0.0021901293347134,4.5657321549528e-06,5.5121791758751e-11,-1.1490662140569e-10,7.5948823954035,0.03858561182757,5.1070259132757e-15,1
188.8,128,0,188.8,0.0021901283559716,4.5657341950802e-06,5.5121791758751e-11,-1.1490662140569e-10,7.5929531148121,0.03858561182757,5.1070259132757e-15,1
188.85,128,0,188.85,0.0021901273772297,4.5657362352076e-06,5.5121791758751e-11,-1.1490662140569e-10,7.5910238342208,0.03858561182757,5.1070259132757e-15,1
188.9,128,0,188.9,0.0021901263984878,4.5657382753349e-06,5.5121791758751e-11,-1.1490662140569e-10,7.5890945536294,0.03858561182757,5.1070259132757e-15,1
188.95,128,0,188.95,0.002190125419746,4.5657403154623e-06,5.5121791758751e-11,-1.1490662140569e-10,7.587165273038,0.03858561182757,5.1070259132757e-15,1
189,128,0,189,0.0021901244410041,4.5657423555897e-06,5.5121791758751e-11,-1.1490662140569e-10,7.5852359924466,0.03858561182757,5.1070259132757e-15,1
189.05,128,0,189.05,0.0021901255471155,4.5657400499442e-06,-5.541361147905e-11,1.1551492707815e-10,7.5833067118552,0.038585611827565,5.3290705182008e-15,1
189.1,128,0,189.1,0.0021901266532269,4.5657377442986e-06,-5.541361147905e-11,1.1551492707815e-10,7.5813774312639,0.038585611827565,5.3290705182008e-15,1
189.15,128,0,189.15,0.0021901277593383,4.5657354386531e-06,-5.541361147905e-11,1.1551492707815e-10,7.5794481506725,0.038585611827565,5.3290705182008e-15,1
189.2,128,0,189.2,0.0021901288654497,4.5657331330075e-06,-5.541361147905e-11,1.1551492707815e-10,7.5775188700811,0.038585611827565,5.3290705182008e-15,1
189.25,128,0,189.25,0.0021901299715611,4.565730827362e-06,-5.541361147905e-11,1.1551492707815e-10,7.5755895894897,0.038585611827565,5.3290705182008e-15,1
189.3,128,0,189.3,0.0021901310776725,4.5657285217164e-06,-5.541361147905e-11,1.1551492707815e-10,7.5736603088984,0.038585611827565,5.3290705182008e-15,1
189.35,128,0,189.35,0.0021901321837839,4.5657262160709e-06,-5.541361147905e-11,1.1551492707815e-10,7.571731028307,0.038585611827565,5.3290705182008e-15,1
189.4,128,0,189.4,0.0021901332898953,4.5657239104253e-06,-5.541361147905e-11,1.1551492707815e-10,7.5698017477156,0.038585611827565,5.3290705182008e-15,1
189.45,128,0,189.45,0.0021901343960067,4.5657216047798e-06,-5.541361147905e-11,1.1551492707815e-10,7.5678724671242,0.038585611827565,5.3290705182008e-15,1
189.5,128,0,189.5,0.0021901355021181,4.5657192991342e-06,-5.541361147905e-11,1.1551492707815e-10,7.5659431865328,0.038585611827565,5.3290705182008e-15,1
189.55,128,0,189.55,0.0021901366082295,4.5657169934887e-06,-5.541361147905e-11,1.1551492707815e-10,7.5640139059415,0.038585611827565,5.3290705182008e-15,1
189.6,128,0,189.6,0.0021901377143409,4.5657146878431e-06,-5.541361147905e-11,1.1551492707815e-10,7.5620846253501,0.038585611827565,5.3290705182008e-15,1
189.65,128,0,189.65,0.0021901388204523,4.5657123821976e-06,-5.541361147905e-11,1.1551492707815e-10,7.5601553447587,0.038585611827565,5.3290705182008e-15,1
189.7,128,0,189.7,0.0021901399265637,4.565710076552e-06,-5.541361147905e-11,1.1551492707815e-10,7.5582260641673,0.038585611827565,5.3290705182008e-15,1
189.75,128,0,189.75,0.0021901410326751,4.5657077709065e-06,-5.541361147905e-11,1.1551492707815e-10,7.556296783576,0.038585611827565,5.3290705182008e-15,1
189.8,128,0,189.8,0.0021901421387865,4.5657054652609e-06,-5.541361147905e-11,1.1551492707815e-10,7.5543675029846,0.038585611827565,5.3290705182008e-15,1
189.85,128,0,189.85,0.0021901432448979,4.5657031596154e-06,-5.541361147905e-11,1.1551492707815e-10,7.5524382223932,0.038585611827565,5.3290705182008e-15,1
189.9,128,0,189.9,0.0021901443510093,4.5657008539698e-06,-5.541361147905e-11,1.1551492707815e-10,7.5505089418018,0.038585611827565,5.3290705182008e-15,1
189.95,128,0,189.95,0.0021901454571207,4.5656985483243e-06,-5.541361147905e-11,1.1551492707815e-10,7.5485796612104,0.038585611827565,5.3290705182008e-15,1
190,128,0,190,0.0021901465632321,4.5656962426787e-06,-5.541361147905e-11,1.1551492707815e-10,7.5466503806191,0.038585611827565,5.3290705182008e-15,1
190.05,128,0,190.05,0.0021901456808464,4.565698081946e-06,5.3253442025282e-11,-1.1101192400159e-10,7.5447211000277,0.038585611827552,1.3211653993039e-14,1
190.1,128,0,190.1,0.0021901447984608,4.5656999212133e-06,5.3253442025282e-11,-1.1101192400159e-10,7.5427918194363,0.038585611827552,1.3211653993039e-14,1
190.15,128,0,190.15,0.0021901439160751,4.5657017604805e-06,5.3253442025282e-11,-1.1101192400159e-10,7.5408625388449,0.038585611827552,1.3211653993039e-14,1
190.2,128,0,190.2,0.0021901430336895,4.5657035997478e-06,5.3253442025282e-11,-1.1101192400159e-10,7.5389332582535,0.038585611827552,1.3211653993039e-14,1
190.25,128,0,190.25,0.0021901421513038,4.5657054390151e-06,5.3253442025282e-11,-1.1101192400159e-10,7.5370039776622,0.038585611827552,1.3211653993039e-14,1
190.3,128,0,190.3,0.0021901412689182,4.5657072782823e-06,5.3253442025282e-11,-1.1101192400159e-10,7.5350746970708,0.038585611827552,1.3211653993039e-14,1
190.35,128,0,190.35,0.0021901403865325,4.5657091175496e-06,5.3253442025282e-11,-1.1101192400159e-10,7.5331454164794,0.038585611827552,1.3211653993039e-14,1
190.4,128,0,190.4,0.0021901395041469,4.5657109568169e-06,5.3253442025282e-11,-1.1101192400159e-10,7.531216135888,0.038585611827552,1.3211653993039e-14,1
190.45,128,0,190.45,0.0021901386217612,4.5657127960841e-06,5.3253442025282e-11,-1.1101192400159e-10,7.5292868552967,0.038585611827552,1.3211653993039e-14,1
190.5,128,0,190.5,0.0021901377393756,4.5657146353514e-06,5.3253442025282e-11,-1.1101192400159e-10,7.5273575747053,0.038585611827552,1.3211653993039e-14,1
190.55,128,0,190.55,0.0021901368569899,4.5657164746187e-06,5.3253442025282e-11,-1.1101192400159e-10,7.5254282941139,0.038585611827552,1.3211653993039e-14,1
190.6,128,0,190.6,0.0021901359746042,4.565718313886e-06,5.3253442025282e-11,-1.1101192400159e-10,7.5234990135225,0.038585611827552,1.3211653993039e-14,1
190.65,128,0,190.65,0.0021901350922186,4.5657201531532e-06,5.3253442025282e-11,-1.1101192400159e-10,7.5215697329311,0.038585611827552,1.3211653993039e-14,1
190.7,128,0,190.7,0.0021901342098329,4.5657219924205e-06,5.3253442025282e-11,-1.1101192400159e-10,7.5196404523398,0.038585611827552,1.3211653993039e-14,1
190.75,128,0,190.75,0.0021901333274473,4.5657238316878e-06,5.3253442025282e-11,-1.1101192400159e-10,7.5177111717484,0.038585611827552,1.3211653993039e-14,1
190.8,128,0,190.8,0.0021901324450616,4.565725670955e-06,5.3253442025282e-11,-1.1101192400159e-10,7.515781891157,0.038585611827552,1.3211653993039e-14,1
190.85,128,0,190.85,0.002190131562676,4.5657275102223e-06,5.3253442025282e-11,-1.1101192400159e-10,7.5138526105656,0.038585611827552,1.3211653993039e-14,1
190.9,128,0,190.9,0.0021901306802903,4.5657293494896e-06,5.3253442025282e-11,-1.1101192400159e-10,7.5119233299743,0.038585611827552,1.3211653993039e-14,1
190.95,128,0,190.95,0.0021901297979047,4.5657311887568e-06,5.3253442025282e-11,-1.1101192400159e-10,7.5099940493829,0.038585611827552,1.3211653993039e-14,1
191,128,0,191,0.002190128915519,4.5657330280241e-06,5.3253442025282e-11,-1.1101192400159e-10,7.5080647687915,0.038585611827552,1.3211653993039e-14,1
191.05,128,0,191.05,0.0021901297017061,4.5657313892974e-06,-5.2579860467401e-11,1.0960778240139e-10,7.5061354882001,0.038585611827566,5.5511151231258e-15,1
191.1,128,0,191.1,0.0021901304878932,4.5657297505706e-06,-5.2579860467401e-11,1.0960778240139e-10,7.5042062076087,0.038585611827566,5.5511151231258e-15,1
191.15,128,0,191.15,0.0021901312740803,4.5657281118439e-06,-5.2579860467401e-11,1.0960778240139e-10,7.5022769270174,0.038585611827566,5.5511151231258e-15,1
191.2,128,0,191.2,0.0021901320602674,4.5657264731172e-06,-5.2579860467401e-11,1.0960778240139e-10,7.500347646426,0.038585611827566,5.5511151231258e-15,1
191.25,128,0,191.25,0.0021901328464545,4.5657248343904e-06,-5.2579860467401e-11,1.0960778240139e-10,7.4984183658346,0.038585611827566,5.5511151231258e-15,1
191.3,128,0,191.3,0.0021901336326416,4.5657231956637e-06,-5.2579860467401e-11,1.0960778240139e-10,7.4964890852432,0.038585611827566,5.5511151231258e-15,1
191.35,128,0,191.35,0.0021901344188287,4.565721556937e-06,-5.2579860467401e-11,1.0960778240139e-10,7.4945598046519,0.038585611827566,5.5511151231258e-15,1
191.4,128,0,191.4,0.0021901352050158,4.5657199182103e-06,-5.2579860467401e-11,1.0960778240139e-10,7.4926305240605,0.038585611827566,5.5511151231258e-15,1
191.45,128,0,191.45,0.0021901359912029,4.5657182794835e-06,-5.2579860467401e-11,1.0960778240139e-10,7.4907012434691,0.038585611827566,5.5511151231258e-15,1
191.5,128,0,191.5,0.00219013677739,4.5657166407568e-06,-5.2579860467401e-11,1.0960778240139e-10,7.4887719628777,0.038585611827566,5.5511151231258e-15,1
191.55,128,0,191.55,0.0021901375635771,4.5657150020301e-06,-5.2579860467401e-11,1.0960778240139e-10,7.4868426822863,0.038585611827566,5.5511151231258e-15,1
191.6,128,0,191.6,0.0021901383497642,4.5657133633033e-06,-5.2579860467401e-11,1.0960778240139e-10,7.484913401695,0.038585611827566,5.5511151231258e-15,1
191.65,128,0,191.65,0.0021901391359513,4.5657117245766e-06,-5.2579860467401e-11,1.0960778240139e-10,7.4829841211036,0.038585611827566,5.5511151231258e-15,1
191.7,128,0,191.7,0.0021901399221384,4.5657100858499e-06,-5.2579860467401e-11,1.0960778240139e-10,7.4810548405122,0.038585611827566,5.5511151231258e-15,1
191.75,128,0,191.75,0.0021901407083255,4.5657084471231e-06,-5.2579860467401e-11,1.0960778240139e-10,7.4791255599208,0.038585611827566,5.5511151231258e-15,1
191.8,128,0,191.8,0.0021901414945126,4.5657068083964e-06,-5.2579860467401e-11,1.0960778240139e-10,7.4771962793295,0.038585611827566,5.5511151231258e-15,1
191.85,128,0,191.85,0.0021901422806997,4.5657051696697e-06,-5.2579860467401e-11,1.0960778240139e-10,7.4752669987381,0.038585611827566,5.5511151231258e-15,1
191.9,128,0,191.9,0.0021901430668868,4.5657035309429e-06,-5.2579860467401e-11,1.0960778240139e-10,7.4733377181467,0.038585611827566,5.5511151231258e-15,1
191.95,128,0,191.95,0.0021901438530738,4.5657018922162e-06,-5.2579860467401e-11,1.0960778240139e-10,7.4714084375553,0.038585611827566,5.5511151231258e-15,1
192,128,0,192,0.0021901446392609,4.5657002534895e-06,-5.2579860467401e-11,1.0960778240139e-10,7.469479156964,0.038585611827566,5.5511151231258e-15,1
192.05,128,0,192.05,0.0021901436015811,4.5657024164784e-06,5.4283479274298e-11,-1.131590422393e-10,7.4675498763726,0.038585611827581,-8.3266726846887e-15,1
192.1,128,0,192.1,0.0021901425639012,4.5657045794673e-06,5.4283479274298e-11,-1.131590422393e-10,7.4656205957812,0.038585611827581,-8.3266726846887e-15,1
192.15,128,0,192.15,0.0021901415262214,4.5657067424561e-06,5.4283479274298e-11,-1.131590422393e-10,7.4636913151898,0.038585611827581,-8.3266726846887e-15,1
192.2,128,0,192.2,0.0021901404885415,4.565708905445e-06,5.4283479274298e-11,-1.131590422393e-10,7.4617620345984,0.038585611827581,-8.3266726846887e-15,1
192.25,128,0,192.25,0.0021901394508616,4.5657110684339e-06,5.4283479274298e-11,-1.131590422393e-10,7.4598327540071,0.038585611827581,-8.3266726846887e-15,1
192.3,128,0,192.3,0.0021901384131818,4.5657132314228e-06,5.4283479274298e-11,-1.131590422393e-10,7.4579034734157,0.038585611827581,-8.3266726846887e-15,1
192.35,128,0,192.35,0.0021901373755019,4.5657153944117e-06,5.4283479274298e-11,-1.131590422393e-10,7.4559741928243,0.038585611827581,-8.3266726846887e-15,1
192.4,128,0,192.4,0.0021901363378221,4.5657175574006e-06,5.4283479274298e-11,-1.131590422393e-10,7.4540449122329,0.038585611827581,-8.3266726846887e-15,1
192.45,128,0,192.45,0.0021901353001422,4.5657197203895e-06,5.4283479274298e-11,-1.131590422393e-10,7.4521156316415,0.038585611827581,-8.3266726846887e-15,1
192.5,128,0,192.5,0.0021901342624623,4.5657218833784e-06,5.4283479274298e-11,-1.131590422393e-10,7.4501863510502,0.038585611827581,-8.3266726846887e-15,1
192.55,128,0,192.55,0.0021901332247825,4.5657240463673e-06,5.4283479274298e-11,-1.131590422393e-10,7.4482570704588,0.038585611827581,-8.3266726846887e-15,1
192.6,128,0,192.6,0.0021901321871026,4.5657262093562e-06,5.4283479274298e-11,-1.131590422393e-10,7.4463277898674,0.038585611827581,-8.3266726846887e-15,1
192.65,128,0,192.65,0.0021901311494228,4.5657283723451e-06,5.4283479274298e-11,-1.131590422393e-10,7.444398509276,0.038585611827581,-8.3266726846887e-15,1
192.7,128,0,192.7,0.0021901301117429,4.565730535334e-06,5.4283479274298e-11,-1.131590422393e-10,7.4424692286846,0.038585611827581,-8.3266726846887e-15,1
192.75,128,0,192.75,0.002190129074063,4.5657326983228e-06,5.4283479274298e-11,-1.131590422393e-10,7.4405399480933,0.038585611827581,-8.3266726846887e-15,1
192.8,128,0,192.8,0.0021901280363832,4.5657348613117e-06,5.4283479274298e-11,-1.131590422393e-10,7.4386106675019,0.038585611827581,-8.3266726846887e-15,1
192.85,128,0,192.85,0.0021901269987033,4.5657370243006e-06,5.4283479274298e-11,-1.131590422393e-10,7.4366813869105,0.038585611827581,-8.3266726846887e-15,1
192.9,128,0,192.9,0.0021901259610235,4.5657391872895e-06,5.4283479274298e-11,-1.131590422393e-10,7.4347521063191,0.038585611827581,-8.3266726846887e-15,1
192.95,128,0,192.95,0.0021901249233436,4.5657413502784e-06,5.4283479274298e-11,-1.131590422393e-10,7.4328228257277,0.038585611827581,-8.3266726846887e-15,1
193,128,0,193,0.0021901238856637,4.5657435132673e-06,5.4283479274298e-11,-1.131590422393e-10,7.4308935451364,0.038585611827581,-8.3266726846887e-15,1
193.05,128,0,193.05,0.0021901250738073,4.5657410366168e-06,-5.452793948096e-11,1.1366864126306e-10,7.428964264545,0.038585611827556,-1.1546319456102e-14,1
193.1,128,0,193.1,0.0021901262619508,4.5657385599663e-06,-5.452793948096e-11,1.1366864126306e-10,7.4270349839536,0.038585611827556,-1.1546319456102e-14,1
193.15,128,0,193.15,0.0021901274500943,4.5657360833159e-06,-5.452793948096e-11,1.1366864126306e-10,7.4251057033622,0.038585611827556,-1.1546319456102e-14,1
193.2,128,0,193.2,0.0021901286382378,4.5657336066654e-06,-5.452793948096e-11,1.1366864126306e-10,7.4231764227709,0.038585611827556,-1.1546319456102e-14,1
193.25,128,0,193.25,0.0021901298263813,4.5657311300149e-06,-5.452793948096e-11,1.1366864126306e-10,7.4212471421795,0.038585611827556,-1.1546319456102e-14,1
193.3,128,0,193.3,0.0021901310145248,4.5657286533644e-06,-5.452793948096e-11,1.1366864126306e-10,7.4193178615881,0.038585611827556,-1.1546319456102e-14,1
193.35,128,0,193.35,0.0021901322026684,4.5657261767139e-06,-5.452793948096e-11,1.1366864126306e-10,7.4173885809967,0.038585611827556,-1.1546319456102e-14,1
193.4,128,0,193.4,0.0021901333908119,4.5657237000635e-06,-5.452793948096e-11,1.1366864126306e-10,7.4154593004053,0.038585611827556,-1.1546319456102e-14,1
193.45,128,0,193.45,0.0021901345789554,4.565721223413e-06,-5.452793948096e-11,1.1366864126306e-10,7.413530019814,0.038585611827556,-1.1546319456102e-14,1
193.5,128,0,193.5,0.0021901357670989,4.5657187467625e-06,-5.452793948096e-11,1.1366864126306e-10,7.4116007392226,0.038585611827556,-1.1546319456102e-14,1
193.55,128,0,193.55,0.0021901369552424,4.565716270112e-06,-5.452793948096e-11,1.1366864126306e-10,7.4096714586312,0.038585611827556,-1.1546319456102e-14,1
193.6,128,0,193.6,0.002190138143386,4.5657137934616e-06,-5.452793948096e-11,1.1366864126306e-10,7.4077421780398,0.038585611827556,-1.1546319456102e-14,1
193.65,128,0,193.65,0.0021901393315295,4.5657113168111e-06,-5.452793948096e-11,1.1366864126306e-10,7.4058128974485,0.038585611827556,-1.1546319456102e-14,1
193.7,128,0,193.7,0.002190140519673,4.5657088401606e-06,-5.452793948096e-11,1.1366864126306e-10,7.4038836168571,0.038585611827556,-1.1546319456102e-14,1
193.75,128,0,193.75,0.0021901417078165,4.5657063635101e-06,-5.452793948096e-11,1.1366864126306e-10,7.4019543362657,0.038585611827556,-1.1546319456102e-14,1
193.8,128,0,193.8,0.00219014289596,4.5657038868596e-06,-5.452793948096e-11,1.1366864126306e-10,7.4000250556743,0.038585611827556,-1.1546319456102e-14,1
193.85,128,0,193.85,0.0021901440841036,4.5657014102092e-06,-5.452793948096e-11,1.1366864126306e-10,7.3980957750829,0.038585611827556,-1.1546319456102e-14,1
193.9,128,0,193.9,0.0021901452722471,4.5656989335587e-06,-5.452793948096e-11,1.1366864126306e-10,7.3961664944916,0.038585611827556,-1.1546319456102e-14,1
193.95,128,0,193.95,0.0021901464603906,4.5656964569082e-06,-5.452793948096e-11,1.1366864126306e-10,7.3942372139002,0.038585611827556,-1.1546319456102e-14,1
194,128,0,194,0.0021901476485341,4.5656939802577e-06,-5.452793948096e-11,1.1366864126306e-10,7.3923079333088,0.038585611827556,-1.1546319456102e-14,1
194.05,128,0,194.05,0.0021901467681526,4.5656958153466e-06,5.2285364411875e-11,-1.089938653023e-10,7.3903786527174,0.038585611827543,-1.0436096431476e-14,1
194.1,128,0,194.1,0.0021901458877712,4.5656976504354e-06,5.2285364411875e-11,-1.089938653023e-10,7.3884493721261,0.038585611827543,-1.0436096431476e-14,1
194.15,128,0,194.15,0.0021901450073897,4.5656994855243e-06,5.2285364411875e-11,-1.089938653023e-10,7.3865200915347,0.038585611827543,-1.0436096431476e-14,1
194.2,128,0,194.2,0.0021901441270082,4.5657013206131e-06,5.2285364411875e-11,-1.089938653023e-10,7.3845908109433,0.038585611827543,-1.0436096431476e-14,1
194.25,128,0,194.25,0.0021901432466267,4.5657031557019e-06,5.2285364411875e-11,-1.089938653023e-10,7.3826615303519,0.038585611827543,-1.0436096431476e-14,1
194.3,128,0,194.3,0.0021901423662452,4.5657049907908e-06,5.2285364411875e-11,-1.089938653023e-10,7.3807322497606,0.038585611827543,-1.0436096431476e-14,1
194.35,128,0,194.35,0.0021901414858637,4.5657068258796e-06,5.2285364411875e-11,-1.089938653023e-10,7.3788029691692,0.038585611827543,-1.0436096431476e-14,1
194.4,128,0,194.4,0.0021901406054823,4.5657086609685e-06,5.2285364411875e-11,-1.089938653023e-10,7.3768736885778,0.038585611827543,-1.0436096431476e-14,1
194.45,128,0,194.45,0.0021901397251008,4.5657104960573e-06,5.2285364411875e-11,-1.089938653023e-10,7.3749444079864,0.038585611827543,-1.0436096431476e-14,1
194.5,128,0,194.5,0.0021901388447193,4.5657123311462e-06,5.2285364411875e-11,-1.089938653023e-10,7.373015127395,0.038585611827543,-1.0436096431476e-14,1
194.55,128,0,194.55,0.0021901379643378,4.565714166235e-06,5.2285364411875e-11,-1.089938653023e-10,7.3710858468037,0.038585611827543,-1.0436096431476e-14,1
194.6,128,0,194.6,0.0021901370839563,4.5657160013238e-06,5.2285364411875e-11,-1.089938653023e-10,7.3691565662123,0.038585611827543,-1.0436096431476e-14,1
194.65,128,0,194.65,0.0021901362035749,4.5657178364127e-06,5.2285364411875e-11,-1.089938653023e-10,7.3672272856209,0.038585611827543,-1.0436096431476e-14,1
194.7,128,0,194.7,0.0021901353231934,4.5657196715015e-06,5.2285364411875e-11,-1.089938653023e-10,7.3652980050295,0.038585611827543,-1.0436096431476e-14,1
194.75,128,0,194.75,0.0021901344428119,4.5657215065904e-06,5.2285364411875e-11,-1.089938653023e-10,7.3633687244382,0.038585611827543,-1.0436096431476e-14,1
194.8,128,0,194.8,0.0021901335624304,4.5657233416792e-06,5.2285364411875e-11,-1.089938653023e-10,7.3614394438468,0.038585611827543,-1.0436096431476e-14,1
194.85,128,0,194.85,0.0021901326820489,4.5657251767681e-06,5.2285364411875e-11,-1.089938653023e-10,7.3595101632554,0.038585611827543,-1.0436096431476e-14,1
194.9,128,0,194.9,0.0021901318016674,4.5657270118569e-06,5.2285364411875e-11,-1.089938653023e-10,7.357580882664,0.038585611827543,-1.0436096431476e-14,1
194.95,128,0,194.95,0.002190130921286,4.5657288469458e-06,5.2285364411875e-11,-1.089938653023e-10,7.3556516020726,0.038585611827543,-1.0436096431476e-14,1
195,128,0,195,0.0021901300409045,4.5657306820346e-06,5.2285364411875e-11,-1.089938653023e-10,7.3537223214813,0.038585611827543,-1.0436096431476e-14,1
195.05,128,0,195.05,0.002190130767136,4.5657291682938e-06,-5.1219871671315e-11,1.0677267378052e-10,7.3517930408899,0.038585611827586,5.3290705182008e-15,1
195.1,128,0,195.1,0.0021901314933676,4.565727654553e-06,-5.1219871671315e-11,1.0677267378052e-10,7.3498637602985,0.038585611827586,5.3290705182008e-15,1
195.15,128,0,195.15,0.0021901322195991,4.5657261408122e-06,-5.1219871671315e-11,1.0677267378052e-10,7.3479344797071,0.038585611827586,5.3290705182008e-15,1
195.2,128,0,195.2,0.0021901329458307,4.5657246270714e-06,-5.1219871671315e-11,1.0677267378052e-10,7.3460051991157,0.038585611827586,5.3290705182008e-15,1
195.25,128,0,195.25,0.0021901336720622,4.5657231133306e-06,-5.1219871671315e-11,1.0677267378052e-10,7.3440759185244,0.038585611827586,5.3290705182008e-15,1
195.3,128,0,195.3,0.0021901343982938,4.5657215995898e-06,-5.1219871671315e-11,1.0677267378052e-10,7.342146637933,0.038585611827586,5.3290705182008e-15,1
195.35,128,0,195.35,0.0021901351245253,4.565720085849e-06,-5.1219871671315e-11,1.0677267378052e-10,7.3402173573416,0.038585611827586,5.3290705182008e-15,1
195.4,128,0,195.4,0.0021901358507569,4.5657185721082e-06,-5.1219871671315e-11,1.0677267378052e-10,7.3382880767502,0.038585611827586,5.3290705182008e-15,1
195.45,128,0,195.45,0.0021901365769884,4.5657170583674e-06,-5.1219871671315e-11,1.0677267378052e-10,7.3363587961588,0.038585611827586,5.3290705182008e-15,1
195.5,128,0,195.5,0.00219013730322,4.5657155446266e-06,-5.1219871671315e-11,1.0677267378052e-10,7.3344295155675,0.038585611827586,5.3290705182008e-15,1
195.55,128,0,195.55,0.0021901380294515,4.5657140308858e-06,-5.1219871671315e-11,1.0677267378052e-10,7.3325002349761,0.038585611827586,5.3290705182008e-15,1
195.6,128,0,195.6,0.0021901387556831,4.5657125171449e-06,-5.1219871671315e-11,1.0677267378052e-10,7.3305709543847,0.038585611827586,5.3290705182008e-15,1
195.65,128,0,195.65,0.0021901394819146,4.5657110034041e-06,-5.1219871671315e-11,1.0677267378052e-10,7.3286416737933,0.038585611827586,5.3290705182008e-15,1
195.7,128,0,195.7,0.0021901402081462,4.5657094896633e-06,-5.1219871671315e-11,1.0677267378052e-10,7.3267123932019,0.038585611827586,5.3290705182008e-15,1
195.75,128,0,195.75,0.0021901409343777,4.5657079759225e-06,-5.1219871671315e-11,1.0677267378052e-10,7.3247831126106,0.038585611827586,5.3290705182008e-15,1
195.8,128,0,195.8,0.0021901416606093,4.5657064621817e-06,-5.1219871671315e-11,1.0677267378052e-10,7.3228538320192,0.038585611827586,5.3290705182008e-15,1
195.85,128,0,195.85,0.0021901423868408,4.5657049484409e-06,-5.1219871671315e-11,1.0677267378052e-10,7.3209245514278,0.038585611827586,5.3290705182008e-15,1
195.9,128,0,195.9,0.0021901431130724,4.5657034347001e-06,-5.1219871671315e-11,1.0677267378052e-10,7.3189952708364,0.038585611827586,5.3290705182008e-15,1
195.95,128,0,195.95,0.0021901438393039,4.5657019209593e-06,-5.1219871671315e-11,1.0677267378052e-10,7.317065990245,0.038585611827586,5.3290705182008e-15,1
196,128,0,196,0.0021901445655355,4.5657004072185e-06,-5.1219871671315e-11,1.0677267378052e-10,7.3151367096537,0.038585611827586,5.3290705182008e-15,1
196.05,128,0,196.05,0.0021901434665244,4.5657026980623e-06,5.3364211008189e-11,-1.1124267937011e-10,7.3132074290623,0.038585611827549,-2.2204460492503e-15,1
196.1,128,0,196.1,0.0021901423675134,4.565704988906e-06,5.3364211008189e-11,-1.1124267937011e-10,7.3112781484709,0.038585611827549,-2.2204460492503e-15,1
196.15,128,0,196.15,0.0021901412685023,4.5657072797497e-06,5.3364211008189e-11,-1.1124267937011e-10,7.3093488678795,0.038585611827549,-2.2204460492503e-15,1
196.2,128,0,196.2,0.0021901401694912,4.5657095705935e-06,5.3364211008189e-11,-1.1124267937011e-10,7.3074195872882,0.038585611827549,-2.2204460492503e-15,1
196.25,128,0,196.25,0.0021901390704802,4.5657118614372e-06,5.3364211008189e-11,-1.1124267937011e-10,7.3054903066968,0.038585611827549,-2.2204460492503e-15,1
196.3,128,0,196.3,0.0021901379714691,4.565714152281e-06,5.3364211008189e-11,-1.1124267937011e-10,7.3035610261054,0.038585611827549,-2.2204460492503e-15,1
196.35,128,0,196.35,0.0021901368724581,4.5657164431247e-06,5.3364211008189e-11,-1.1124267937011e-10,7.301631745514,0.038585611827549,-2.2204460492503e-15,1
196.4,128,0,196.4,0.002190135773447,4.5657187339685e-06,5.3364211008189e-11,-1.1124267937011e-10,7.2997024649227,0.038585611827549,-2.2204460492503e-15,1
196.45,128,0,196.45,0.0021901346744359,4.5657210248122e-06,5.3364211008189e-11,-1.1124267937011e-10,7.2977731843313,0.038585611827549,-2.2204460492503e-15,1
196.5,128,0,196.5,0.0021901335754249,4.565723315656e-06,5.3364211008189e-11,-1.1124267937011e-10,7.2958439037399,0.038585611827549,-2.2204460492503e-15,1
196.55,128,0,196.55,0.0021901324764138,4.5657256064997e-06,5.3364211008189e-11,-1.1124267937011e-10,7.2939146231485,0.038585611827549,-2.2204460492503e-15,1
196.6,128,0,196.6,0.0021901313774027,4.5657278973435e-06,5.3364211008189e-11,-1.1124267937011e-10,7.2919853425571,0.038585611827549,-2.2204460492503e-15,1
196.65,128,0,196.65,0.0021901302783917,4.5657301881872e-06,5.3364211008189e-11,-1.1124267937011e-10,7.2900560619658,0.038585611827549,-2.2204460492503e-15,1
196.7,128,0,196.7,0.0021901291793806,4.5657324790309e-06,5.3364211008189e-11,-1.1124267937011e-10,7.2881267813744,0.038585611827549,-2.2204460492503e-15,1
196.75,128,0,196.75,0.0021901280803695,4.5657347698747e-06,5.3364211008189e-11,-1.1124267937011e-10,7.286197500783,0.038585611827549,-2.2204460492503e-15,1
196.8,128,0,196.8,0.0021901269813585,4.5657370607184e-06,5.3364211008189e-11,-1.1124267937011e-10,7.2842682201916,0.038585611827549,-2.2204460492503e-15,1
196.85,128,0,196.85,0.0021901258823474,4.5657393515622e-06,5.3364211008189e-11,-1.1124267937011e-10,7.2823389396003,0.038585611827549,-2.2204460492503e-15,1
196.9,128,0,196.9,0.0021901247833364,4.5657416424059e-06,5.3364211008189e-11,-1.1124267937011e-10,7.2804096590089,0.038585611827549,-2.2204460492503e-15,1
196.95,128,0,196.95,0.0021901236843253,4.5657439332497e-06,5.3364211008189e-11,-1.1124267937011e-10,7.2784803784175,0.038585611827549,-2.2204460492503e-15,1
197,128,0,197,0.0021901225853142,4.5657462240934e-06,5.3364211008189e-11,-1.1124267937011e-10,7.2765510978261,0.038585611827549,-2.2204460492503e-15,1
197.05,128,0,197.05,0.0021901238237196,4.5657436426355e-06,-5.2320086929407e-11,1.0906663842056e-10,7.2746218172348,0.038585611827577,5.5511151231258e-15,1
197.1,128,0,197.1,0.0021901250621249,4.5657410611777e-06,-5.2320086929407e-11,1.0906663842056e-10,7.2726925366434,0.038585611827577,5.5511151231258e-15,1
197.15,128,0,197.15,0.0021901263005303,4.5657384797198e-06,-5.2320086929407e-11,1.0906663842056e-10,7.270763256052,0.038585611827577,5.5511151231258e-15,1
197.2,128,0,197.2,0.0021901275389357,4.5657358982619e-06,-5.2320086929407e-11,1.0906663842056e-10,7.2688339754606,0.038585611827577,5.5511151231258e-15,1
197.25,128,0,197.25,0.002190128777341,4.565733316804e-06,-5.2320086929407e-11,1.0906663842056e-10,7.2669046948692,0.038585611827577,5.5511151231258e-15,1
197.3,128,0,197.3,0.0021901300157464,4.5657307353461e-06,-5.2320086929407e-11,1.0906663842056e-10,7.2649754142779,0.038585611827577,5.5511151231258e-15,1
197.35,128,0,197.35,0.0021901312541517,4.5657281538883e-06,-5.2320086929407e-11,1.0906663842056e-10,7.2630461336865,0.038585611827577,5.5511151231258e-15,1
197.4,128,0,197.4,0.0021901324925571,4.5657255724304e-06,-5.2320086929407e-11,1.0906663842056e-10,7.2611168530951,0.038585611827577,5.5511151231258e-15,1
197.45,128,0,197.45,0.0021901337309624,4.5657229909725e-06,-5.2320086929407e-11,1.0906663842056e-10,7.2591875725037,0.038585611827577,5.5511151231258e-15,1
197.5,128,0,197.5,0.0021901349693678,4.5657204095146e-06,-5.2320086929407e-11,1.0906663842056e-10,7.2572582919123,0.038585611827577,5.5511151231258e-15,1
197.55,128,0,197.55,0.0021901362077731,4.5657178280567e-06,-5.2320086929407e-11,1.0906663842056e-10,7.255329011321,0.038585611827577,5.5511151231258e-15,1
197.6,128,0,197.6,0.0021901374461785,4.5657152465989e-06,-5.2320086929407e-11,1.0906663842056e-10,7.2533997307296,0.038585611827577,5.5511151231258e-15,1
197.65,128,0,197.65,0.0021901386845839,4.565712665141e-06,-5.2320086929407e-11,1.0906663842056e-10,7.2514704501382,0.038585611827577,5.5511151231258e-15,1
197.7,128,0,197.7,0.0021901399229892,4.5657100836831e-06,-5.2320086929407e-11,1.0906663842056e-10,7.2495411695468,0.038585611827577,5.5511151231258e-15,1
197.75,128,0,197.75,0.0021901411613946,4.5657075022252e-06,-5.2320086929407e-11,1.0906663842056e-10,7.2476118889554,0.038585611827577,5.5511151231258e-15,1
197.8,128,0,197.8,0.0021901423997999,4.5657049207674e-06,-5.2320086929407e-11,1.0906663842056e-10,7.2456826083641,0.038585611827577,5.5511151231258e-15,1
197.85,128,0,197.85,0.0021901436382053,4.5657023393095e-06,-5.2320086929407e-11,1.0906663842056e-10,7.2437533277727,0.038585611827577,5.5511151231258e-15,1
197.9,128,0,197.9,0.0021901448766106,4.5656997578516e-06,-5.2320086929407e-11,1.0906663842056e-10,7.2418240471813,0.038585611827577,5.5511151231258e-15,1
197.95,128,0,197.95,0.002190146115016,4.5656971763937e-06,-5.2320086929407e-11,1.0906663842056e-10,7.2398947665899,0.038585611827577,5.5511151231258e-15,1
198,128,0,198,0.0021901473534214,4.5656945949358e-06,-5.2320086929407e-11,1.0906663842056e-10,7.2379654859985,0.038585611827577,5.5511151231258e-15,1
198.05,128,0,198.05,0.0021901464589073,4.56569645953e-06,4.6265604142161e-11,-9.6445539145288e-11,7.2360362054072,0.038585611827556,6.2172489379009e-15,1
198.1,128,0,198.1,0.0021901455643932,4.5656983241243e-06,4.6265604142161e-11,-9.6445539145288e-11,7.2341069248158,0.038585611827556,6.2172489379009e-15,1
198.15,128,0,198.15,0.0021901446698791,4.5657001887185e-06,4.6265604142161e-11,-9.6445539145288e-11,7.2321776442244,0.038585611827556,6.2172489379009e-15,1
198.2,128,0,198.2,0.0021901437753651,4.5657020533127e-06,4.6265604142161e-11,-9.6445539145288e-11,7.230248363633,0.038585611827556,6.2172489379009e-15,1
198.25,128,0,198.25,0.002190142880851,4.5657039179069e-06,4.6265604142161e-11,-9.6445539145288e-11,7.2283190830417,0.038585611827556,6.2172489379009e-15,1
198.3,128,0,198.3,0.0021901419863369,4.5657057825011e-06,4.6265604142161e-11,-9.6445539145288e-11,7.2263898024503,0.038585611827556,6.2172489379009e-15,1
198.35,128,0,198.35,0.0021901410918229,4.5657076470953e-06,4.6265604142161e-11,-9.6445539145288e-11,7.2244605218589,0.038585611827556,6.2172489379009e-15,1
198.4,128,0,198.4,0.0021901401973088,4.5657095116895e-06,4.6265604142161e-11,-9.6445539145288e-11,7.2225312412675,0.038585611827556,6.2172489379009e-15,1
198.45,128,0,198.45,0.0021901393027947,4.5657113762837e-06,4.6265604142161e-11,-9.6445539145288e-11,7.2206019606761,0.038585611827556,6.2172489379009e-15,1
198.5,128,0,198.5,0.0021901384082807,4.5657132408779e-06,4.6265604142161e-11,-9.6445539145288e-11,7.2186726800848,0.038585611827556,6.2172489379009e-15,1
198.55,128,0,198.55,0.0021901375137666,4.5657151054721e-06,4.6265604142161e-11,-9.6445539145288e-11,7.2167433994934,0.038585611827556,6.2172489379009e-15,1
198.6,128,0,198.6,0.0021901366192525,4.5657169700664e-06,4.6265604142161e-11,-9.6445539145288e-11,7.214814118902,0.038585611827556,6.2172489379009e-15,1
198.65,128,0,198.65,0.0021901357247385,4.5657188346606e-06,4.6265604142161e-11,-9.6445539145288e-11,7.2128848383106,0.038585611827556,6.2172489379009e-15,1
198.7,128,0,198.7,0.0021901348302244,4.5657206992548e-06,4.6265604142161e-11,-9.6445539145288e-11,7.2109555577193,0.038585611827556,6.2172489379009e-15,1
198.75,128,0,198.75,0.0021901339357103,4.565722563849e-06,4.6265604142161e-11,-9.6445539145288e-11,7.2090262771279,0.038585611827556,6.2172489379009e-15,1
198.8,128,0,198.8,0.0021901330411962,4.5657244284432e-06,4.6265604142161e-11,-9.6445539145288e-11,7.2070969965365,0.038585611827556,6.2172489379009e-15,1
198.85,128,0,198.85,0.0021901321466822,4.5657262930374e-06,4.6265604142161e-11,-9.6445539145288e-11,7.2051677159451,0.038585611827556,6.2172489379009e-15,1
198.9,128,0,198.9,0.0021901312521681,4.5657281576316e-06,4.6265604142161e-11,-9.6445539145288e-11,7.2032384353538,0.038585611827556,6.2172489379009e-15,1
198.95,128,0,198.95,0.002190130357654,4.5657300222258e-06,4.6265604142161e-11,-9.6445539145288e-11,7.2013091547624,0.038585611827556,6.2172489379009e-15,1
199,128,0,199,0.00219012946314,4.56573188682e-06,4.6265604142161e-11,-9.6445539145288e-11,7.199379874171,0.038585611827556,6.2172489379009e-15,1
199.05,128,0,199.05,0.0021901300223497,4.5657307211921e-06,-4.315073177179e-11,8.995240753146e-11,7.1974505935796,0.038585611827565,-1.2212453270877e-14,1
199.1,128,0,199.1,0.0021901305815594,4.5657295555642e-06,-4.315073177179e-11,8.995240753146e-11,7.1955213129882,0.038585611827565,-1.2212453270877e-14,1
199.15,128,0,199.15,0.0021901311407691,4.5657283899362e-06,-4.315073177179e-11,8.995240753146e-11,7.1935920323969,0.038585611827565,-1.2212453270877e-14,1
199.2,128,0,199.2,0.0021901316999788,4.5657272243083e-06,-4.315073177179e-11,8.995240753146e-11,7.1916627518055,0.038585611827565,-1.2212453270877e-14,1
199.25,128,0,199.25,0.0021901322591886,4.5657260586804e-06,-4.315073177179e-11,8.995240753146e-11,7.1897334712141,0.038585611827565,-1.2212453270877e-14,1
199.3,128,0,199.3,0.0021901328183983,4.5657248930525e-06,-4.315073177179e-11,8.995240753146e-11,7.1878041906227,0.038585611827565,-1.2212453270877e-14,1
199.35,128,0,199.35,0.002190133377608,4.5657237274245e-06,-4.315073177179e-11,8.995240753146e-11,7.1858749100314,0.038585611827565,-1.2212453270877e-14,1
199.4,128,0,199.4,0.0021901339368177,4.5657225617966e-06,-4.315073177179e-11,8.995240753146e-11,7.18394562944,0.038585611827565,-1.2212453270877e-14,1
199.45,128,0,199.45,0.0021901344960275,4.5657213961687e-06,-4.315073177179e-11,8.995240753146e-11,7.1820163488486,0.038585611827565,-1.2212453270877e-14,1
199.5,128,0,199.5,0.0021901350552372,4.5657202305407e-06,-4.315073177179e-11,8.995240753146e-11,7.1800870682572,0.038585611827565,-1.2212453270877e-14,1
199.55,128,0,199.55,0.0021901356144469,4.5657190649128e-06,-4.315073177179e-11,8.995240753146e-11,7.1781577876658,0.038585611827565,-1.2212453270877e-14,1
199.6,128,0,199.6,0.0021901361736566,4.5657178992849e-06,-4.315073177179e-11,8.995240753146e-11,7.1762285070745,0.038585611827565,-1.2212453270877e-14,1
199.65,128,0,199.65,0.0021901367328663,4.565716733657e-06,-4.315073177179e-11,8.995240753146e-11,7.1742992264831,0.038585611827565,-1.2212453270877e-14,1
199.7,128,0,199.7,0.0021901372920761,4.565715568029e-06,-4.315073177179e-11,8.995240753146e-11,7.1723699458917,0.038585611827565,-1.2212453270877e-14,1
199.75,128,0,199.75,0.0021901378512858,4.5657144024011e-06,-4.315073177179e-11,8.995240753146e-11,7.1704406653003,0.038585611827565,-1.2212453270877e-14,1
199.8,128,0,199.8,0.0021901384104955,4.5657132367732e-06,-4.315073177179e-11,8.995240753146e-11,7.1685113847089,0.038585611827565,-1.2212453270877e-14,1
199.85,128,0,199.85,0.0021901389697052,4.5657120711452e-06,-4.315073177179e-11,8.995240753146e-11,7.1665821041176,0.038585611827565,-1.2212453270877e-14,1
199.9,128,0,199.9,0.0021901395289149,4.5657109055173e-06,-4.315073177179e-11,8.995240753146e-11,7.1646528235262,0.038585611827565,-1.2212453270877e-14,1
199.95,128,0,199.95,0.0021901400881247,4.5657097398894e-06,-4.315073177179e-11,8.995240753146e-11,7.1627235429348,0.038585611827565,-1.2212453270877e-14,1
200,128,0,200,0.0021901406473344,4.5657085742615e-06,-4.315073177179e-11,8.995240753146e-11,7.1607942623434,0.038585611827565,-1.2212453270877e-14,1
200.05,128,0,200.05,0.0021901401475504,4.5657096159085e-06,1.6784991205374e-11,-3.498991516571e-11,7.1588649817521,0.038585611827567,-2.8199664825479e-14,1
200.1,128,0,200.1,0.0021901396477664,4.5657106575556e-06,1.6784991205374e-11,-3.498991516571e-11,7.1569357011607,0.038585611827567,-2.8199664825479e-14,1
200.15,128,0,200.15,0.0021901391479824,4.5657116992027e-06,1.6784991205374e-11,-3.498991516571e-11,7.1550064205693,0.038585611827567,-2.8199664825479e-14,1
200.2,128,0,200.2,0.0021901386481984,4.5657127408498e-06,1.6784991205374e-11,-3.498991516571e-11,7.1530771399779,0.038585611827567,-2.8199664825479e-14,1
200.25,128,0,200.25,0.0021901381484143,4.5657137824968e-06,1.6784991205374e-11,-3.498991516571e-11,7.1511478593865,0.038585611827567,-2.8199664825479e-14,1
200.3,128,0,200.3,0.0021901376486303,4.5657148241439e-06,1.6784991205374e-11,-3.498991516571e-11,7.1492185787952,0.038585611827567,-2.8199664825479e-14,1
200.35,128,0,200.35,0.0021901371488463,4.565715865791e-06,1.6784991205374e-11,-3.498991516571e-11,7.1472892982038,0.038585611827567,-2.8199664825479e-14,1
200.4,128,0,200.4,0.0021901366490623,4.5657169074381e-06,1.6784991205374e-11,-3.498991516571e-11,7.1453600176124,0.038585611827567,-2.8199664825479e-14,1
200.45,128,0,200.45,0.0021901361492783,4.5657179490852e-06,1.6784991205374e-11,-3.498991516571e-11,7.143430737021,0.038585611827567,-2.8199664825479e-14,1
200.5,128,0,200.5,0.0021901356494943,4.5657189907322e-06,1.6784991205374e-11,-3.498991516571e-11,7.1415014564297,0.038585611827567,-2.8199664825479e-14,1
200.55,128,0,200.55,0.0021901351497103,4.5657200323793e-06,1.6784991205374e-11,-3.498991516571e-11,7.1395721758383,0.038585611827567,-2.8199664825479e-14,1
200.6,128,0,200.6,0.0021901346499263,4.5657210740264e-06,1.6784991205374e-11,-3.498991516571e-11,7.1376428952469,0.038585611827567,-2.8199664825479e-14,1
200.65,128,0,200.65,0.0021901341501423,4.5657221156735e-06,1.6784991205374e-11,-3.498991516571e-11,7.1357136146555,0.038585611827567,-2.8199664825479e-14,1
200.7,128,0,200.7,0.0021901336503583,4.5657231573205e-06,1.6784991205374e-11,-3.498991516571e-11,7.1337843340641,0.038585611827567,-2.8199664825479e-14,1
200.75,128,0,200.75,0.0021901331505743,4.5657241989676e-06,1.6784991205374e-11,-3.498991516571e-11,7.1318550534728,0.038585611827567,-2.8199664825479e-14,1
200.8,128,0,200.8,0.0021901326507903,4.5657252406147e-06,1.6784991205374e-11,-3.498991516571e-11,7.1299257728814,0.038585611827567,-2.8199664825479e-14,1
200.85,128,0,200.85,0.0021901321510062,4.5657262822618e-06,1.6784991205374e-11,-3.498991516571e-11,7.12799649229,0.038585611827567,-2.8199664825479e-14,1
200.9,128,0,200.9,0.0021901316512222,4.5657273239088e-06,1.6784991205374e-11,-3.498991516571e-11,7.1260672116986,0.038585611827567,-2.8199664825479e-14,1
200.95,128,0,200.95,0.0021901311514382,4.5657283655559e-06,1.6784991205374e-11,-3.498991516571e-11,7.1241379311073,0.038585611827567,-2.8199664825479e-14,1
201,128,0,201,0.0021901306516542,4.565729407203e-06,1.6784991205374e-11,-3.498991516571e-11,7.1222086505159,0.038585611827567,-2.8199664825479e-14,1
201.05,128,0,201.05,0.0021901274945038,4.5657359887761e-06,-3.7718110378982e-11,7.8624372460685e-11,7.1202793699245,0.038585611827558,-2.2981616609741e-14,1
201.1,128,0,201.1,0.0021901243373534,4.5657425703491e-06,-3.7718110378982e-11,7.8624372460685e-11,7.1183500893331,0.038585611827558,-2.2981616609741e-14,1
201.15,128,0,201.15,0.002190121180203,4.5657491519222e-06,-3.7718110378982e-11,7.8624372460685e-11,7.1164208087417,0.038585611827558,-2.2981616609741e-14,1
201.2,128,0,201.2,0.0021901180230527,4.5657557334952e-06,-3.7718110378982e-11,7.8624372460685e-11,7.1144915281504,0.038585611827558,-2.2981616609741e-14,1
201.25,128,0,201.25,0.0021901148659023,4.5657623150683e-06,-3.7718110378982e-11,7.8624372460685e-11,7.112562247559,0.038585611827558,-2.2981616609741e-14,1
201.3,128,0,201.3,0.0021901117087519,4.5657688966413e-06,-3.7718110378982e-11,7.8624372460685e-11,7.1106329669676,0.038585611827558,-2.2981616609741e-14,1
201.35,128,0,201.35,0.0021901085516015,4.5657754782144e-06,-3.7718110378982e-11,7.8624372460685e-11,7.1087036863762,0.038585611827558,-2.2981616609741e-14,1
201.4,128,0,201.4,0.0021901053944511,4.5657820597875e-06,-3.7718110378982e-11,7.8624372460685e-11,7.1067744057849,0.038585611827558,-2.2981616609741e-14,1
201.45,128,0,201.45,0.0021901022373007,4.5657886413605e-06,-3.7718110378982e-11,7.8624372460685e-11,7.1048451251935,0.038585611827558,-2.2981616609741e-14,1
201.5,128,0,201.5,0.0021900990801503,4.5657952229336e-06,-3.7718110378982e-11,7.8624372460685e-11,7.1029158446021,0.038585611827558,-2.2981616609741e-14,1
201.55,128,0,201.55,0.0021900959229999,4.5658018045066e-06,-3.7718110378982e-11,7.8624372460685e-11,7.1009865640107,0.038585611827558,-2.2981616609741e-14,1
201.6,128,0,201.6,0.0021900927658495,4.5658083860797e-06,-3.7718110378982e-11,7.8624372460685e-11,7.0990572834193,0.038585611827558,-2.2981616609741e-14,1
201.65,128,0,201.65,0.0021900896086992,4.5658149676527e-06,-3.7718110378982e-11,7.8624372460685e-11,7.097128002828,0.038585611827558,-2.2981616609741e-14,1
201.7,128,0,201.7,0.0021900864515488,4.5658215492258e-06,-3.7718110378982e-11,7.8624372460685e-11,7.0951987222366,0.038585611827558,-2.2981616609741e-14,1
201.75,128,0,201.75,0.0021900832943984,4.5658281307988e-06,-3.7718110378982e-11,7.8624372460685e-11,7.0932694416452,0.038585611827558,-2.2981616609741e-14,1
201.8,128,0,201.8,0.002190080137248,4.5658347123719e-06,-3.7718110378982e-11,7.8624372460685e-11,7.0913401610538,0.038585611827558,-2.2981616609741e-14,1
201.85,128,0,201.85,0.0021900769800976,4.565841293945e-06,-3.7718110378982e-11,7.8624372460685e-11,7.0894108804624,0.038585611827558,-2.2981616609741e-14,1
201.9,128,0,201.9,0.0021900738229472,4.565847875518e-06,-3.7718110378982e-11,7.8624372460685e-11,7.0874815998711,0.038585611827558,-2.2981616609741e-14,1
201.95,128,0,201.95,0.0021900706657968,4.5658544570911e-06,-3.7718110378982e-11,7.8624372460685e-11,7.0855523192797,0.038585611827558,-2.2981616609741e-14,1
202,128,0,202,0.0021900675086464,4.5658610386641e-06,-3.7718110378982e-11,7.8624372460685e-11,7.0836230386883,0.038585611827558,-2.2981616609741e-14,1
202.05,128,0,202.05,0.0021900725056108,4.5658506217934e-06,3.4941186437428e-11,-7.2835628860594e-11,7.0816937580969,0.038585611827551,-9.1038288019263e-15,1
202.1,128,0,202.1,0.0021900775025753,4.5658402049227e-06,3.4941186437428e-11,-7.2835628860594e-11,7.0797644775055,0.038585611827551,-9.1038288019263e-15,1
202.15,128,0,202.15,0.0021900824995397,4.565829788052e-06,3.4941186437428e-11,-7.2835628860594e-11,7.0778351969142,0.038585611827551,-9.1038288019263e-15,1
202.2,128,0,202.2,0.0021900874965041,4.5658193711813e-06,3.4941186437428e-11,-7.2835628860594e-11,7.0759059163228,0.038585611827551,-9.1038288019263e-15,1
202.25,128,0,202.25,0.0021900924934685,4.5658089543106e-06,3.4941186437428e-11,-7.2835628860594e-11,7.0739766357314,0.038585611827551,-9.1038288019263e-15,1
202.3,128,0,202.3,0.0021900974904329,4.5657985374398e-06,3.4941186437428e-11,-7.2835628860594e-11,7.07204735514,0.038585611827551,-9.1038288019263e-15,1
202.35,128,0,202.35,0.0021901024873973,4.5657881205691e-06,3.4941186437428e-11,-7.2835628860594e-11,7.0701180745487,0.038585611827551,-9.1038288019263e-15,1
202.4,128,0,202.4,0.0021901074843617,4.5657777036984e-06,3.4941186437428e-11,-7.2835628860594e-11,7.0681887939573,0.038585611827551,-9.1038288019263e-15,1
202.45,128,0,202.45,0.0021901124813262,4.5657672868277e-06,3.4941186437428e-11,-7.2835628860594e-11,7.0662595133659,0.038585611827551,-9.1038288019263e-15,1
202.5,128,0,202.5,0.0021901174782906,4.565756869957e-06,3.4941186437428e-11,-7.2835628860594e-11,7.0643302327745,0.038585611827551,-9.1038288019263e-15,1
202.55,128,0,202.55,0.002190122475255,4.5657464530863e-06,3.4941186437428e-11,-7.2835628860594e-11,7.0624009521832,0.038585611827551,-9.1038288019263e-15,1
202.6,128,0,202.6,0.0021901274722194,4.5657360362156e-06,3.4941186437428e-11,-7.2835628860594e-11,7.0604716715918,0.038585611827551,-9.1038288019263e-15,1
202.65,128,0,202.65,0.0021901324691838,4.5657256193448e-06,3.4941186437428e-11,-7.2835628860594e-11,7.0585423910004,0.038585611827551,-9.1038288019263e-15,1
202.7,128,0,202.7,0.0021901374661482,4.5657152024741e-06,3.4941186437428e-11,-7.2835628860594e-11,7.056613110409,0.038585611827551,-9.1038288019263e-15,1
202.75,128,0,202.75,0.0021901424631126,4.5657047856034e-06,3.4941186437428e-11,-7.2835628860594e-11,7.0546838298176,0.038585611827551,-9.1038288019263e-15,1
202.8,128,0,202.8,0.002190147460077,4.5656943687327e-06,3.4941186437428e-11,-7.2835628860594e-11,7.0527545492263,0.038585611827551,-9.1038288019263e-15,1
202.85,128,0,202.85,0.0021901524570415,4.565683951862e-06,3.4941186437428e-11,-7.2835628860594e-11,7.0508252686349,0.038585611827551,-9.1038288019263e-15,1
202.9,128,0,202.9,0.0021901574540059,4.5656735349913e-06,3.4941186437428e-11,-7.2835628860594e-11,7.0488959880435,0.038585611827551,-9.1038288019263e-15,1
202.95,128,0,202.95,0.0021901624509703,4.5656631181206e-06,3.4941186437428e-11,-7.2835628860594e-11,7.0469667074521,0.038585611827551,-9.1038288019263e-15,1
203,128,0,203,0.0021901674479347,4.5656527012498e-06,3.4941186437428e-11,-7.2835628860594e-11,7.0450374268608,0.038585611827551,-9.1038288019263e-15,1
203.05,128,0,203.05,0.0021901633470522,4.565661250107e-06,-7.4365811232244e-12,1.550182043125e-11,7.0431081462694,0.038585611827558,-1.1102230246252e-14,1
203.1,128,0,203.1,0.0021901592461698,4.5656697989642e-06,-7.4365811232244e-12,1.550182043125e-11,7.041178865678,0.038585611827558,-1.1102230246252e-14,1
203.15,128,0,203.15,0.0021901551452873,4.5656783478213e-06,-7.4365811232244e-12,1.550182043125e-11,7.0392495850866,0.038585611827558,-1.1102230246252e-14,1
203.2,128,0,203.2,0.0021901510444048,4.5656868966785e-06,-7.4365811232244e-12,1.550182043125e-11,7.0373203044952,0.038585611827558,-1.1102230246252e-14,1
203.25,128,0,203.25,0.0021901469435223,4.5656954455356e-06,-7.4365811232244e-12,1.550182043125e-11,7.0353910239039,0.038585611827558,-1.1102230246252e-14,1
203.3,128,0,203.3,0.0021901428426399,4.5657039943928e-06,-7.4365811232244e-12,1.550182043125e-11,7.0334617433125,0.038585611827558,-1.1102230246252e-14,1
203.35,128,0,203.35,0.0021901387417574,4.56571254325e-06,-7.4365811232244e-12,1.550182043125e-11,7.0315324627211,0.038585611827558,-1.1102230246252e-14,1
203.4,128,0,203.4,0.0021901346408749,4.5657210921071e-06,-7.4365811232244e-12,1.550182043125e-11,7.0296031821297,0.038585611827558,-1.1102230246252e-14,1
203.45,128,0,203.45,0.0021901305399925,4.5657296409643e-06,-7.4365811232244e-12,1.550182043125e-11,7.0276739015384,0.038585611827558,-1.1102230246252e-14,1
203.5,128,0,203.5,0.00219012643911,4.5657381898214e-06,-7.4365811232244e-12,1.550182043125e-11,7.025744620947,0.038585611827558,-1.1102230246252e-14,1
203.55,128,0,203.55,0.0021901223382275,4.5657467386786e-06,-7.4365811232244e-12,1.550182043125e-11,7.0238153403556,0.038585611827558,-1.1102230246252e-14,1
203.6,128,0,203.6,0.002190118237345,4.5657552875358e-06,-7.4365811232244e-12,1.550182043125e-11,7.0218860597642,0.038585611827558,-1.1102230246252e-14,1
203.65,128,0,203.65,0.0021901141364626,4.5657638363929e-06,-7.4365811232244e-12,1.550182043125e-11,7.0199567791728,0.038585611827558,-1.1102230246252e-14,1
203.7,128,0,203.7,0.0021901100355801,4.5657723852501e-06,-7.4365811232244e-12,1.550182043125e-11,7.0180274985815,0.038585611827558,-1.1102230246252e-14,1
203.75,128,0,203.75,0.0021901059346976,4.5657809341072e-06,-7.4365811232244e-12,1.550182043125e-11,7.0160982179901,0.038585611827558,-1.1102230246252e-14,1
203.8,128,0,203.8,0.0021901018338152,4.5657894829644e-06,-7.4365811232244e-12,1.550182043125e-11,7.0141689373987,0.038585611827558,-1.1102230246252e-14,1
203.85,128,0,203.85,0.0021900977329327,4.5657980318215e-06,-7.4365811232244e-12,1.550182043125e-11,7.0122396568073,0.038585611827558,-1.1102230246252e-14,1
203.9,128,0,203.9,0.0021900936320502,4.5658065806787e-06,-7.4365811232244e-12,1.550182043125e-11,7.010310376216,0.038585611827558,-1.1102230246252e-14,1
203.95,128,0,203.95,0.0021900895311677,4.5658151295359e-06,-7.4365811232244e-12,1.550182043125e-11,7.0083810956246,0.038585611827558,-1.1102230246252e-14,1
204,128,0,204,0.0021900854302853,4.565823678393e-06,-7.4365811232244e-12,1.550182043125e-11,7.0064518150332,0.038585611827558,-1.1102230246252e-14,1
204.05,128,0,204.05,0.0021900877532926,4.5658188357592e-06,-9.3743169917425e-12,1.9541449482532e-11,7.0045225344418,0.038585611827541,-4.7739590058882e-15,1
204.1,128,0,204.1,0.0021900900762999,4.5658139931254e-06,-9.3743169917425e-12,1.9541449482532e-11,7.0025932538504,0.038585611827541,-4.7739590058882e-15,1
204.15,128,0,204.15,0.0021900923993073,4.5658091504916e-06,-9.3743169917425e-12,1.9541449482532e-11,7.0006639732591,0.038585611827541,-4.7739590058882e-15,1
204.2,128,0,204.2,0.0021900947223146,4.5658043078578e-06,-9.3743169917425e-12,1.9541449482532e-11,6.9987346926677,0.038585611827541,-4.7739590058882e-15,1
204.25,128,0,204.25,0.002190097045322,4.5657994652239e-06,-9.3743169917425e-12,1.9541449482532e-11,6.9968054120763,0.038585611827541,-4.7739590058882e-15,1
204.3,128,0,204.3,0.0021900993683293,4.5657946225901e-06,-9.3743169917425e-12,1.9541449482532e-11,6.9948761314849,0.038585611827541,-4.7739590058882e-15,1
204.35,128,0,204.35,0.0021901016913366,4.5657897799563e-06,-9.3743169917425e-12,1.9541449482532e-11,6.9929468508936,0.038585611827541,-4.7739590058882e-15,1
204.4,128,0,204.4,0.002190104014344,4.5657849373225e-06,-9.3743169917425e-12,1.9541449482532e-11,6.9910175703022,0.038585611827541,-4.7739590058882e-15,1
204.45,128,0,204.45,0.0021901063373513,4.5657800946887e-06,-9.3743169917425e-12,1.9541449482532e-11,6.9890882897108,0.038585611827541,-4.7739590058882e-15,1
204.5,128,0,204.5,0.0021901086603587,4.5657752520549e-06,-9.3743169917425e-12,1.9541449482532e-11,6.9871590091194,0.038585611827541,-4.7739590058882e-15,1
204.55,128,0,204.55,0.002190110983366,4.5657704094211e-06,-9.3743169917425e-12,1.9541449482532e-11,6.985229728528,0.038585611827541,-4.7739590058882e-15,1
204.6,128,0,204.6,0.0021901133063733,4.5657655667872e-06,-9.3743169917425e-12,1.9541449482532e-11,6.9833004479367,0.038585611827541,-4.7739590058882e-15,1
204.65,128,0,204.65,0.0021901156293807,4.5657607241534e-06,-9.3743169917425e-12,1.9541449482532e-11,6.9813711673453,0.038585611827541,-4.7739590058882e-15,1
204.7,128,0,204.7,0.002190117952388,4.5657558815196e-06,-9.3743169917425e-12,1.9541449482532e-11,6.9794418867539,0.038585611827541,-4.7739590058882e-15,1
204.75,128,0,204.75,0.0021901202753954,4.5657510388858e-06,-9.3743169917425e-12,1.9541449482532e-11,6.9775126061625,0.038585611827541,-4.7739590058882e-15,1
204.8,128,0,204.8,0.0021901225984027,4.565746196252e-06,-9.3743169917425e-12,1.9541449482532e-11,6.9755833255712,0.038585611827541,-4.7739590058882e-15,1
204.85,128,0,204.85,0.00219012492141,4.5657413536182e-06,-9.3743169917425e-12,1.9541449482532e-11,6.9736540449798,0.038585611827541,-4.7739590058882e-15,1
204.9,128,0,204.9,0.0021901272444174,4.5657365109843e-06,-9.3743169917425e-12,1.9541449482532e-11,6.9717247643884,0.038585611827541,-4.7739590058882e-15,1
204.95,128,0,204.95,0.0021901295674247,4.5657316683505e-06,-9.3743169917425e-12,1.9541449482532e-11,6.969795483797,0.038585611827541,-4.7739590058882e-15,1
205,128,0,205,0.002190131890432,4.5657268257167e-06,-9.3743169917425e-12,1.9541449482532e-11,6.9678662032057,0.038585611827541,-4.7739590058882e-15,1
205.05,128,0,205.05,0.0021901306568676,4.5657293972434e-06,1.92619389317e-11,-4.01530469906e-11,6.9659369226143,0.038585611827584,-9.2148511043888e-15,1
205.1,128,0,205.1,0.0021901294233031,4.56573196877e-06,1.92619389317e-11,-4.01530469906e-11,6.9640076420229,0.038585611827584,-9.2148511043888e-15,1
205.15,128,0,205.15,0.0021901281897387,4.5657345402967e-06,1.92619389317e-11,-4.01530469906e-11,6.9620783614315,0.038585611827584,-9.2148511043888e-15,1
205.2,128,0,205.2,0.0021901269561742,4.5657371118234e-06,1.92619389317e-11,-4.01530469906e-11,6.9601490808401,0.038585611827584,-9.2148511043888e-15,1
205.25,128,0,205.25,0.0021901257226098,4.56573968335e-06,1.92619389317e-11,-4.01530469906e-11,6.9582198002488,0.038585611827584,-9.2148511043888e-15,1
205.3,128,0,205.3,0.0021901244890453,4.5657422548767e-06,1.92619389317e-11,-4.01530469906e-11,6.9562905196574,0.038585611827584,-9.2148511043888e-15,1
205.35,128,0,205.35,0.0021901232554809,4.5657448264033e-06,1.92619389317e-11,-4.01530469906e-11,6.954361239066,0.038585611827584,-9.2148511043888e-15,1
205.4,128,0,205.4,0.0021901220219164,4.56574739793e-06,1.92619389317e-11,-4.01530469906e-11,6.9524319584746,0.038585611827584,-9.2148511043888e-15,1
205.45,128,0,205.45,0.002190120788352,4.5657499694567e-06,1.92619389317e-11,-4.01530469906e-11,6.9505026778832,0.038585611827584,-9.2148511043888e-15,1
205.5,128,0,205.5,0.0021901195547875,4.5657525409833e-06,1.92619389317e-11,-4.01530469906e-11,6.9485733972919,0.038585611827584,-9.2148511043888e-15,1
205.55,128,0,205.55,0.0021901183212231,4.56575511251e-06,1.92619389317e-11,-4.01530469906e-11,6.9466441167005,0.038585611827584,-9.2148511043888e-15,1
205.6,128,0,205.6,0.0021901170876586,4.5657576840367e-06,1.92619389317e-11,-4.01530469906e-11,6.9447148361091,0.038585611827584,-9.2148511043888e-15,1
205.65,128,0,205.65,0.0021901158540942,4.5657602555633e-06,1.92619389317e-11,-4.01530469906e-11,6.9427855555177,0.038585611827584,-9.2148511043888e-15,1
205.7,128,0,205.7,0.0021901146205297,4.56576282709e-06,1.92619389317e-11,-4.01530469906e-11,6.9408562749264,0.038585611827584,-9.2148511043888e-15,1
205.75,128,0,205.75,0.0021901133869653,4.5657653986166e-06,1.92619389317e-11,-4.01530469906e-11,6.938926994335,0.038585611827584,-9.2148511043888e-15,1
205.8,128,0,205.8,0.0021901121534008,4.5657679701433e-06,1.92619389317e-11,-4.01530469906e-11,6.9369977137436,0.038585611827584,-9.2148511043888e-15,1
205.85,128,0,205.85,0.0021901109198364,4.56577054167e-06,1.92619389317e-11,-4.01530469906e-11,6.9350684331522,0.038585611827584,-9.2148511043888e-15,1
205.9,128,0,205.9,0.0021901096862719,4.5657731131966e-06,1.92619389317e-11,-4.01530469906e-11,6.9331391525608,0.038585611827584,-9.2148511043888e-15,1
205.95,128,0,205.95,0.0021901084527074,4.5657756847233e-06,1.92619389317e-11,-4.01530469906e-11,6.9312098719695,0.038585611827584,-9.2148511043888e-15,1
206,128,0,206,0.002190107219143,4.56577825625e-06,1.92619389317e-11,-4.01530469906e-11,6.9292805913781,0.038585611827584,-9.2148511043888e-15,1
206.05,128,0,206.05,0.0021901084445636,4.5657757017398e-06,-2.7248268554252e-11,5.6801145106595e-11,6.9273513107867,0.038585611827557,3.3306690738755e-16,1
206.1,128,0,206.1,0.0021901096699841,4.5657731472297e-06,-2.7248268554252e-11,5.6801145106595e-11,6.9254220301953,0.038585611827557,3.3306690738755e-16,1
206.15,128,0,206.15,0.0021901108954047,4.5657705927196e-06,-2.7248268554252e-11,5.6801145106595e-11,6.9234927496039,0.038585611827557,3.3306690738755e-16,1
206.2,128,0,206.2,0.0021901121208252,4.5657680382095e-06,-2.7248268554252e-11,5.6801145106595e-11,6.9215634690126,0.038585611827557,3.3306690738755e-16,1
206.25,128,0,206.25,0.0021901133462458,4.5657654836994e-06,-2.7248268554252e-11,5.6801145106595e-11,6.9196341884212,0.038585611827557,3.3306690738755e-16,1
206.3,128,0,206.3,0.0021901145716664,4.5657629291892e-06,-2.7248268554252e-11,5.6801145106595e-11,6.9177049078298,0.038585611827557,3.3306690738755e-16,1
206.35,128,0,206.35,0.0021901157970869,4.5657603746791e-06,-2.7248268554252e-11,5.6801145106595e-11,6.9157756272384,0.038585611827557,3.3306690738755e-16,1
206.4,128,0,206.4,0.0021901170225075,4.565757820169e-06,-2.7248268554252e-11,5.6801145106595e-11,6.913846346647,0.038585611827557,3.3306690738755e-16,1
206.45,128,0,206.45,0.0021901182479281,4.5657552656589e-06,-2.7248268554252e-11,5.6801145106595e-11,6.9119170660557,0.038585611827557,3.3306690738755e-16,1
206.5,128,0,206.5,0.0021901194733486,4.5657527111488e-06,-2.7248268554252e-11,5.6801145106595e-11,6.9099877854643,0.038585611827557,3.3306690738755e-16,1
206.55,128,0,206.55,0.0021901206987692,4.5657501566387e-06,-2.7248268554252e-11,5.6801145106595e-11,6.9080585048729,0.038585611827557,3.3306690738755e-16,1
206.6,128,0,206.6,0.0021901219241897,4.5657476021285e-06,-2.7248268554252e-11,5.6801145106595e-11,6.9061292242815,0.038585611827557,3.3306690738755e-16,1
206.65,128,0,206.65,0.0021901231496103,4.5657450476184e-06,-2.7248268554252e-11,5.6801145106595e-11,6.9041999436902,0.038585611827557,3.3306690738755e-16,1
206.7,128,0,206.7,0.0021901243750309,4.5657424931083e-06,-2.7248268554252e-11,5.6801145106595e-11,6.9022706630988,0.038585611827557,3.3306690738755e-16,1
206.75,128,0,206.75,0.0021901256004514,4.5657399385982e-06,-2.7248268554252e-11,5.6801145106595e-11,6.9003413825074,0.038585611827557,3.3306690738755e-16,1
206.8,128,0,206.8,0.002190126825872,4.5657373840881e-06,-2.7248268554252e-11,5.6801145106595e-11,6.898412101916,0.038585611827557,3.3306690738755e-16,1
206.85,128,0,206.85,0.0021901280512925,4.5657348295779e-06,-2.7248268554252e-11,5.6801145106595e-11,6.8964828213246,0.038585611827557,3.3306690738755e-16,1
206.9,128,0,206.9,0.0021901292767131,4.5657322750678e-06,-2.7248268554252e-11,5.6801145106595e-11,6.8945535407333,0.038585611827557,3.3306690738755e-16,1
206.95,128,0,206.95,0.0021901305021337,4.5657297205577e-06,-2.7248268554252e-11,5.6801145106595e-11,6.8926242601419,0.038585611827557,3.3306690738755e-16,1
207,128,0,207,0.0021901317275542,4.5657271660476e-06,-2.7248268554252e-11,5.6801145106595e-11,6.8906949795505,0.038585611827557,3.3306690738755e-16,1
207.05,128,0,207.05,0.0021901304852174,4.5657297558123e-06,2.9256866616189e-11,-6.0988257984159e-11,6.8887656989591,0.038585611827563,-1.6653345369377e-15,1
207.1,128,0,207.1,0.0021901292428805,4.5657323455769e-06,2.9256866616189e-11,-6.0988257984159e-11,6.8868364183677,0.038585611827563,-1.6653345369377e-15,1
207.15,128,0,207.15,0.0021901280005437,4.5657349353416e-06,2.9256866616189e-11,-6.0988257984159e-11,6.8849071377764,0.038585611827563,-1.6653345369377e-15,1
207.2,128,0,207.2,0.0021901267582068,4.5657375251063e-06,2.9256866616189e-11,-6.0988257984159e-11,6.882977857185,0.038585611827563,-1.6653345369377e-15,1
207.25,128,0,207.25,0.00219012551587,4.5657401148709e-06,2.9256866616189e-11,-6.0988257984159e-11,6.8810485765936,0.038585611827563,-1.6653345369377e-15,1
207.3,128,0,207.3,0.0021901242735331,4.5657427046356e-06,2.9256866616189e-11,-6.0988257984159e-11,6.8791192960022,0.038585611827563,-1.6653345369377e-15,1
207.35,128,0,207.35,0.0021901230311963,4.5657452944002e-06,2.9256866616189e-11,-6.0988257984159e-11,6.8771900154109,0.038585611827563,-1.6653345369377e-15,1
207.4,128,0,207.4,0.0021901217888594,4.5657478841649e-06,2.9256866616189e-11,-6.0988257984159e-11,6.8752607348195,0.038585611827563,-1.6653345369377e-15,1
207.45,128,0,207.45,0.0021901205465226,4.5657504739296e-06,2.9256866616189e-11,-6.0988257984159e-11,6.8733314542281,0.038585611827563,-1.6653345369377e-15,1
207.5,128,0,207.5,0.0021901193041858,4.5657530636942e-06,2.9256866616189e-11,-6.0988257984159e-11,6.8714021736367,0.038585611827563,-1.6653345369377e-15,1
207.55,128,0,207.55,0.0021901180618489,4.5657556534589e-06,2.9256866616189e-11,-6.0988257984159e-11,6.8694728930454,0.038585611827563,-1.6653345369377e-15,1
207.6,128,0,207.6,0.0021901168195121,4.5657582432236e-06,2.9256866616189e-11,-6.0988257984159e-11,6.867543612454,0.038585611827563,-1.6653345369377e-15,1
207.65,128,0,207.65,0.0021901155771752,4.5657608329882e-06,2.9256866616189e-11,-6.0988257984159e-11,6.8656143318626,0.038585611827563,-1.6653345369377e-15,1
207.7,128,0,207.7,0.0021901143348384,4.5657634227529e-06,2.9256866616189e-11,-6.0988257984159e-11,6.8636850512712,0.038585611827563,-1.6653345369377e-15,1
207.75,128,0,207.75,0.0021901130925015,4.5657660125176e-06,2.9256866616189e-11,-6.0988257984159e-11,6.8617557706798,0.038585611827563,-1.6653345369377e-15,1
207.8,128,0,207.8,0.0021901118501647,4.5657686022822e-06,2.9256866616189e-11,-6.0988257984159e-11,6.8598264900885,0.038585611827563,-1.6653345369377e-15,1
207.85,128,0,207.85,0.0021901106078278,4.5657711920469e-06,2.9256866616189e-11,-6.0988257984159e-11,6.8578972094971,0.038585611827563,-1.6653345369377e-15,1
207.9,128,0,207.9,0.002190109365491,4.5657737818116e-06,2.9256866616189e-11,-6.0988257984159e-11,6.8559679289057,0.038585611827563,-1.6653345369377e-15,1
207.95,128,0,207.95,0.0021901081231541,4.5657763715762e-06,2.9256866616189e-11,-6.0988257984159e-11,6.8540386483143,0.038585611827563,-1.6653345369377e-15,1
208,128,0,208,0.0021901068808173,4.5657789613409e-06,2.9256866616189e-11,-6.0988257984159e-11,6.852109367723,0.038585611827563,-1.6653345369377e-15,1
208.05,128,0,208.05,0.002190107686131,4.5657772826043e-06,-2.6383117562661e-11,5.4997643874343e-11,6.8501800871316,0.038585611827565,-1.8207657603853e-14,1
208.1,128,0,208.1,0.0021901084914447,4.5657756038678e-06,-2.6383117562661e-11,5.4997643874343e-11,6.8482508065402,0.038585611827565,-1.8207657603853e-14,1
208.15,128,0,208.15,0.0021901092967583,4.5657739251312e-06,-2.6383117562661e-11,5.4997643874343e-11,6.8463215259488,0.038585611827565,-1.8207657603853e-14,1
208.2,128,0,208.2,0.002190110102072,4.5657722463946e-06,-2.6383117562661e-11,5.4997643874343e-11,6.8443922453574,0.038585611827565,-1.8207657603853e-14,1
208.25,128,0,208.25,0.0021901109073857,4.5657705676581e-06,-2.6383117562661e-11,5.4997643874343e-11,6.8424629647661,0.038585611827565,-1.8207657603853e-14,1
208.3,128,0,208.3,0.0021901117126994,4.5657688889215e-06,-2.6383117562661e-11,5.4997643874343e-11,6.8405336841747,0.038585611827565,-1.8207657603853e-14,1
208.35,128,0,208.35,0.0021901125180131,4.565767210185e-06,-2.6383117562661e-11,5.4997643874343e-11,6.8386044035833,0.038585611827565,-1.8207657603853e-14,1
208.4,128,0,208.4,0.0021901133233268,4.5657655314484e-06,-2.6383117562661e-11,5.4997643874343e-11,6.8366751229919,0.038585611827565,-1.8207657603853e-14,1
208.45,128,0,208.45,0.0021901141286405,4.5657638527118e-06,-2.6383117562661e-11,5.4997643874343e-11,6.8347458424006,0.038585611827565,-1.8207657603853e-14,1
208.5,128,0,208.5,0.0021901149339542,4.5657621739753e-06,-2.6383117562661e-11,5.4997643874343e-11,6.8328165618092,0.038585611827565,-1.8207657603853e-14,1
208.55,128,0,208.55,0.0021901157392679,4.5657604952387e-06,-2.6383117562661e-11,5.4997643874343e-11,6.8308872812178,0.038585611827565,-1.8207657603853e-14,1
208.6,128,0,208.6,0.0021901165445816,4.5657588165021e-06,-2.6383117562661e-11,5.4997643874343e-11,6.8289580006264,0.038585611827565,-1.8207657603853e-14,1
208.65,128,0,208.65,0.0021901173498952,4.5657571377656e-06,-2.6383117562661e-11,5.4997643874343e-11,6.827028720035,0.038585611827565,-1.8207657603853e-14,1
208.7,128,0,208.7,0.0021901181552089,4.565755459029e-06,-2.6383117562661e-11,5.4997643874343e-11,6.8250994394437,0.038585611827565,-1.8207657603853e-14,1
208.75,128,0,208.75,0.0021901189605226,4.5657537802925e-06,-2.6383117562661e-11,5.4997643874343e-11,6.8231701588523,0.038585611827565,-1.8207657603853e-14,1
208.8,128,0,208.8,0.0021901197658363,4.5657521015559e-06,-2.6383117562661e-11,5.4997643874343e-11,6.8212408782609,0.038585611827565,-1.8207657603853e-14,1
208.85,128,0,208.85,0.00219012057115,4.5657504228193e-06,-2.6383117562661e-11,5.4997643874343e-11,6.8193115976695,0.038585611827565,-1.8207657603853e-14,1
208.9,128,0,208.9,0.0021901213764637,4.5657487440828e-06,-2.6383117562661e-11,5.4997643874343e-11,6.8173823170781,0.038585611827565,-1.8207657603853e-14,1
208.95,128,0,208.95,0.0021901221817774,4.5657470653462e-06,-2.6383117562661e-11,5.4997643874343e-11,6.8154530364868,0.038585611827565,-1.8207657603853e-14,1
209,128,0,209,0.0021901229870911,4.5657453866096e-06,-2.6383117562661e-11,5.4997643874343e-11,6.8135237558954,0.038585611827565,-1.8207657603853e-14,1
209.05,128,0,209.05,0.0021901224850226,4.5657464332244e-06,2.227805095793e-11,-4.644057490435e-11,6.811594475304,0.038585611827553,-1.2434497875802e-14,1
209.1,128,0,209.1,0.0021901219829542,4.5657474798392e-06,2.227805095793e-11,-4.644057490435e-11,6.8096651947126,0.038585611827553,-1.2434497875802e-14,1
209.15,128,0,209.15,0.0021901214808858,4.565748526454e-06,2.227805095793e-11,-4.644057490435e-11,6.8077359141213,0.038585611827553,-1.2434497875802e-14,1
209.2,128,0,209.2,0.0021901209788173,4.5657495730688e-06,2.227805095793e-11,-4.644057490435e-11,6.8058066335299,0.038585611827553,-1.2434497875802e-14,1
209.25,128,0,209.25,0.0021901204767489,4.5657506196836e-06,2.227805095793e-11,-4.644057490435e-11,6.8038773529385,0.038585611827553,-1.2434497875802e-14,1
209.3,128,0,209.3,0.0021901199746805,4.5657516662984e-06,2.227805095793e-11,-4.644057490435e-11,6.8019480723471,0.038585611827553,-1.2434497875802e-14,1
209.35,128,0,209.35,0.002190119472612,4.5657527129131e-06,2.227805095793e-11,-4.644057490435e-11,6.8000187917557,0.038585611827553,-1.2434497875802e-14,1
209.4,128,0,209.4,0.0021901189705436,4.5657537595279e-06,2.227805095793e-11,-4.644057490435e-11,6.7980895111644,0.038585611827553,-1.2434497875802e-14,1
209.45,128,0,209.45,0.0021901184684751,4.5657548061427e-06,2.227805095793e-11,-4.644057490435e-11,6.796160230573,0.038585611827553,-1.2434497875802e-14,1
209.5,128,0,209.5,0.0021901179664067,4.5657558527575e-06,2.227805095793e-11,-4.644057490435e-11,6.7942309499816,0.038585611827553,-1.2434497875802e-14,1
209.55,128,0,209.55,0.0021901174643383,4.5657568993723e-06,2.227805095793e-11,-4.644057490435e-11,6.7923016693902,0.038585611827553,-1.2434497875802e-14,1
209.6,128,0,209.6,0.0021901169622698,4.5657579459871e-06,2.227805095793e-11,-4.644057490435e-11,6.7903723887989,0.038585611827553,-1.2434497875802e-14,1
209.65,128,0,209.65,0.0021901164602014,4.5657589926019e-06,2.227805095793e-11,-4.644057490435e-11,6.7884431082075,0.038585611827553,-1.2434497875802e-14,1
209.7,128,0,209.7,0.002190115958133,4.5657600392166e-06,2.227805095793e-11,-4.644057490435e-11,6.7865138276161,0.038585611827553,-1.2434497875802e-14,1
209.75,128,0,209.75,0.0021901154560645,4.5657610858314e-06,2.227805095793e-11,-4.644057490435e-11,6.7845845470247,0.038585611827553,-1.2434497875802e-14,1
209.8,128,0,209.8,0.0021901149539961,4.5657621324462e-06,2.227805095793e-11,-4.644057490435e-11,6.7826552664333,0.038585611827553,-1.2434497875802e-14,1
209.85,128,0,209.85,0.0021901144519276,4.565763179061e-06,2.227805095793e-11,-4.644057490435e-11,6.780725985842,0.038585611827553,-1.2434497875802e-14,1
209.9,128,0,209.9,0.0021901139498592,4.5657642256758e-06,2.227805095793e-11,-4.644057490435e-11,6.7787967052506,0.038585611827553,-1.2434497875802e-14,1
209.95,128,0,209.95,0.0021901134477908,4.5657652722906e-06,2.227805095793e-11,-4.644057490435e-11,6.7768674246592,0.038585611827553,-1.2434497875802e-14,1
210,128,0,210,0.0021901129457223,4.5657663189054e-06,2.227805095793e-11,-4.644057490435e-11,6.7749381440678,0.038585611827553,-1.2434497875802e-14,1
210.05,128,0,210.05,0.0021901129814019,4.5657662443706e-06,-3.457268156655e-12,7.2089126512081e-12,6.7730088634765,0.038585611827539,-2.0539125955565e-14,1
210.1,128,0,210.1,0.0021901130170814,4.5657661698359e-06,-3.457268156655e-12,7.2089126512081e-12,6.7710795828851,0.038585611827539,-2.0539125955565e-14,1
210.15,128,0,210.15,0.0021901130527609,4.5657660953012e-06,-3.457268156655e-12,7.2089126512081e-12,6.7691503022937,0.038585611827539,-2.0539125955565e-14,1
210.2,128,0,210.2,0.0021901130884404,4.5657660207665e-06,-3.457268156655e-12,7.2089126512081e-12,6.7672210217023,0.038585611827539,-2.0539125955565e-14,1
210.25,128,0,210.25,0.00219011312412,4.5657659462318e-06,-3.457268156655e-12,7.2089126512081e-12,6.765291741111,0.038585611827539,-2.0539125955565e-14,1
210.3,128,0,210.3,0.0021901131597995,4.5657658716971e-06,-3.457268156655e-12,7.2089126512081e-12,6.7633624605196,0.038585611827539,-2.0539125955565e-14,1
210.35,128,0,210.35,0.002190113195479,4.5657657971623e-06,-3.457268156655e-12,7.2089126512081e-12,6.7614331799282,0.038585611827539,-2.0539125955565e-14,1
210.4,128,0,210.4,0.0021901132311585,4.5657657226276e-06,-3.457268156655e-12,7.2089126512081e-12,6.7595038993368,0.038585611827539,-2.0539125955565e-14,1
210.45,128,0,210.45,0.0021901132668381,4.5657656480929e-06,-3.457268156655e-12,7.2089126512081e-12,6.7575746187454,0.038585611827539,-2.0539125955565e-14,1
210.5,128,0,210.5,0.0021901133025176,4.5657655735582e-06,-3.457268156655e-12,7.2089126512081e-12,6.7556453381541,0.038585611827539,-2.0539125955565e-14,1
210.55,128,0,210.55,0.0021901133381971,4.5657654990235e-06,-3.457268156655e-12,7.2089126512081e-12,6.7537160575627,0.038585611827539,-2.0539125955565e-14,1
210.6,128,0,210.6,0.0021901133738766,4.5657654244888e-06,-3.457268156655e-12,7.2089126512081e-12,6.7517867769713,0.038585611827539,-2.0539125955565e-14,1
210.65,128,0,210.65,0.0021901134095562,4.565765349954e-06,-3.457268156655e-12,7.2089126512081e-12,6.7498574963799,0.038585611827539,-2.0539125955565e-14,1
210.7,128,0,210.7,0.0021901134452357,4.5657652754193e-06,-3.457268156655e-12,7.2089126512081e-12,6.7479282157886,0.038585611827539,-2.0539125955565e-14,1
210.75,128,0,210.75,0.0021901134809152,4.5657652008846e-06,-3.457268156655e-12,7.2089126512081e-12,6.7459989351972,0.038585611827539,-2.0539125955565e-14,1
210.8,128,0,210.8,0.0021901135165947,4.5657651263499e-06,-3.457268156655e-12,7.2089126512081e-12,6.7440696546058,0.038585611827539,-2.0539125955565e-14,1
210.85,128,0,210.85,0.0021901135522743,4.5657650518152e-06,-3.457268156655e-12,7.2089126512081e-12,6.7421403740144,0.038585611827539,-2.0539125955565e-14,1
210.9,128,0,210.9,0.0021901135879538,4.5657649772805e-06,-3.457268156655e-12,7.2089126512081e-12,6.7402110934231,0.038585611827539,-2.0539125955565e-14,1
210.95,128,0,210.95,0.0021901136236333,4.5657649027457e-06,-3.457268156655e-12,7.2089126512081e-12,6.7382818128317,0.038585611827539,-2.0539125955565e-14,1
211,128,0,211,0.0021901136593128,4.565764828211e-06,-3.457268156655e-12,7.2089126512081e-12,6.7363525322403,0.038585611827539,-2.0539125955565e-14,1
211.05,128,0,211.05,0.002190115404238,4.5657611910353e-06,-5.1656310965986e-11,1.0767813588316e-10,6.7344232516489,0.038585611827566,-1.1213252548714e-14,1
211.1,128,0,211.1,0.0021901171491631,4.5657575538596e-06,-5.1656310965986e-11,1.0767813588316e-10,6.7324939710576,0.038585611827566,-1.1213252548714e-14,1
211.15,128,0,211.15,0.0021901188940883,4.5657539166838e-06,-5.1656310965986e-11,1.0767813588316e-10,6.7305646904662,0.038585611827566,-1.1213252548714e-14,1
211.2,128,0,211.2,0.0021901206390135,4.5657502795081e-06,-5.1656310965986e-11,1.0767813588316e-10,6.7286354098748,0.038585611827566,-1.1213252548714e-14,1
211.25,128,0,211.25,0.0021901223839386,4.5657466423324e-06,-5.1656310965986e-11,1.0767813588316e-10,6.7267061292834,0.038585611827566,-1.1213252548714e-14,1
211.3,128,0,211.3,0.0021901241288638,4.5657430051566e-06,-5.1656310965986e-11,1.0767813588316e-10,6.724776848692,0.038585611827566,-1.1213252548714e-14,1
211.35,128,0,211.35,0.0021901258737889,4.5657393679809e-06,-5.1656310965986e-11,1.0767813588316e-10,6.7228475681007,0.038585611827566,-1.1213252548714e-14,1
211.4,128,0,211.4,0.0021901276187141,4.5657357308052e-06,-5.1656310965986e-11,1.0767813588316e-10,6.7209182875093,0.038585611827566,-1.1213252548714e-14,1
211.45,128,0,211.45,0.0021901293636392,4.5657320936294e-06,-5.1656310965986e-11,1.0767813588316e-10,6.7189890069179,0.038585611827566,-1.1213252548714e-14,1
211.5,128,0,211.5,0.0021901311085644,4.5657284564537e-06,-5.1656310965986e-11,1.0767813588316e-10,6.7170597263265,0.038585611827566,-1.1213252548714e-14,1
211.55,128,0,211.55,0.0021901328534895,4.565724819278e-06,-5.1656310965986e-11,1.0767813588316e-10,6.7151304457351,0.038585611827566,-1.1213252548714e-14,1
211.6,128,0,211.6,0.0021901345984147,4.5657211821022e-06,-5.1656310965986e-11,1.0767813588316e-10,6.7132011651438,0.038585611827566,-1.1213252548714e-14,1
211.65,128,0,211.65,0.0021901363433399,4.5657175449265e-06,-5.1656310965986e-11,1.0767813588316e-10,6.7112718845524,0.038585611827566,-1.1213252548714e-14,1
211.7,128,0,211.7,0.002190138088265,4.5657139077508e-06,-5.1656310965986e-11,1.0767813588316e-10,6.709342603961,0.038585611827566,-1.1213252548714e-14,1
211.75,128,0,211.75,0.0021901398331902,4.5657102705751e-06,-5.1656310965986e-11,1.0767813588316e-10,6.7074133233696,0.038585611827566,-1.1213252548714e-14,1
211.8,128,0,211.8,0.0021901415781153,4.5657066333993e-06,-5.1656310965986e-11,1.0767813588316e-10,6.7054840427782,0.038585611827566,-1.1213252548714e-14,1
211.85,128,0,211.85,0.0021901433230405,4.5657029962236e-06,-5.1656310965986e-11,1.0767813588316e-10,6.7035547621869,0.038585611827566,-1.1213252548714e-14,1
211.9,128,0,211.9,0.0021901450679656,4.5656993590479e-06,-5.1656310965986e-11,1.0767813588316e-10,6.7016254815955,0.038585611827566,-1.1213252548714e-14,1
211.95,128,0,211.95,0.0021901468128908,4.5656957218721e-06,-5.1656310965986e-11,1.0767813588316e-10,6.6996962010041,0.038585611827566,-1.1213252548714e-14,1
212,128,0,212,0.0021901485578159,4.5656920846964e-06,-5.1656310965986e-11,1.0767813588316e-10,6.6977669204127,0.038585611827566,-1.1213252548714e-14,1
212.05,128,0,212.05,0.0021901455799288,4.5656982922369e-06,1.2228057908424e-10,-2.5490411083968e-10,6.6958376398213,0.038585611827572,1.2656542480727e-14,1
212.1,128,0,212.1,0.0021901426020417,4.5657044997775e-06,1.2228057908424e-10,-2.5490411083968e-10,6.69390835923,0.038585611827572,1.2656542480727e-14,1
212.15,128,0,212.15,0.0021901396241546,4.565710707318e-06,1.2228057908424e-10,-2.5490411083968e-10,6.6919790786386,0.038585611827572,1.2656542480727e-14,1
212.2,128,0,212.2,0.0021901366462675,4.5657169148586e-06,1.2228057908424e-10,-2.5490411083968e-10,6.6900497980472,0.038585611827572,1.2656542480727e-14,1
212.25,128,0,212.25,0.0021901336683804,4.5657231223991e-06,1.2228057908424e-10,-2.5490411083968e-10,6.6881205174558,0.038585611827572,1.2656542480727e-14,1
212.3,128,0,212.3,0.0021901306904933,4.5657293299397e-06,1.2228057908424e-10,-2.5490411083968e-10,6.6861912368644,0.038585611827572,1.2656542480727e-14,1
212.35,128,0,212.35,0.0021901277126062,4.5657355374802e-06,1.2228057908424e-10,-2.5490411083968e-10,6.6842619562731,0.038585611827572,1.2656542480727e-14,1
212.4,128,0,212.4,0.0021901247347191,4.5657417450207e-06,1.2228057908424e-10,-2.5490411083968e-10,6.6823326756817,0.038585611827572,1.2656542480727e-14,1
212.45,128,0,212.45,0.002190121756832,4.5657479525613e-06,1.2228057908424e-10,-2.5490411083968e-10,6.6804033950903,0.038585611827572,1.2656542480727e-14,1
212.5,128,0,212.5,0.0021901187789449,4.5657541601018e-06,1.2228057908424e-10,-2.5490411083968e-10,6.6784741144989,0.038585611827572,1.2656542480727e-14,1
212.55,128,0,212.55,0.0021901158010578,4.5657603676424e-06,1.2228057908424e-10,-2.5490411083968e-10,6.6765448339076,0.038585611827572,1.2656542480727e-14,1
212.6,128,0,212.6,0.0021901128231707,4.5657665751829e-06,1.2228057908424e-10,-2.5490411083968e-10,6.6746155533162,0.038585611827572,1.2656542480727e-14,1
212.65,128,0,212.65,0.0021901098452836,4.5657727827235e-06,1.2228057908424e-10,-2.5490411083968e-10,6.6726862727248,0.038585611827572,1.2656542480727e-14,1
212.7,128,0,212.7,0.0021901068673965,4.565778990264e-06,1.2228057908424e-10,-2.5490411083968e-10,6.6707569921334,0.038585611827572,1.2656542480727e-14,1
212.75,128,0,212.75,0.0021901038895094,4.5657851978046e-06,1.2228057908424e-10,-2.5490411083968e-10,6.668827711542,0.038585611827572,1.2656542480727e-14,1
212.8,128,0,212.8,0.0021901009116223,4.5657914053451e-06,1.2228057908424e-10,-2.5490411083968e-10,6.6668984309507,0.038585611827572,1.2656542480727e-14,1
212.85,128,0,212.85,0.0021900979337352,4.5657976128856e-06,1.2228057908424e-10,-2.5490411083968e-10,6.6649691503593,0.038585611827572,1.2656542480727e-14,1
212.9,128,0,212.9,0.0021900949558481,4.5658038204262e-06,1.2228057908424e-10,-2.5490411083968e-10,6.6630398697679,0.038585611827572,1.2656542480727e-14,1
212.95,128,0,212.95,0.002190091977961,4.5658100279667e-06,1.2228057908424e-10,-2.5490411083968e-10,6.6611105891765,0.038585611827572,1.2656542480727e-14,1
213,128,0,213,0.0021900890000739,4.5658162355073e-06,1.2228057908424e-10,-2.5490411083968e-10,6.6591813085851,0.038585611827572,1.2656542480727e-14,1
213.05,128,0,213.05,0.0021900902993,4.5658135272813e-06,-1.399220376375e-10,2.9167724666966e-10,6.6572520279938,0.038585611827551,6.6613381477509e-16,1
213.1,128,0,213.1,0.0021900915985262,4.5658108190554e-06,-1.399220376375e-10,2.9167724666966e-10,6.6553227474024,0.038585611827551,6.6613381477509e-16,1
213.15,128,0,213.15,0.0021900928977523,4.5658081108294e-06,-1.399220376375e-10,2.9167724666966e-10,6.653393466811,0.038585611827551,6.6613381477509e-16,1
213.2,128,0,213.2,0.0021900941969784,4.5658054026034e-06,-1.399220376375e-10,2.9167724666966e-10,6.6514641862196,0.038585611827551,6.6613381477509e-16,1
213.25,128,0,213.25,0.0021900954962046,4.5658026943775e-06,-1.399220376375e-10,2.9167724666966e-10,6.6495349056283,0.038585611827551,6.6613381477509e-16,1
213.3,128,0,213.3,0.0021900967954307,4.5657999861515e-06,-1.399220376375e-10,2.9167724666966e-10,6.6476056250369,0.038585611827551,6.6613381477509e-16,1
213.35,128,0,213.35,0.0021900980946568,4.5657972779255e-06,-1.399220376375e-10,2.9167724666966e-10,6.6456763444455,0.038585611827551,6.6613381477509e-16,1
213.4,128,0,213.4,0.0021900993938829,4.5657945696996e-06,-1.399220376375e-10,2.9167724666966e-10,6.6437470638541,0.038585611827551,6.6613381477509e-16,1
213.45,128,0,213.45,0.0021901006931091,4.5657918614736e-06,-1.399220376375e-10,2.9167724666966e-10,6.6418177832628,0.038585611827551,6.6613381477509e-16,1
213.5,128,0,213.5,0.0021901019923352,4.5657891532476e-06,-1.399220376375e-10,2.9167724666966e-10,6.6398885026714,0.038585611827551,6.6613381477509e-16,1
213.55,128,0,213.55,0.0021901032915613,4.5657864450217e-06,-1.399220376375e-10,2.9167724666966e-10,6.63795922208,0.038585611827551,6.6613381477509e-16,1
213.6,128,0,213.6,0.0021901045907875,4.5657837367957e-06,-1.399220376375e-10,2.9167724666966e-10,6.6360299414886,0.038585611827551,6.6613381477509e-16,1
213.65,128,0,213.65,0.0021901058900136,4.5657810285697e-06,-1.399220376375e-10,2.9167724666966e-10,6.6341006608972,0.038585611827551,6.6613381477509e-16,1
213.7,128,0,213.7,0.0021901071892397,4.5657783203438e-06,-1.399220376375e-10,2.9167724666966e-10,6.6321713803059,0.038585611827551,6.6613381477509e-16,1
213.75,128,0,213.75,0.0021901084884658,4.5657756121178e-06,-1.399220376375e-10,2.9167724666966e-10,6.6302420997145,0.038585611827551,6.6613381477509e-16,1
213.8,128,0,213.8,0.002190109787692,4.5657729038918e-06,-1.399220376375e-10,2.9167724666966e-10,6.6283128191231,0.038585611827551,6.6613381477509e-16,1
213.85,128,0,213.85,0.0021901110869181,4.5657701956659e-06,-1.399220376375e-10,2.9167724666966e-10,6.6263835385317,0.038585611827551,6.6613381477509e-16,1
213.9,128,0,213.9,0.0021901123861442,4.5657674874399e-06,-1.399220376375e-10,2.9167724666966e-10,6.6244542579404,0.038585611827551,6.6613381477509e-16,1
213.95,128,0,213.95,0.0021901136853704,4.565764779214e-06,-1.399220376375e-10,2.9167724666966e-10,6.622524977349,0.038585611827551,6.6613381477509e-16,1
214,128,0,214,0.0021901149845965,4.565762070988e-06,-1.399220376375e-10,2.9167724666966e-10,6.6205956967576,0.038585611827551,6.6613381477509e-16,1
214.05,128,0,214.05,0.0021901159877147,4.5657599795743e-06,8.7676550944622e-11,-1.8276369163931e-10,6.6186664161662,0.038585611827578,-3.885780586188e-15,1
214.1,128,0,214.1,0.0021901169908328,4.5657578881607e-06,8.7676550944622e-11,-1.8276369163931e-10,6.6167371355748,0.038585611827578,-3.885780586188e-15,1
214.15,128,0,214.15,0.002190117993951,4.565755796747e-06,8.7676550944622e-11,-1.8276369163931e-10,6.6148078549835,0.038585611827578,-3.885780586188e-15,1
214.2,128,0,214.2,0.0021901189970691,4.5657537053333e-06,8.7676550944622e-11,-1.8276369163931e-10,6.6128785743921,0.038585611827578,-3.885780586188e-15,1
214.25,128,0,214.25,0.0021901200001873,4.5657516139197e-06,8.7676550944622e-11,-1.8276369163931e-10,6.6109492938007,0.038585611827578,-3.885780586188e-15,1
214.3,128,0,214.3,0.0021901210033055,4.565749522506e-06,8.7676550944622e-11,-1.8276369163931e-10,6.6090200132093,0.038585611827578,-3.885780586188e-15,1
214.35,128,0,214.35,0.0021901220064236,4.5657474310924e-06,8.7676550944622e-11,-1.8276369163931e-10,6.607090732618,0.038585611827578,-3.885780586188e-15,1
214.4,128,0,214.4,0.0021901230095418,4.5657453396787e-06,8.7676550944622e-11,-1.8276369163931e-10,6.6051614520266,0.038585611827578,-3.885780586188e-15,1
214.45,128,0,214.45,0.0021901240126599,4.565743248265e-06,8.7676550944622e-11,-1.8276369163931e-10,6.6032321714352,0.038585611827578,-3.885780586188e-15,1
214.5,128,0,214.5,0.0021901250157781,4.5657411568514e-06,8.7676550944622e-11,-1.8276369163931e-10,6.6013028908438,0.038585611827578,-3.885780586188e-15,1
214.55,128,0,214.55,0.0021901260188962,4.5657390654377e-06,8.7676550944622e-11,-1.8276369163931e-10,6.5993736102524,0.038585611827578,-3.885780586188e-15,1
214.6,128,0,214.6,0.0021901270220144,4.565736974024e-06,8.7676550944622e-11,-1.8276369163931e-10,6.5974443296611,0.038585611827578,-3.885780586188e-15,1
214.65,128,0,214.65,0.0021901280251326,4.5657348826104e-06,8.7676550944622e-11,-1.8276369163931e-10,6.5955150490697,0.038585611827578,-3.885780586188e-15,1
214.7,128,0,214.7,0.0021901290282507,4.5657327911967e-06,8.7676550944622e-11,-1.8276369163931e-10,6.5935857684783,0.038585611827578,-3.885780586188e-15,1
214.75,128,0,214.75,0.0021901300313689,4.5657306997831e-06,8.7676550944622e-11,-1.8276369163931e-10,6.5916564878869,0.038585611827578,-3.885780586188e-15,1
214.8,128,0,214.8,0.002190131034487,4.5657286083694e-06,8.7676550944622e-11,-1.8276369163931e-10,6.5897272072955,0.038585611827578,-3.885780586188e-15,1
214.85,128,0,214.85,0.0021901320376052,4.5657265169557e-06,8.7676550944622e-11,-1.8276369163931e-10,6.5877979267042,0.038585611827578,-3.885780586188e-15,1
214.9,128,0,214.9,0.0021901330407234,4.5657244255421e-06,8.7676550944622e-11,-1.8276369163931e-10,6.5858686461128,0.038585611827578,-3.885780586188e-15,1
214.95,128,0,214.95,0.0021901340438415,4.5657223341284e-06,8.7676550944622e-11,-1.8276369163931e-10,6.5839393655214,0.038585611827578,-3.885780586188e-15,1
215,128,0,215,0.0021901350469597,4.5657202427147e-06,8.7676550944622e-11,-1.8276369163931e-10,6.58201008493,0.038585611827578,-3.885780586188e-15,1
215.05,128,0,215.05,0.0021901335447966,4.5657233743657e-06,-2.8463238995998e-11,5.9332565738468e-11,6.5800808043386,0.038585611827559,1.6653345369377e-14,1
215.1,128,0,215.1,0.0021901320426335,4.5657265060167e-06,-2.8463238995998e-11,5.9332565738468e-11,6.5781515237473,0.038585611827559,1.6653345369377e-14,1
215.15,128,0,215.15,0.0021901305404704,4.5657296376677e-06,-2.8463238995998e-11,5.9332565738468e-11,6.5762222431559,0.038585611827559,1.6653345369377e-14,1
215.2,128,0,215.2,0.0021901290383073,4.5657327693186e-06,-2.8463238995998e-11,5.9332565738468e-11,6.5742929625645,0.038585611827559,1.6653345369377e-14,1
215.25,128,0,215.25,0.0021901275361442,4.5657359009696e-06,-2.8463238995998e-11,5.9332565738468e-11,6.5723636819731,0.038585611827559,1.6653345369377e-14,1
215.3,128,0,215.3,0.0021901260339811,4.5657390326206e-06,-2.8463238995998e-11,5.9332565738468e-11,6.5704344013818,0.038585611827559,1.6653345369377e-14,1
215.35,128,0,215.35,0.0021901245318181,4.5657421642716e-06,-2.8463238995998e-11,5.9332565738468e-11,6.5685051207904,0.038585611827559,1.6653345369377e-14,1
215.4,128,0,215.4,0.002190123029655,4.5657452959225e-06,-2.8463238995998e-11,5.9332565738468e-11,6.566575840199,0.038585611827559,1.6653345369377e-14,1
215.45,128,0,215.45,0.0021901215274919,4.5657484275735e-06,-2.8463238995998e-11,5.9332565738468e-11,6.5646465596076,0.038585611827559,1.6653345369377e-14,1
215.5,128,0,215.5,0.0021901200253288,4.5657515592245e-06,-2.8463238995998e-11,5.9332565738468e-11,6.5627172790162,0.038585611827559,1.6653345369377e-14,1
215.55,128,0,215.55,0.0021901185231657,4.5657546908755e-06,-2.8463238995998e-11,5.9332565738468e-11,6.5607879984249,0.038585611827559,1.6653345369377e-14,1
215.6,128,0,215.6,0.0021901170210026,4.5657578225264e-06,-2.8463238995998e-11,5.9332565738468e-11,6.5588587178335,0.038585611827559,1.6653345369377e-14,1
215.65,128,0,215.65,0.0021901155188395,4.5657609541774e-06,-2.8463238995998e-11,5.9332565738468e-11,6.5569294372421,0.038585611827559,1.6653345369377e-14,1
215.7,128,0,215.7,0.0021901140166764,4.5657640858284e-06,-2.8463238995998e-11,5.9332565738468e-11,6.5550001566507,0.038585611827559,1.6653345369377e-14,1
215.75,128,0,215.75,0.0021901125145133,4.5657672174794e-06,-2.8463238995998e-11,5.9332565738468e-11,6.5530708760593,0.038585611827559,1.6653345369377e-14,1
215.8,128,0,215.8,0.0021901110123502,4.5657703491304e-06,-2.8463238995998e-11,5.9332565738468e-11,6.551141595468,0.038585611827559,1.6653345369377e-14,1
215.85,128,0,215.85,0.0021901095101872,4.5657734807813e-06,-2.8463238995998e-11,5.9332565738468e-11,6.5492123148766,0.038585611827559,1.6653345369377e-14,1
215.9,128,0,215.9,0.0021901080080241,4.5657766124323e-06,-2.8463238995998e-11,5.9332565738468e-11,6.5472830342852,0.038585611827559,1.6653345369377e-14,1
215.95,128,0,215.95,0.002190106505861,4.5657797440833e-06,-2.8463238995998e-11,5.9332565738468e-11,6.5453537536938,0.038585611827559,1.6653345369377e-14,1
216,128,0,216,0.0021901050036979,4.5657828757343e-06,-2.8463238995998e-11,5.9332565738468e-11,6.5434244731025,0.038585611827559,1.6653345369377e-14,1
216.05,128,0,216.05,0.002190106013956,4.56578076965e-06,6.9483083674736e-13,-1.4484656599213e-12,6.5414951925111,0.038585611827562,2.031708135064e-14,1
216.1,128,0,216.1,0.002190107024214,4.5657786635658e-06,6.9483083674736e-13,-1.4484656599213e-12,6.5395659119197,0.038585611827562,2.031708135064e-14,1
216.15,128,0,216.15,0.0021901080344721,4.5657765574815e-06,6.9483083674736e-13,-1.4484656599213e-12,6.5376366313283,0.038585611827562,2.031708135064e-14,1
216.2,128,0,216.2,0.0021901090447302,4.5657744513973e-06,6.9483083674736e-13,-1.4484656599213e-12,6.5357073507369,0.038585611827562,2.031708135064e-14,1
216.25,128,0,216.25,0.0021901100549882,4.5657723453131e-06,6.9483083674736e-13,-1.4484656599213e-12,6.5337780701456,0.038585611827562,2.031708135064e-14,1
216.3,128,0,216.3,0.0021901110652463,4.5657702392288e-06,6.9483083674736e-13,-1.4484656599213e-12,6.5318487895542,0.038585611827562,2.031708135064e-14,1
216.35,128,0,216.35,0.0021901120755044,4.5657681331446e-06,6.9483083674736e-13,-1.4484656599213e-12,6.5299195089628,0.038585611827562,2.031708135064e-14,1
216.4,128,0,216.4,0.0021901130857624,4.5657660270603e-06,6.9483083674736e-13,-1.4484656599213e-12,6.5279902283714,0.038585611827562,2.031708135064e-14,1
216.45,128,0,216.45,0.0021901140960205,4.5657639209761e-06,6.9483083674736e-13,-1.4484656599213e-12,6.5260609477801,0.038585611827562,2.031708135064e-14,1
216.5,128,0,216.5,0.0021901151062786,4.5657618148919e-06,6.9483083674736e-13,-1.4484656599213e-12,6.5241316671887,0.038585611827562,2.031708135064e-14,1
216.55,128,0,216.55,0.0021901161165366,4.5657597088076e-06,6.9483083674736e-13,-1.4484656599213e-12,6.5222023865973,0.038585611827562,2.031708135064e-14,1
216.6,128,0,216.6,0.0021901171267947,4.5657576027234e-06,6.9483083674736e-13,-1.4484656599213e-12,6.5202731060059,0.038585611827562,2.031708135064e-14,1
216.65,128,0,216.65,0.0021901181370528,4.5657554966392e-06,6.9483083674736e-13,-1.4484656599213e-12,6.5183438254145,0.038585611827562,2.031708135064e-14,1
216.7,128,0,216.7,0.0021901191473109,4.5657533905549e-06,6.9483083674736e-13,-1.4484656599213e-12,6.5164145448232,0.038585611827562,2.031708135064e-14,1
216.75,128,0,216.75,0.0021901201575689,4.5657512844707e-06,6.9483083674736e-13,-1.4484656599213e-12,6.5144852642318,0.038585611827562,2.031708135064e-14,1
216.8,128,0,216.8,0.002190121167827,4.5657491783864e-06,6.9483083674736e-13,-1.4484656599213e-12,6.5125559836404,0.038585611827562,2.031708135064e-14,1
216.85,128,0,216.85,0.0021901221780851,4.5657470723022e-06,6.9483083674736e-13,-1.4484656599213e-12,6.510626703049,0.038585611827562,2.031708135064e-14,1
216.9,128,0,216.9,0.0021901231883431,4.565744966218e-06,6.9483083674736e-13,-1.4484656599213e-12,6.5086974224577,0.038585611827562,2.031708135064e-14,1
216.95,128,0,216.95,0.0021901241986012,4.5657428601337e-06,6.9483083674736e-13,-1.4484656599213e-12,6.5067681418663,0.038585611827562,2.031708135064e-14,1
217,128,0,217,0.0021901252088593,4.5657407540495e-06,6.9483083674736e-13,-1.4484656599213e-12,6.5048388612749,0.038585611827562,2.031708135064e-14,1
217.05,128,0,217.05,0.0021901239678804,4.5657433411129e-06,8.3439376094487e-12,-1.7393866674572e-11,6.5029095806835,0.038585611827561,-1.6653345369377e-15,1
217.1,128,0,217.1,0.0021901227269015,4.5657459281763e-06,8.3439376094487e-12,-1.7393866674572e-11,6.5009803000921,0.038585611827561,-1.6653345369377e-15,1
217.15,128,0,217.15,0.0021901214859226,4.5657485152396e-06,8.3439376094487e-12,-1.7393866674572e-11,6.4990510195008,0.038585611827561,-1.6653345369377e-15,1
217.2,128,0,217.2,0.0021901202449437,4.565751102303e-06,8.3439376094487e-12,-1.7393866674572e-11,6.4971217389094,0.038585611827561,-1.6653345369377e-15,1
217.25,128,0,217.25,0.0021901190039648,4.5657536893664e-06,8.3439376094487e-12,-1.7393866674572e-11,6.495192458318,0.038585611827561,-1.6653345369377e-15,1
217.3,128,0,217.3,0.0021901177629859,4.5657562764298e-06,8.3439376094487e-12,-1.7393866674572e-11,6.4932631777266,0.038585611827561,-1.6653345369377e-15,1
217.35,128,0,217.35,0.002190116522007,4.5657588634932e-06,8.3439376094487e-12,-1.7393866674572e-11,6.4913338971353,0.038585611827561,-1.6653345369377e-15,1
217.4,128,0,217.4,0.0021901152810281,4.5657614505565e-06,8.3439376094487e-12,-1.7393866674572e-11,6.4894046165439,0.038585611827561,-1.6653345369377e-15,1
217.45,128,0,217.45,0.0021901140400492,4.5657640376199e-06,8.3439376094487e-12,-1.7393866674572e-11,6.4874753359525,0.038585611827561,-1.6653345369377e-15,1
217.5,128,0,217.5,0.0021901127990703,4.5657666246833e-06,8.3439376094487e-12,-1.7393866674572e-11,6.4855460553611,0.038585611827561,-1.6653345369377e-15,1
217.55,128,0,217.55,0.0021901115580914,4.5657692117467e-06,8.3439376094487e-12,-1.7393866674572e-11,6.4836167747697,0.038585611827561,-1.6653345369377e-15,1
217.6,128,0,217.6,0.0021901103171125,4.5657717988101e-06,8.3439376094487e-12,-1.7393866674572e-11,6.4816874941784,0.038585611827561,-1.6653345369377e-15,1
217.65,128,0,217.65,0.0021901090761336,4.5657743858735e-06,8.3439376094487e-12,-1.7393866674572e-11,6.479758213587,0.038585611827561,-1.6653345369377e-15,1
217.7,128,0,217.7,0.0021901078351547,4.5657769729368e-06,8.3439376094487e-12,-1.7393866674572e-11,6.4778289329956,0.038585611827561,-1.6653345369377e-15,1
217.75,128,0,217.75,0.0021901065941758,4.5657795600002e-06,8.3439376094487e-12,-1.7393866674572e-11,6.4758996524042,0.038585611827561,-1.6653345369377e-15,1
217.8,128,0,217.8,0.0021901053531969,4.5657821470636e-06,8.3439376094487e-12,-1.7393866674572e-11,6.4739703718129,0.038585611827561,-1.6653345369377e-15,1
217.85,128,0,217.85,0.002190104112218,4.565784734127e-06,8.3439376094487e-12,-1.7393866674572e-11,6.4720410912215,0.038585611827561,-1.6653345369377e-15,1
217.9,128,0,217.9,0.0021901028712391,4.5657873211904e-06,8.3439376094487e-12,-1.7393866674572e-11,6.4701118106301,0.038585611827561,-1.6653345369377e-15,1
217.95,128,0,217.95,0.0021901016302603,4.5657899082537e-06,8.3439376094487e-12,-1.7393866674572e-11,6.4681825300387,0.038585611827561,-1.6653345369377e-15,1
218,128,0,218,0.0021901003892814,4.5657924953171e-06,8.3439376094487e-12,-1.7393866674572e-11,6.4662532494474,0.038585611827561,-1.6653345369377e-15,1
218.05,128,0,218.05,0.0021901033640197,4.5657862938839e-06,2.3417187711768e-12,-4.8785652870381e-12,6.464323968856,0.038585611827569,-1.2212453270877e-15,1
218.1,128,0,218.1,0.002190106338758,4.5657800924507e-06,2.3417187711768e-12,-4.8785652870381e-12,6.4623946882646,0.038585611827569,-1.2212453270877e-15,1
218.15,128,0,218.15,0.0021901093134963,4.5657738910175e-06,2.3417187711768e-12,-4.8785652870381e-12,6.4604654076732,0.038585611827569,-1.2212453270877e-15,1
218.2,128,0,218.2,0.0021901122882346,4.5657676895843e-06,2.3417187711768e-12,-4.8785652870381e-12,6.4585361270818,0.038585611827569,-1.2212453270877e-15,1
218.25,128,0,218.25,0.0021901152629729,4.5657614881511e-06,2.3417187711768e-12,-4.8785652870381e-12,6.4566068464905,0.038585611827569,-1.2212453270877e-15,1
218.3,128,0,218.3,0.0021901182377112,4.5657552867179e-06,2.3417187711768e-12,-4.8785652870381e-12,6.4546775658991,0.038585611827569,-1.2212453270877e-15,1
218.35,128,0,218.35,0.0021901212124495,4.5657490852847e-06,2.3417187711768e-12,-4.8785652870381e-12,6.4527482853077,0.038585611827569,-1.2212453270877e-15,1
218.4,128,0,218.4,0.0021901241871878,4.5657428838515e-06,2.3417187711768e-12,-4.8785652870381e-12,6.4508190047163,0.038585611827569,-1.2212453270877e-15,1
218.45,128,0,218.45,0.0021901271619261,4.5657366824183e-06,2.3417187711768e-12,-4.8785652870381e-12,6.4488897241249,0.038585611827569,-1.2212453270877e-15,1
218.5,128,0,218.5,0.0021901301366644,4.5657304809851e-06,2.3417187711768e-12,-4.8785652870381e-12,6.4469604435336,0.038585611827569,-1.2212453270877e-15,1
218.55,128,0,218.55,0.0021901331114027,4.5657242795519e-06,2.3417187711768e-12,-4.8785652870381e-12,6.4450311629422,0.038585611827569,-1.2212453270877e-15,1
218.6,128,0,218.6,0.002190136086141,4.5657180781187e-06,2.3417187711768e-12,-4.8785652870381e-12,6.4431018823508,0.038585611827569,-1.2212453270877e-15,1
218.65,128,0,218.65,0.0021901390608793,4.5657118766855e-06,2.3417187711768e-12,-4.8785652870381e-12,6.4411726017594,0.038585611827569,-1.2212453270877e-15,1
218.7,128,0,218.7,0.0021901420356176,4.5657056752523e-06,2.3417187711768e-12,-4.8785652870381e-12,6.439243321168,0.038585611827569,-1.2212453270877e-15,1
218.75,128,0,218.75,0.0021901450103559,4.5656994738191e-06,2.3417187711768e-12,-4.8785652870381e-12,6.4373140405767,0.038585611827569,-1.2212453270877e-15,1
218.8,128,0,218.8,0.0021901479850942,4.5656932723859e-06,2.3417187711768e-12,-4.8785652870381e-12,6.4353847599853,0.038585611827569,-1.2212453270877e-15,1
218.85,128,0,218.85,0.0021901509598325,4.5656870709527e-06,2.3417187711768e-12,-4.8785652870381e-12,6.4334554793939,0.038585611827569,-1.2212453270877e-15,1
218.9,128,0,218.9,0.0021901539345708,4.5656808695195e-06,2.3417187711768e-12,-4.8785652870381e-12,6.4315261988025,0.038585611827569,-1.2212453270877e-15,1
218.95,128,0,218.95,0.0021901569093091,4.5656746680863e-06,2.3417187711768e-12,-4.8785652870381e-12,6.4295969182111,0.038585611827569,-1.2212453270877e-15,1
219,128,0,219,0.0021901598840474,4.565668466653e-06,2.3417187711768e-12,-4.8785652870381e-12,6.4276676376198,0.038585611827569,-1.2212453270877e-15,1
219.05,128,0,219.05,0.0021901527592371,4.565683319379e-06,-4.9309568627256e-11,1.0277888635129e-10,6.4257383570284,0.038585611827566,1.1768364061027e-14,1
219.1,128,0,219.1,0.0021901456344267,4.565698172105e-06,-4.9309568627256e-11,1.0277888635129e-10,6.423809076437,0.038585611827566,1.1768364061027e-14,1
219.15,128,0,219.15,0.0021901385096164,4.5657130248309e-06,-4.9309568627256e-11,1.0277888635129e-10,6.4218797958456,0.038585611827566,1.1768364061027e-14,1
219.2,128,0,219.2,0.0021901313848061,4.5657278775569e-06,-4.9309568627256e-11,1.0277888635129e-10,6.4199505152543,0.038585611827566,1.1768364061027e-14,1
219.25,128,0,219.25,0.0021901242599958,4.5657427302829e-06,-4.9309568627256e-11,1.0277888635129e-10,6.4180212346629,0.038585611827566,1.1768364061027e-14,1
219.3,128,0,219.3,0.0021901171351855,4.5657575830088e-06,-4.9309568627256e-11,1.0277888635129e-10,6.4160919540715,0.038585611827566,1.1768364061027e-14,1
219.35,128,0,219.35,0.0021901100103751,4.5657724357348e-06,-4.9309568627256e-11,1.0277888635129e-10,6.4141626734801,0.038585611827566,1.1768364061027e-14,1
219.4,128,0,219.4,0.0021901028855648,4.5657872884608e-06,-4.9309568627256e-11,1.0277888635129e-10,6.4122333928887,0.038585611827566,1.1768364061027e-14,1
219.45,128,0,219.45,0.0021900957607545,4.5658021411867e-06,-4.9309568627256e-11,1.0277888635129e-10,6.4103041122974,0.038585611827566,1.1768364061027e-14,1
219.5,128,0,219.5,0.0021900886359442,4.5658169939127e-06,-4.9309568627256e-11,1.0277888635129e-10,6.408374831706,0.038585611827566,1.1768364061027e-14,1
219.55,128,0,219.55,0.0021900815111338,4.5658318466387e-06,-4.9309568627256e-11,1.0277888635129e-10,6.4064455511146,0.038585611827566,1.1768364061027e-14,1
219.6,128,0,219.6,0.0021900743863235,4.5658466993646e-06,-4.9309568627256e-11,1.0277888635129e-10,6.4045162705232,0.038585611827566,1.1768364061027e-14,1
219.65,128,0,219.65,0.0021900672615132,4.5658615520906e-06,-4.9309568627256e-11,1.0277888635129e-10,6.4025869899319,0.038585611827566,1.1768364061027e-14,1
219.7,128,0,219.7,0.0021900601367029,4.5658764048166e-06,-4.9309568627256e-11,1.0277888635129e-10,6.4006577093405,0.038585611827566,1.1768364061027e-14,1
219.75,128,0,219.75,0.0021900530118926,4.5658912575425e-06,-4.9309568627256e-11,1.0277888635129e-10,6.3987284287491,0.038585611827566,1.1768364061027e-14,1
219.8,128,0,219.8,0.0021900458870822,4.5659061102685e-06,-4.9309568627256e-11,1.0277888635129e-10,6.3967991481577,0.038585611827566,1.1768364061027e-14,1
219.85,128,0,219.85,0.0021900387622719,4.5659209629945e-06,-4.9309568627256e-11,1.0277888635129e-10,6.3948698675663,0.038585611827566,1.1768364061027e-14,1
219.9,128,0,219.9,0.0021900316374616,4.5659358157204e-06,-4.9309568627256e-11,1.0277888635129e-10,6.392940586975,0.038585611827566,1.1768364061027e-14,1
219.95,128,0,219.95,0.0021900245126513,4.5659506684464e-06,-4.9309568627256e-11,1.0277888635129e-10,6.3910113063836,0.038585611827566,1.1768364061027e-14,1
220,128,0,220,0.0021900173878409,4.5659655211724e-06,-4.9309568627256e-11,1.0277888635129e-10,6.3890820257922,0.038585611827566,1.1768364061027e-14,1
220.05,128,0,220.05,0.002190029757373,4.56593973548e-06,9.1179344445432e-11,-1.9006948807011e-10,6.3871527452008,0.038585611827548,-2.6645352591004e-15,1
220.1,128,0,220.1,0.0021900421269051,4.5659139497877e-06,9.1179344445432e-11,-1.9006948807011e-10,6.3852234646094,0.038585611827548,-2.6645352591004e-15,1
220.15,128,0,220.15,0.0021900544964371,4.5658881640954e-06,9.1179344445432e-11,-1.9006948807011e-10,6.3832941840181,0.038585611827548,-2.6645352591004e-15,1
220.2,128,0,220.2,0.0021900668659692,4.5658623784031e-06,9.1179344445432e-11,-1.9006948807011e-10,6.3813649034267,0.038585611827548,-2.6645352591004e-15,1
220.25,128,0,220.25,0.0021900792355013,4.5658365927108e-06,9.1179344445432e-11,-1.9006948807011e-10,6.3794356228353,0.038585611827548,-2.6645352591004e-15,1
220.3,128,0,220.3,0.0021900916050333,4.5658108070185e-06,9.1179344445432e-11,-1.9006948807011e-10,6.3775063422439,0.038585611827548,-2.6645352591004e-15,1
220.35,128,0,220.35,0.0021901039745654,4.5657850213262e-06,9.1179344445432e-11,-1.9006948807011e-10,6.3755770616526,0.038585611827548,-2.6645352591004e-15,1
220.4,128,0,220.4,0.0021901163440975,4.5657592356339e-06,9.1179344445432e-11,-1.9006948807011e-10,6.3736477810612,0.038585611827548,-2.6645352591004e-15,1
220.45,128,0,220.45,0.0021901287136295,4.5657334499416e-06,9.1179344445432e-11,-1.9006948807011e-10,6.3717185004698,0.038585611827548,-2.6645352591004e-15,1
220.5,128,0,220.5,0.0021901410831616,4.5657076642492e-06,9.1179344445432e-11,-1.9006948807011e-10,6.3697892198784,0.038585611827548,-2.6645352591004e-15,1
220.55,128,0,220.55,0.0021901534526936,4.5656818785569e-06,9.1179344445432e-11,-1.9006948807011e-10,6.3678599392871,0.038585611827548,-2.6645352591004e-15,1
220.6,128,0,220.6,0.0021901658222257,4.5656560928646e-06,9.1179344445432e-11,-1.9006948807011e-10,6.3659306586957,0.038585611827548,-2.6645352591004e-15,1
220.65,128,0,220.65,0.0021901781917578,4.5656303071723e-06,9.1179344445432e-11,-1.9006948807011e-10,6.3640013781043,0.038585611827548,-2.6645352591004e-15,1
220.7,128,0,220.7,0.0021901905612898,4.56560452148e-06,9.1179344445432e-11,-1.9006948807011e-10,6.3620720975129,0.038585611827548,-2.6645352591004e-15,1
220.75,128,0,220.75,0.0021902029308219,4.5655787357877e-06,9.1179344445432e-11,-1.9006948807011e-10,6.3601428169216,0.038585611827548,-2.6645352591004e-15,1
220.8,128,0,220.8,0.002190215300354,4.5655529500954e-06,9.1179344445432e-11,-1.9006948807011e-10,6.3582135363302,0.038585611827548,-2.6645352591004e-15,1
220.85,128,0,220.85,0.002190227669886,4.5655271644031e-06,9.1179344445432e-11,-1.9006948807011e-10,6.3562842557388,0.038585611827548,-2.6645352591004e-15,1
220.9,128,0,220.9,0.0021902400394181,4.5655013787108e-06,9.1179344445432e-11,-1.9006948807011e-10,6.3543549751474,0.038585611827548,-2.6645352591004e-15,1
220.95,128,0,220.95,0.0021902524089501,4.5654755930184e-06,9.1179344445432e-11,-1.9006948807011e-10,6.352425694556,0.038585611827548,-2.6645352591004e-15,1
221,128,0,221,0.0021902647784822,4.5654498073261e-06,9.1179344445432e-11,-1.9006948807011e-10,6.3504964139647,0.038585611827548,-2.6645352591004e-15,1
221.05,128,0,221.05,0.0021902524566802,4.5654754935784e-06,-8.0824898004896e-11,1.6848772675877e-10,6.3485671333733,0.038585611827555,1.6653345369377e-15,1
221.1,128,0,221.1,0.0021902401348781,4.5655011798306e-06,-8.0824898004896e-11,1.6848772675877e-10,6.3466378527819,0.038585611827555,1.6653345369377e-15,1
221.15,128,0,221.15,0.0021902278130761,4.5655268660829e-06,-8.0824898004896e-11,1.6848772675877e-10,6.3447085721905,0.038585611827555,1.6653345369377e-15,1
221.2,128,0,221.2,0.002190215491274,4.5655525523351e-06,-8.0824898004896e-11,1.6848772675877e-10,6.3427792915992,0.038585611827555,1.6653345369377e-15,1
221.25,128,0,221.25,0.002190203169472,4.5655782385874e-06,-8.0824898004896e-11,1.6848772675877e-10,6.3408500110078,0.038585611827555,1.6653345369377e-15,1
221.3,128,0,221.3,0.00219019084767,4.5656039248396e-06,-8.0824898004896e-11,1.6848772675877e-10,6.3389207304164,0.038585611827555,1.6653345369377e-15,1
221.35,128,0,221.35,0.0021901785258679,4.5656296110919e-06,-8.0824898004896e-11,1.6848772675877e-10,6.336991449825,0.038585611827555,1.6653345369377e-15,1
221.4,128,0,221.4,0.0021901662040659,4.5656552973441e-06,-8.0824898004896e-11,1.6848772675877e-10,6.3350621692336,0.038585611827555,1.6653345369377e-15,1
221.45,128,0,221.45,0.0021901538822638,4.5656809835964e-06,-8.0824898004896e-11,1.6848772675877e-10,6.3331328886423,0.038585611827555,1.6653345369377e-15,1
221.5,128,0,221.5,0.0021901415604618,4.5657066698486e-06,-8.0824898004896e-11,1.6848772675877e-10,6.3312036080509,0.038585611827555,1.6653345369377e-15,1
221.55,128,0,221.55,0.0021901292386597,4.5657323561009e-06,-8.0824898004896e-11,1.6848772675877e-10,6.3292743274595,0.038585611827555,1.6653345369377e-15,1
221.6,128,0,221.6,0.0021901169168577,4.5657580423531e-06,-8.0824898004896e-11,1.6848772675877e-10,6.3273450468681,0.038585611827555,1.6653345369377e-15,1
221.65,128,0,221.65,0.0021901045950557,4.5657837286054e-06,-8.0824898004896e-11,1.6848772675877e-10,6.3254157662767,0.038585611827555,1.6653345369377e-15,1
221.7,128,0,221.7,0.0021900922732536,4.5658094148576e-06,-8.0824898004896e-11,1.6848772675877e-10,6.3234864856854,0.038585611827555,1.6653345369377e-15,1
221.75,128,0,221.75,0.0021900799514516,4.5658351011099e-06,-8.0824898004896e-11,1.6848772675877e-10,6.321557205094,0.038585611827555,1.6653345369377e-15,1
221.8,128,0,221.8,0.0021900676296495,4.5658607873621e-06,-8.0824898004896e-11,1.6848772675877e-10,6.3196279245026,0.038585611827555,1.6653345369377e-15,1
221.85,128,0,221.85,0.0021900553078475,4.5658864736144e-06,-8.0824898004896e-11,1.6848772675877e-10,6.3176986439112,0.038585611827555,1.6653345369377e-15,1
221.9,128,0,221.9,0.0021900429860455,4.5659121598666e-06,-8.0824898004896e-11,1.6848772675877e-10,6.3157693633199,0.038585611827555,1.6653345369377e-15,1
221.95,128,0,221.95,0.0021900306642434,4.5659378461189e-06,-8.0824898004896e-11,1.6848772675877e-10,6.3138400827285,0.038585611827555,1.6653345369377e-15,1
222,128,0,222,0.0021900183424414,4.5659635323711e-06,-8.0824898004896e-11,1.6848772675877e-10,6.3119108021371,0.038585611827555,1.6653345369377e-15,1
222.05,128,0,222.05,0.0021900271725599,4.5659451247351e-06,9.134304786851e-11,-1.9040900655758e-10,6.3099815215457,0.038585611827559,4.7739590058882e-15,1
222.1,128,0,222.1,0.0021900360026784,4.565926717099e-06,9.134304786851e-11,-1.9040900655758e-10,6.3080522409543,0.038585611827559,4.7739590058882e-15,1
222.15,128,0,222.15,0.0021900448327969,4.5659083094629e-06,9.134304786851e-11,-1.9040900655758e-10,6.306122960363,0.038585611827559,4.7739590058882e-15,1
222.2,128,0,222.2,0.0021900536629155,4.5658899018268e-06,9.134304786851e-11,-1.9040900655758e-10,6.3041936797716,0.038585611827559,4.7739590058882e-15,1
222.25,128,0,222.25,0.002190062493034,4.5658714941908e-06,9.134304786851e-11,-1.9040900655758e-10,6.3022643991802,0.038585611827559,4.7739590058882e-15,1
222.3,128,0,222.3,0.0021900713231525,4.5658530865547e-06,9.134304786851e-11,-1.9040900655758e-10,6.3003351185888,0.038585611827559,4.7739590058882e-15,1
222.35,128,0,222.35,0.002190080153271,4.5658346789186e-06,9.134304786851e-11,-1.9040900655758e-10,6.2984058379975,0.038585611827559,4.7739590058882e-15,1
222.4,128,0,222.4,0.0021900889833896,4.5658162712825e-06,9.134304786851e-11,-1.9040900655758e-10,6.2964765574061,0.038585611827559,4.7739590058882e-15,1
222.45,128,0,222.45,0.0021900978135081,4.5657978636464e-06,9.134304786851e-11,-1.9040900655758e-10,6.2945472768147,0.038585611827559,4.7739590058882e-15,1
222.5,128,0,222.5,0.0021901066436266,4.5657794560104e-06,9.134304786851e-11,-1.9040900655758e-10,6.2926179962233,0.038585611827559,4.7739590058882e-15,1
222.55,128,0,222.55,0.0021901154737452,4.5657610483743e-06,9.134304786851e-11,-1.9040900655758e-10,6.2906887156319,0.038585611827559,4.7739590058882e-15,1
222.6,128,0,222.6,0.0021901243038637,4.5657426407382e-06,9.134304786851e-11,-1.9040900655758e-10,6.2887594350406,0.038585611827559,4.7739590058882e-15,1
222.65,128,0,222.65,0.0021901331339822,4.5657242331021e-06,9.134304786851e-11,-1.9040900655758e-10,6.2868301544492,0.038585611827559,4.7739590058882e-15,1
222.7,128,0,222.7,0.0021901419641007,4.5657058254661e-06,9.134304786851e-11,-1.9040900655758e-10,6.2849008738578,0.038585611827559,4.7739590058882e-15,1
222.75,128,0,222.75,0.0021901507942193,4.56568741783e-06,9.134304786851e-11,-1.9040900655758e-10,6.2829715932664,0.038585611827559,4.7739590058882e-15,1
222.8,128,0,222.8,0.0021901596243378,4.5656690101939e-06,9.134304786851e-11,-1.9040900655758e-10,6.2810423126751,0.038585611827559,4.7739590058882e-15,1
222.85,128,0,222.85,0.0021901684544563,4.5656506025578e-06,9.134304786851e-11,-1.9040900655758e-10,6.2791130320837,0.038585611827559,4.7739590058882e-15,1
222.9,128,0,222.9,0.0021901772845748,4.5656321949218e-06,9.134304786851e-11,-1.9040900655758e-10,6.2771837514923,0.038585611827559,4.7739590058882e-15,1
222.95,128,0,222.95,0.0021901861146934,4.5656137872857e-06,9.134304786851e-11,-1.9040900655758e-10,6.2752544709009,0.038585611827559,4.7739590058882e-15,1
223,128,0,223,0.0021901949448119,4.5655953796496e-06,9.134304786851e-11,-1.9040900655758e-10,6.2733251903096,0.038585611827559,4.7739590058882e-15,1
223.05,128,0,223.05,0.0021901899995565,4.5656056889383e-06,-8.6801380627953e-11,1.8094463129443e-10,6.2713959097182,0.038585611827583,-6.883382752676e-15,1
223.1,128,0,223.1,0.0021901850543011,4.5656159982271e-06,-8.6801380627953e-11,1.8094463129443e-10,6.2694666291268,0.038585611827583,-6.883382752676e-15,1
223.15,128,0,223.15,0.0021901801090458,4.5656263075158e-06,-8.6801380627953e-11,1.8094463129443e-10,6.2675373485354,0.038585611827583,-6.883382752676e-15,1
223.2,128,0,223.2,0.0021901751637904,4.5656366168045e-06,-8.6801380627953e-11,1.8094463129443e-10,6.265608067944,0.038585611827583,-6.883382752676e-15,1
223.25,128,0,223.25,0.002190170218535,4.5656469260933e-06,-8.6801380627953e-11,1.8094463129443e-10,6.2636787873527,0.038585611827583,-6.883382752676e-15,1
223.3,128,0,223.3,0.0021901652732797,4.565657235382e-06,-8.6801380627953e-11,1.8094463129443e-10,6.2617495067613,0.038585611827583,-6.883382752676e-15,1
223.35,128,0,223.35,0.0021901603280243,4.5656675446708e-06,-8.6801380627953e-11,1.8094463129443e-10,6.2598202261699,0.038585611827583,-6.883382752676e-15,1
223.4,128,0,223.4,0.0021901553827689,4.5656778539595e-06,-8.6801380627953e-11,1.8094463129443e-10,6.2578909455785,0.038585611827583,-6.883382752676e-15,1
223.45,128,0,223.45,0.0021901504375136,4.5656881632482e-06,-8.6801380627953e-11,1.8094463129443e-10,6.2559616649871,0.038585611827583,-6.883382752676e-15,1
223.5,128,0,223.5,0.0021901454922582,4.565698472537e-06,-8.6801380627953e-11,1.8094463129443e-10,6.2540323843958,0.038585611827583,-6.883382752676e-15,1
223.55,128,0,223.55,0.0021901405470028,4.5657087818257e-06,-8.6801380627953e-11,1.8094463129443e-10,6.2521031038044,0.038585611827583,-6.883382752676e-15,1
223.6,128,0,223.6,0.0021901356017475,4.5657190911144e-06,-8.6801380627953e-11,1.8094463129443e-10,6.250173823213,0.038585611827583,-6.883382752676e-15,1
223.65,128,0,223.65,0.0021901306564921,4.5657294004032e-06,-8.6801380627953e-11,1.8094463129443e-10,6.2482445426216,0.038585611827583,-6.883382752676e-15,1
223.7,128,0,223.7,0.0021901257112367,4.5657397096919e-06,-8.6801380627953e-11,1.8094463129443e-10,6.2463152620302,0.038585611827583,-6.883382752676e-15,1
223.75,128,0,223.75,0.0021901207659814,4.5657500189806e-06,-8.6801380627953e-11,1.8094463129443e-10,6.2443859814389,0.038585611827583,-6.883382752676e-15,1
223.8,128,0,223.8,0.002190115820726,4.5657603282694e-06,-8.6801380627953e-11,1.8094463129443e-10,6.2424567008475,0.038585611827583,-6.883382752676e-15,1
223.85,128,0,223.85,0.0021901108754706,4.5657706375581e-06,-8.6801380627953e-11,1.8094463129443e-10,6.2405274202561,0.038585611827583,-6.883382752676e-15,1
223.9,128,0,223.9,0.0021901059302153,4.5657809468469e-06,-8.6801380627953e-11,1.8094463129443e-10,6.2385981396647,0.038585611827583,-6.883382752676e-15,1
223.95,128,0,223.95,0.0021901009849599,4.5657912561356e-06,-8.6801380627953e-11,1.8094463129443e-10,6.2366688590733,0.038585611827583,-6.883382752676e-15,1
224,128,0,224,0.0021900960397045,4.5658015654243e-06,-8.6801380627953e-11,1.8094463129443e-10,6.234739578482,0.038585611827583,-6.883382752676e-15,1
224.05,128,0,224.05,0.0021900980007074,4.5657974772719e-06,6.537538681871e-11,-1.3627974109486e-10,6.2328102978906,0.038585611827556,-1.4876988529977e-14,1
224.1,128,0,224.1,0.0021900999617102,4.5657933891194e-06,6.537538681871e-11,-1.3627974109486e-10,6.2308810172992,0.038585611827556,-1.4876988529977e-14,1
224.15,128,0,224.15,0.002190101922713,4.5657893009669e-06,6.537538681871e-11,-1.3627974109486e-10,6.2289517367078,0.038585611827556,-1.4876988529977e-14,1
224.2,128,0,224.2,0.0021901038837158,4.5657852128144e-06,6.537538681871e-11,-1.3627974109486e-10,6.2270224561165,0.038585611827556,-1.4876988529977e-14,1
224.25,128,0,224.25,0.0021901058447186,4.5657811246619e-06,6.537538681871e-11,-1.3627974109486e-10,6.2250931755251,0.038585611827556,-1.4876988529977e-14,1
224.3,128,0,224.3,0.0021901078057215,4.5657770365094e-06,6.537538681871e-11,-1.3627974109486e-10,6.2231638949337,0.038585611827556,-1.4876988529977e-14,1
224.35,128,0,224.35,0.0021901097667243,4.565772948357e-06,6.537538681871e-11,-1.3627974109486e-10,6.2212346143423,0.038585611827556,-1.4876988529977e-14,1
224.4,128,0,224.4,0.0021901117277271,4.5657688602045e-06,6.537538681871e-11,-1.3627974109486e-10,6.2193053337509,0.038585611827556,-1.4876988529977e-14,1
224.45,128,0,224.45,0.0021901136887299,4.565764772052e-06,6.537538681871e-11,-1.3627974109486e-10,6.2173760531596,0.038585611827556,-1.4876988529977e-14,1
224.5,128,0,224.5,0.0021901156497328,4.5657606838995e-06,6.537538681871e-11,-1.3627974109486e-10,6.2154467725682,0.038585611827556,-1.4876988529977e-14,1
224.55,128,0,224.55,0.0021901176107356,4.565756595747e-06,6.537538681871e-11,-1.3627974109486e-10,6.2135174919768,0.038585611827556,-1.4876988529977e-14,1
224.6,128,0,224.6,0.0021901195717384,4.5657525075946e-06,6.537538681871e-11,-1.3627974109486e-10,6.2115882113854,0.038585611827556,-1.4876988529977e-14,1
224.65,128,0,224.65,0.0021901215327412,4.5657484194421e-06,6.537538681871e-11,-1.3627974109486e-10,6.2096589307941,0.038585611827556,-1.4876988529977e-14,1
224.7,128,0,224.7,0.002190123493744,4.5657443312896e-06,6.537538681871e-11,-1.3627974109486e-10,6.2077296502027,0.038585611827556,-1.4876988529977e-14,1
224.75,128,0,224.75,0.0021901254547469,4.5657402431371e-06,6.537538681871e-11,-1.3627974109486e-10,6.2058003696113,0.038585611827556,-1.4876988529977e-14,1
224.8,128,0,224.8,0.0021901274157497,4.5657361549846e-06,6.537538681871e-11,-1.3627974109486e-10,6.2038710890199,0.038585611827556,-1.4876988529977e-14,1
224.85,128,0,224.85,0.0021901293767525,4.5657320668322e-06,6.537538681871e-11,-1.3627974109486e-10,6.2019418084286,0.038585611827556,-1.4876988529977e-14,1
224.9,128,0,224.9,0.0021901313377553,4.5657279786797e-06,6.537538681871e-11,-1.3627974109486e-10,6.2000125278372,0.038585611827556,-1.4876988529977e-14,1
224.95,128,0,224.95,0.0021901332987582,4.5657238905272e-06,6.537538681871e-11,-1.3627974109486e-10,6.1980832472458,0.038585611827556,-1.4876988529977e-14,1
225,128,0,225,0.002190135259761,4.5657198023747e-06,6.537538681871e-11,-1.3627974109486e-10,6.1961539666544,0.038585611827556,-1.4876988529977e-14,1
225.05,128,0,225.05,0.0021901355971436,4.5657190992744e-06,-5.3991903146202e-11,1.1255103994238e-10,6.194224686063,0.038585611827557,-1.4432899320127e-14,1
225.1,128,0,225.1,0.0021901359345262,4.565718396174e-06,-5.3991903146202e-11,1.1255103994238e-10,6.1922954054717,0.038585611827557,-1.4432899320127e-14,1
225.15,128,0,225.15,0.0021901362719088,4.5657176930737e-06,-5.3991903146202e-11,1.1255103994238e-10,6.1903661248803,0.038585611827557,-1.4432899320127e-14,1
225.2,128,0,225.2,0.0021901366092914,4.5657169899734e-06,-5.3991903146202e-11,1.1255103994238e-10,6.1884368442889,0.038585611827557,-1.4432899320127e-14,1
225.25,128,0,225.25,0.002190136946674,4.565716286873e-06,-5.3991903146202e-11,1.1255103994238e-10,6.1865075636975,0.038585611827557,-1.4432899320127e-14,1
225.3,128,0,225.3,0.0021901372840566,4.5657155837727e-06,-5.3991903146202e-11,1.1255103994238e-10,6.1845782831062,0.038585611827557,-1.4432899320127e-14,1
225.35,128,0,225.35,0.0021901376214392,4.5657148806724e-06,-5.3991903146202e-11,1.1255103994238e-10,6.1826490025148,0.038585611827557,-1.4432899320127e-14,1
225.4,128,0,225.4,0.0021901379588218,4.565714177572e-06,-5.3991903146202e-11,1.1255103994238e-10,6.1807197219234,0.038585611827557,-1.4432899320127e-14,1
225.45,128,0,225.45,0.0021901382962044,4.5657134744717e-06,-5.3991903146202e-11,1.1255103994238e-10,6.178790441332,0.038585611827557,-1.4432899320127e-14,1
225.5,128,0,225.5,0.002190138633587,4.5657127713713e-06,-5.3991903146202e-11,1.1255103994238e-10,6.1768611607406,0.038585611827557,-1.4432899320127e-14,1
225.55,128,0,225.55,0.0021901389709696,4.565712068271e-06,-5.3991903146202e-11,1.1255103994238e-10,6.1749318801493,0.038585611827557,-1.4432899320127e-14,1
225.6,128,0,225.6,0.0021901393083522,4.5657113651707e-06,-5.3991903146202e-11,1.1255103994238e-10,6.1730025995579,0.038585611827557,-1.4432899320127e-14,1
225.65,128,0,225.65,0.0021901396457348,4.5657106620703e-06,-5.3991903146202e-11,1.1255103994238e-10,6.1710733189665,0.038585611827557,-1.4432899320127e-14,1
225.7,128,0,225.7,0.0021901399831174,4.56570995897e-06,-5.3991903146202e-11,1.1255103994238e-10,6.1691440383751,0.038585611827557,-1.4432899320127e-14,1
225.75,128,0,225.75,0.0021901403205,4.5657092558697e-06,-5.3991903146202e-11,1.1255103994238e-10,6.1672147577837,0.038585611827557,-1.4432899320127e-14,1
225.8,128,0,225.8,0.0021901406578826,4.5657085527693e-06,-5.3991903146202e-11,1.1255103994238e-10,6.1652854771924,0.038585611827557,-1.4432899320127e-14,1
225.85,128,0,225.85,0.0021901409952652,4.565707849669e-06,-5.3991903146202e-11,1.1255103994238e-10,6.163356196601,0.038585611827557,-1.4432899320127e-14,1
225.9,128,0,225.9,0.0021901413326478,4.5657071465686e-06,-5.3991903146202e-11,1.1255103994238e-10,6.1614269160096,0.038585611827557,-1.4432899320127e-14,1
225.95,128,0,225.95,0.0021901416700304,4.5657064434683e-06,-5.3991903146202e-11,1.1255103994238e-10,6.1594976354182,0.038585611827557,-1.4432899320127e-14,1
226,128,0,226,0.002190142007413,4.565705740368e-06,-5.3991903146202e-11,1.1255103994238e-10,6.1575683548269,0.038585611827557,-1.4432899320127e-14,1
226.05,128,0,226.05,0.0021901418286147,4.5657061129075e-06,5.7023138627925e-11,-1.1886969558552e-10,6.1556390742355,0.038585611827565,-7.8825834748386e-15,1
226.1,128,0,226.1,0.0021901416498164,4.565706485447e-06,5.7023138627925e-11,-1.1886969558552e-10,6.1537097936441,0.038585611827565,-7.8825834748386e-15,1
226.15,128,0,226.15,0.0021901414710182,4.5657068579865e-06,5.7023138627925e-11,-1.1886969558552e-10,6.1517805130527,0.038585611827565,-7.8825834748386e-15,1
226.2,128,0,226.2,0.0021901412922199,4.5657072305259e-06,5.7023138627925e-11,-1.1886969558552e-10,6.1498512324613,0.038585611827565,-7.8825834748386e-15,1
226.25,128,0,226.25,0.0021901411134216,4.5657076030654e-06,5.7023138627925e-11,-1.1886969558552e-10,6.14792195187,0.038585611827565,-7.8825834748386e-15,1
226.3,128,0,226.3,0.0021901409346233,4.5657079756049e-06,5.7023138627925e-11,-1.1886969558552e-10,6.1459926712786,0.038585611827565,-7.8825834748386e-15,1
226.35,128,0,226.35,0.002190140755825,4.5657083481444e-06,5.7023138627925e-11,-1.1886969558552e-10,6.1440633906872,0.038585611827565,-7.8825834748386e-15,1
226.4,128,0,226.4,0.0021901405770267,4.5657087206839e-06,5.7023138627925e-11,-1.1886969558552e-10,6.1421341100958,0.038585611827565,-7.8825834748386e-15,1
226.45,128,0,226.45,0.0021901403982284,4.5657090932234e-06,5.7023138627925e-11,-1.1886969558552e-10,6.1402048295045,0.038585611827565,-7.8825834748386e-15,1
226.5,128,0,226.5,0.0021901402194301,4.5657094657629e-06,5.7023138627925e-11,-1.1886969558552e-10,6.1382755489131,0.038585611827565,-7.8825834748386e-15,1
226.55,128,0,226.55,0.0021901400406318,4.5657098383024e-06,5.7023138627925e-11,-1.1886969558552e-10,6.1363462683217,0.038585611827565,-7.8825834748386e-15,1
226.6,128,0,226.6,0.0021901398618335,4.5657102108419e-06,5.7023138627925e-11,-1.1886969558552e-10,6.1344169877303,0.038585611827565,-7.8825834748386e-15,1
226.65,128,0,226.65,0.0021901396830352,4.5657105833814e-06,5.7023138627925e-11,-1.1886969558552e-10,6.1324877071389,0.038585611827565,-7.8825834748386e-15,1
226.7,128,0,226.7,0.0021901395042369,4.5657109559209e-06,5.7023138627925e-11,-1.1886969558552e-10,6.1305584265476,0.038585611827565,-7.8825834748386e-15,1
226.75,128,0,226.75,0.0021901393254386,4.5657113284604e-06,5.7023138627925e-11,-1.1886969558552e-10,6.1286291459562,0.038585611827565,-7.8825834748386e-15,1
226.8,128,0,226.8,0.0021901391466403,4.5657117009999e-06,5.7023138627925e-11,-1.1886969558552e-10,6.1266998653648,0.038585611827565,-7.8825834748386e-15,1
226.85,128,0,226.85,0.002190138967842,4.5657120735394e-06,5.7023138627925e-11,-1.1886969558552e-10,6.1247705847734,0.038585611827565,-7.8825834748386e-15,1
226.9,128,0,226.9,0.0021901387890438,4.5657124460789e-06,5.7023138627925e-11,-1.1886969558552e-10,6.122841304182,0.038585611827565,-7.8825834748386e-15,1
226.95,128,0,226.95,0.0021901386102455,4.5657128186184e-06,5.7023138627925e-11,-1.1886969558552e-10,6.1209120235907,0.038585611827565,-7.8825834748386e-15,1
227,128,0,227,0.0021901384314472,4.5657131911579e-06,5.7023138627925e-11,-1.1886969558552e-10,6.1189827429993,0.038585611827565,-7.8825834748386e-15,1
227.05,128,0,227.05,0.0021901374942955,4.5657151448714e-06,-6.2106130657079e-11,1.2946571879709e-10,6.1170534624079,0.038585611827562,5.0515147620445e-15,1
227.1,128,0,227.1,0.0021901365571439,4.5657170985849e-06,-6.2106130657079e-11,1.2946571879709e-10,6.1151241818165,0.038585611827562,5.0515147620445e-15,1
227.15,128,0,227.15,0.0021901356199922,4.5657190522983e-06,-6.2106130657079e-11,1.2946571879709e-10,6.1131949012252,0.038585611827562,5.0515147620445e-15,1
227.2,128,0,227.2,0.0021901346828406,4.5657210060118e-06,-6.2106130657079e-11,1.2946571879709e-10,6.1112656206338,0.038585611827562,5.0515147620445e-15,1
227.25,128,0,227.25,0.002190133745689,4.5657229597253e-06,-6.2106130657079e-11,1.2946571879709e-10,6.1093363400424,0.038585611827562,5.0515147620445e-15,1
227.3,128,0,227.3,0.0021901328085373,4.5657249134388e-06,-6.2106130657079e-11,1.2946571879709e-10,6.107407059451,0.038585611827562,5.0515147620445e-15,1
227.35,128,0,227.35,0.0021901318713857,4.5657268671523e-06,-6.2106130657079e-11,1.2946571879709e-10,6.1054777788596,0.038585611827562,5.0515147620445e-15,1
227.4,128,0,227.4,0.002190130934234,4.5657288208658e-06,-6.2106130657079e-11,1.2946571879709e-10,6.1035484982683,0.038585611827562,5.0515147620445e-15,1
227.45,128,0,227.45,0.0021901299970824,4.5657307745792e-06,-6.2106130657079e-11,1.2946571879709e-10,6.1016192176769,0.038585611827562,5.0515147620445e-15,1
227.5,128,0,227.5,0.0021901290599307,4.5657327282927e-06,-6.2106130657079e-11,1.2946571879709e-10,6.0996899370855,0.038585611827562,5.0515147620445e-15,1
227.55,128,0,227.55,0.0021901281227791,4.5657346820062e-06,-6.2106130657079e-11,1.2946571879709e-10,6.0977606564941,0.038585611827562,5.0515147620445e-15,1
227.6,128,0,227.6,0.0021901271856275,4.5657366357197e-06,-6.2106130657079e-11,1.2946571879709e-10,6.0958313759027,0.038585611827562,5.0515147620445e-15,1
227.65,128,0,227.65,0.0021901262484758,4.5657385894332e-06,-6.2106130657079e-11,1.2946571879709e-10,6.0939020953114,0.038585611827562,5.0515147620445e-15,1
227.7,128,0,227.7,0.0021901253113242,4.5657405431467e-06,-6.2106130657079e-11,1.2946571879709e-10,6.09197281472,0.038585611827562,5.0515147620445e-15,1
227.75,128,0,227.75,0.0021901243741725,4.5657424968601e-06,-6.2106130657079e-11,1.2946571879709e-10,6.0900435341286,0.038585611827562,5.0515147620445e-15,1
227.8,128,0,227.8,0.0021901234370209,4.5657444505736e-06,-6.2106130657079e-11,1.2946571879709e-10,6.0881142535372,0.038585611827562,5.0515147620445e-15,1
227.85,128,0,227.85,0.0021901224998692,4.5657464042871e-06,-6.2106130657079e-11,1.2946571879709e-10,6.0861849729458,0.038585611827562,5.0515147620445e-15,1
227.9,128,0,227.9,0.0021901215627176,4.5657483580006e-06,-6.2106130657079e-11,1.2946571879709e-10,6.0842556923545,0.038585611827562,5.0515147620445e-15,1
227.95,128,0,227.95,0.002190120625566,4.5657503117141e-06,-6.2106130657079e-11,1.2946571879709e-10,6.0823264117631,0.038585611827562,5.0515147620445e-15,1
228,128,0,228,0.0021901196884143,4.5657522654276e-06,-6.2106130657079e-11,1.2946571879709e-10,6.0803971311717,0.038585611827562,5.0515147620445e-15,1
228.05,128,0,228.05,0.0021901199903401,4.5657516359039e-06,5.8290421282826e-11,-1.2151131196065e-10,6.0784678505803,0.038585611827551,1.0325074129014e-14,1
228.1,128,0,228.1,0.0021901202922659,4.5657510063803e-06,5.8290421282826e-11,-1.2151131196065e-10,6.076538569989,0.038585611827551,1.0325074129014e-14,1
228.15,128,0,228.15,0.0021901205941917,4.5657503768566e-06,5.8290421282826e-11,-1.2151131196065e-10,6.0746092893976,0.038585611827551,1.0325074129014e-14,1
228.2,128,0,228.2,0.0021901208961176,4.565749747333e-06,5.8290421282826e-11,-1.2151131196065e-10,6.0726800088062,0.038585611827551,1.0325074129014e-14,1
228.25,128,0,228.25,0.0021901211980434,4.5657491178094e-06,5.8290421282826e-11,-1.2151131196065e-10,6.0707507282148,0.038585611827551,1.0325074129014e-14,1
228.3,128,0,228.3,0.0021901214999692,4.5657484882857e-06,5.8290421282826e-11,-1.2151131196065e-10,6.0688214476235,0.038585611827551,1.0325074129014e-14,1
228.35,128,0,228.35,0.002190121801895,4.5657478587621e-06,5.8290421282826e-11,-1.2151131196065e-10,6.0668921670321,0.038585611827551,1.0325074129014e-14,1
228.4,128,0,228.4,0.0021901221038208,4.5657472292384e-06,5.8290421282826e-11,-1.2151131196065e-10,6.0649628864407,0.038585611827551,1.0325074129014e-14,1
228.45,128,0,228.45,0.0021901224057466,4.5657465997148e-06,5.8290421282826e-11,-1.2151131196065e-10,6.0630336058493,0.038585611827551,1.0325074129014e-14,1
228.5,128,0,228.5,0.0021901227076724,4.5657459701912e-06,5.8290421282826e-11,-1.2151131196065e-10,6.0611043252579,0.038585611827551,1.0325074129014e-14,1
228.55,128,0,228.55,0.0021901230095982,4.5657453406675e-06,5.8290421282826e-11,-1.2151131196065e-10,6.0591750446666,0.038585611827551,1.0325074129014e-14,1
228.6,128,0,228.6,0.002190123311524,4.5657447111439e-06,5.8290421282826e-11,-1.2151131196065e-10,6.0572457640752,0.038585611827551,1.0325074129014e-14,1
228.65,128,0,228.65,0.0021901236134498,4.5657440816203e-06,5.8290421282826e-11,-1.2151131196065e-10,6.0553164834838,0.038585611827551,1.0325074129014e-14,1
228.7,128,0,228.7,0.0021901239153756,4.5657434520966e-06,5.8290421282826e-11,-1.2151131196065e-10,6.0533872028924,0.038585611827551,1.0325074129014e-14,1
228.75,128,0,228.75,0.0021901242173015,4.565742822573e-06,5.8290421282826e-11,-1.2151131196065e-10,6.0514579223011,0.038585611827551,1.0325074129014e-14,1
228.8,128,0,228.8,0.0021901245192273,4.5657421930493e-06,5.8290421282826e-11,-1.2151131196065e-10,6.0495286417097,0.038585611827551,1.0325074129014e-14,1
228.85,128,0,228.85,0.0021901248211531,4.5657415635257e-06,5.8290421282826e-11,-1.2151131196065e-10,6.0475993611183,0.038585611827551,1.0325074129014e-14,1
228.9,128,0,228.9,0.0021901251230789,4.5657409340021e-06,5.8290421282826e-11,-1.2151131196065e-10,6.0456700805269,0.038585611827551,1.0325074129014e-14,1
228.95,128,0,228.95,0.0021901254250047,4.5657403044784e-06,5.8290421282826e-11,-1.2151131196065e-10,6.0437407999356,0.038585611827551,1.0325074129014e-14,1
229,128,0,229,0.0021901257269305,4.5657396749548e-06,5.8290421282826e-11,-1.2151131196065e-10,6.0418115193442,0.038585611827551,1.0325074129014e-14,1
229.05,128,0,229.05,0.0021901266662784,4.5657377169745e-06,-5.3512051755971e-11,1.1155017771479e-10,6.0398822387528,0.038585611827577,-2.2093438190041e-14,1
229.1,128,0,229.1,0.0021901276056263,4.5657357589942e-06,-5.3512051755971e-11,1.1155017771479e-10,6.0379529581614,0.038585611827577,-2.2093438190041e-14,1
229.15,128,0,229.15,0.0021901285449742,4.5657338010139e-06,-5.3512051755971e-11,1.1155017771479e-10,6.03602367757,0.038585611827577,-2.2093438190041e-14,1
229.2,128,0,229.2,0.0021901294843221,4.5657318430336e-06,-5.3512051755971e-11,1.1155017771479e-10,6.0340943969787,0.038585611827577,-2.2093438190041e-14,1
229.25,128,0,229.25,0.00219013042367,4.5657298850534e-06,-5.3512051755971e-11,1.1155017771479e-10,6.0321651163873,0.038585611827577,-2.2093438190041e-14,1
229.3,128,0,229.3,0.0021901313630179,4.5657279270731e-06,-5.3512051755971e-11,1.1155017771479e-10,6.0302358357959,0.038585611827577,-2.2093438190041e-14,1
229.35,128,0,229.35,0.0021901323023658,4.5657259690928e-06,-5.3512051755971e-11,1.1155017771479e-10,6.0283065552045,0.038585611827577,-2.2093438190041e-14,1
229.4,128,0,229.4,0.0021901332417137,4.5657240111125e-06,-5.3512051755971e-11,1.1155017771479e-10,6.0263772746132,0.038585611827577,-2.2093438190041e-14,1
229.45,128,0,229.45,0.0021901341810616,4.5657220531322e-06,-5.3512051755971e-11,1.1155017771479e-10,6.0244479940218,0.038585611827577,-2.2093438190041e-14,1
229.5,128,0,229.5,0.0021901351204095,4.5657200951519e-06,-5.3512051755971e-11,1.1155017771479e-10,6.0225187134304,0.038585611827577,-2.2093438190041e-14,1
229.55,128,0,229.55,0.0021901360597574,4.5657181371716e-06,-5.3512051755971e-11,1.1155017771479e-10,6.020589432839,0.038585611827577,-2.2093438190041e-14,1
229.6,128,0,229.6,0.0021901369991053,4.5657161791913e-06,-5.3512051755971e-11,1.1155017771479e-10,6.0186601522476,0.038585611827577,-2.2093438190041e-14,1
229.65,128,0,229.65,0.0021901379384532,4.5657142212111e-06,-5.3512051755971e-11,1.1155017771479e-10,6.0167308716563,0.038585611827577,-2.2093438190041e-14,1
229.7,128,0,229.7,0.0021901388778011,4.5657122632308e-06,-5.3512051755971e-11,1.1155017771479e-10,6.0148015910649,0.038585611827577,-2.2093438190041e-14,1
229.75,128,0,229.75,0.002190139817149,4.5657103052505e-06,-5.3512051755971e-11,1.1155017771479e-10,6.0128723104735,0.038585611827577,-2.2093438190041e-14,1
229.8,128,0,229.8,0.0021901407564969,4.5657083472702e-06,-5.3512051755971e-11,1.1155017771479e-10,6.0109430298821,0.038585611827577,-2.2093438190041e-14,1
229.85,128,0,229.85,0.0021901416958448,4.5657063892899e-06,-5.3512051755971e-11,1.1155017771479e-10,6.0090137492907,0.038585611827577,-2.2093438190041e-14,1
229.9,128,0,229.9,0.0021901426351927,4.5657044313096e-06,-5.3512051755971e-11,1.1155017771479e-10,6.0070844686994,0.038585611827577,-2.2093438190041e-14,1
229.95,128,0,229.95,0.0021901435745406,4.5657024733293e-06,-5.3512051755971e-11,1.1155017771479e-10,6.005155188108,0.038585611827577,-2.2093438190041e-14,1
230,128,0,230,0.0021901445138885,4.5657005153491e-06,-5.3512051755971e-11,1.1155017771479e-10,6.0032259075166,0.038585611827577,-2.2093438190041e-14,1
230.05,128,0,230.05,0.0021901442171311,4.5657011337879e-06,5.7751444279579e-11,-1.2038782586883e-10,6.0012966269252,0.038585611827567,-2.120525977034e-14,1
230.1,128,0,230.1,0.0021901439203737,4.5657017522268e-06,5.7751444279579e-11,-1.2038782586883e-10,5.9993673463339,0.038585611827567,-2.120525977034e-14,1
230.15,128,0,230.15,0.0021901436236163,4.5657023706657e-06,5.7751444279579e-11,-1.2038782586883e-10,5.9974380657425,0.038585611827567,-2.120525977034e-14,1
230.2,128,0,230.2,0.0021901433268589,4.5657029891045e-06,5.7751444279579e-11,-1.2038782586883e-10,5.9955087851511,0.038585611827567,-2.120525977034e-14,1
230.25,128,0,230.25,0.0021901430301015,4.5657036075434e-06,5.7751444279579e-11,-1.2038782586883e-10,5.9935795045597,0.038585611827567,-2.120525977034e-14,1
230.3,128,0,230.3,0.0021901427333441,4.5657042259823e-06,5.7751444279579e-11,-1.2038782586883e-10,5.9916502239683,0.038585611827567,-2.120525977034e-14,1
230.35,128,0,230.35,0.0021901424365867,4.5657048444211e-06,5.7751444279579e-11,-1.2038782586883e-10,5.989720943377,0.038585611827567,-2.120525977034e-14,1
230.4,128,0,230.4,0.0021901421398293,4.56570546286e-06,5.7751444279579e-11,-1.2038782586883e-10,5.9877916627856,0.038585611827567,-2.120525977034e-14,1
230.45,128,0,230.45,0.0021901418430719,4.5657060812988e-06,5.7751444279579e-11,-1.2038782586883e-10,5.9858623821942,0.038585611827567,-2.120525977034e-14,1
230.5,128,0,230.5,0.0021901415463145,4.5657066997377e-06,5.7751444279579e-11,-1.2038782586883e-10,5.9839331016028,0.038585611827567,-2.120525977034e-14,1
230.55,128,0,230.55,0.0021901412495572,4.5657073181766e-06,5.7751444279579e-11,-1.2038782586883e-10,5.9820038210114,0.038585611827567,-2.120525977034e-14,1
230.6,128,0,230.6,0.0021901409527998,4.5657079366154e-06,5.7751444279579e-11,-1.2038782586883e-10,5.9800745404201,0.038585611827567,-2.120525977034e-14,1
230.65,128,0,230.65,0.0021901406560424,4.5657085550543e-06,5.7751444279579e-11,-1.2038782586883e-10,5.9781452598287,0.038585611827567,-2.120525977034e-14,1
230.7,128,0,230.7,0.002190140359285,4.5657091734932e-06,5.7751444279579e-11,-1.2038782586883e-10,5.9762159792373,0.038585611827567,-2.120525977034e-14,1
230.75,128,0,230.75,0.0021901400625276,4.565709791932e-06,5.7751444279579e-11,-1.2038782586883e-10,5.9742866986459,0.038585611827567,-2.120525977034e-14,1
230.8,128,0,230.8,0.0021901397657702,4.5657104103709e-06,5.7751444279579e-11,-1.2038782586883e-10,5.9723574180545,0.038585611827567,-2.120525977034e-14,1
230.85,128,0,230.85,0.0021901394690128,4.5657110288098e-06,5.7751444279579e-11,-1.2038782586883e-10,5.9704281374632,0.038585611827567,-2.120525977034e-14,1
230.9,128,0,230.9,0.0021901391722554,4.5657116472486e-06,5.7751444279579e-11,-1.2038782586883e-10,5.9684988568718,0.038585611827567,-2.120525977034e-14,1
230.95,128,0,230.95,0.002190138875498,4.5657122656875e-06,5.7751444279579e-11,-1.2038782586883e-10,5.9665695762804,0.038585611827567,-2.120525977034e-14,1
231,128,0,231,0.0021901385787406,4.5657128841264e-06,5.7751444279579e-11,-1.2038782586883e-10,5.964640295689,0.038585611827567,-2.120525977034e-14,1
231.05,128,0,231.05,0.0021901376080859,4.5657149076808e-06,-6.2642852704717e-11,1.3058463317872e-10,5.9627110150977,0.038585611827555,-1.3322676295502e-15,1
231.1,128,0,231.1,0.0021901366374311,4.5657169312351e-06,-6.2642852704717e-11,1.3058463317872e-10,5.9607817345063,0.038585611827555,-1.3322676295502e-15,1
231.15,128,0,231.15,0.0021901356667764,4.5657189547895e-06,-6.2642852704717e-11,1.3058463317872e-10,5.9588524539149,0.038585611827555,-1.3322676295502e-15,1
231.2,128,0,231.2,0.0021901346961216,4.5657209783439e-06,-6.2642852704717e-11,1.3058463317872e-10,5.9569231733235,0.038585611827555,-1.3322676295502e-15,1
231.25,128,0,231.25,0.0021901337254669,4.5657230018983e-06,-6.2642852704717e-11,1.3058463317872e-10,5.9549938927321,0.038585611827555,-1.3322676295502e-15,1
231.3,128,0,231.3,0.0021901327548122,4.5657250254527e-06,-6.2642852704717e-11,1.3058463317872e-10,5.9530646121408,0.038585611827555,-1.3322676295502e-15,1
231.35,128,0,231.35,0.0021901317841574,4.5657270490071e-06,-6.2642852704717e-11,1.3058463317872e-10,5.9511353315494,0.038585611827555,-1.3322676295502e-15,1
231.4,128,0,231.4,0.0021901308135027,4.5657290725615e-06,-6.2642852704717e-11,1.3058463317872e-10,5.949206050958,0.038585611827555,-1.3322676295502e-15,1
231.45,128,0,231.45,0.0021901298428479,4.5657310961159e-06,-6.2642852704717e-11,1.3058463317872e-10,5.9472767703666,0.038585611827555,-1.3322676295502e-15,1
231.5,128,0,231.5,0.0021901288721932,4.5657331196702e-06,-6.2642852704717e-11,1.3058463317872e-10,5.9453474897753,0.038585611827555,-1.3322676295502e-15,1
231.55,128,0,231.55,0.0021901279015384,4.5657351432246e-06,-6.2642852704717e-11,1.3058463317872e-10,5.9434182091839,0.038585611827555,-1.3322676295502e-15,1
231.6,128,0,231.6,0.0021901269308837,4.565737166779e-06,-6.2642852704717e-11,1.3058463317872e-10,5.9414889285925,0.038585611827555,-1.3322676295502e-15,1
231.65,128,0,231.65,0.0021901259602289,4.5657391903334e-06,-6.2642852704717e-11,1.3058463317872e-10,5.9395596480011,0.038585611827555,-1.3322676295502e-15,1
231.7,128,0,231.7,0.0021901249895742,4.5657412138878e-06,-6.2642852704717e-11,1.3058463317872e-10,5.9376303674097,0.038585611827555,-1.3322676295502e-15,1
231.75,128,0,231.75,0.0021901240189195,4.5657432374422e-06,-6.2642852704717e-11,1.3058463317872e-10,5.9357010868184,0.038585611827555,-1.3322676295502e-15,1
231.8,128,0,231.8,0.0021901230482647,4.5657452609966e-06,-6.2642852704717e-11,1.3058463317872e-10,5.933771806227,0.038585611827555,-1.3322676295502e-15,1
231.85,128,0,231.85,0.00219012207761,4.565747284551e-06,-6.2642852704717e-11,1.3058463317872e-10,5.9318425256356,0.038585611827555,-1.3322676295502e-15,1
231.9,128,0,231.9,0.0021901211069552,4.5657493081053e-06,-6.2642852704717e-11,1.3058463317872e-10,5.9299132450442,0.038585611827555,-1.3322676295502e-15,1
231.95,128,0,231.95,0.0021901201363005,4.5657513316597e-06,-6.2642852704717e-11,1.3058463317872e-10,5.9279839644529,0.038585611827555,-1.3322676295502e-15,1
232,128,0,232,0.0021901191656457,4.5657533552141e-06,-6.2642852704717e-11,1.3058463317872e-10,5.9260546838615,0.038585611827555,-1.3322676295502e-15,1
232.05,128,0,232.05,0.0021901194721669,4.5657527161065e-06,5.9094156223651e-11,-1.2318681082085e-10,5.9241254032701,0.038585611827567,-7.8825834748386e-15,1
232.1,128,0,232.1,0.0021901197786881,4.565752076999e-06,5.9094156223651e-11,-1.2318681082085e-10,5.9221961226787,0.038585611827567,-7.8825834748386e-15,1
232.15,128,0,232.15,0.0021901200852092,4.5657514378914e-06,5.9094156223651e-11,-1.2318681082085e-10,5.9202668420873,0.038585611827567,-7.8825834748386e-15,1
232.2,128,0,232.2,0.0021901203917304,4.5657507987839e-06,5.9094156223651e-11,-1.2318681082085e-10,5.918337561496,0.038585611827567,-7.8825834748386e-15,1
232.25,128,0,232.25,0.0021901206982515,4.5657501596763e-06,5.9094156223651e-11,-1.2318681082085e-10,5.9164082809046,0.038585611827567,-7.8825834748386e-15,1
232.3,128,0,232.3,0.0021901210047727,4.5657495205687e-06,5.9094156223651e-11,-1.2318681082085e-10,5.9144790003132,0.038585611827567,-7.8825834748386e-15,1
232.35,128,0,232.35,0.0021901213112939,4.5657488814612e-06,5.9094156223651e-11,-1.2318681082085e-10,5.9125497197218,0.038585611827567,-7.8825834748386e-15,1
232.4,128,0,232.4,0.002190121617815,4.5657482423536e-06,5.9094156223651e-11,-1.2318681082085e-10,5.9106204391305,0.038585611827567,-7.8825834748386e-15,1
232.45,128,0,232.45,0.0021901219243362,4.565747603246e-06,5.9094156223651e-11,-1.2318681082085e-10,5.9086911585391,0.038585611827567,-7.8825834748386e-15,1
232.5,128,0,232.5,0.0021901222308574,4.5657469641385e-06,5.9094156223651e-11,-1.2318681082085e-10,5.9067618779477,0.038585611827567,-7.8825834748386e-15,1
232.55,128,0,232.55,0.0021901225373785,4.5657463250309e-06,5.9094156223651e-11,-1.2318681082085e-10,5.9048325973563,0.038585611827567,-7.8825834748386e-15,1
232.6,128,0,232.6,0.0021901228438997,4.5657456859233e-06,5.9094156223651e-11,-1.2318681082085e-10,5.9029033167649,0.038585611827567,-7.8825834748386e-15,1
232.65,128,0,232.65,0.0021901231504209,4.5657450468158e-06,5.9094156223651e-11,-1.2318681082085e-10,5.9009740361736,0.038585611827567,-7.8825834748386e-15,1
232.7,128,0,232.7,0.002190123456942,4.5657444077082e-06,5.9094156223651e-11,-1.2318681082085e-10,5.8990447555822,0.038585611827567,-7.8825834748386e-15,1
232.75,128,0,232.75,0.0021901237634632,4.5657437686006e-06,5.9094156223651e-11,-1.2318681082085e-10,5.8971154749908,0.038585611827567,-7.8825834748386e-15,1
232.8,128,0,232.8,0.0021901240699843,4.5657431294931e-06,5.9094156223651e-11,-1.2318681082085e-10,5.8951861943994,0.038585611827567,-7.8825834748386e-15,1
232.85,128,0,232.85,0.0021901243765055,4.5657424903855e-06,5.9094156223651e-11,-1.2318681082085e-10,5.893256913808,0.038585611827567,-7.8825834748386e-15,1
232.9,128,0,232.9,0.0021901246830267,4.5657418512779e-06,5.9094156223651e-11,-1.2318681082085e-10,5.8913276332167,0.038585611827567,-7.8825834748386e-15,1
232.95,128,0,232.95,0.0021901249895478,4.5657412121704e-06,5.9094156223651e-11,-1.2318681082085e-10,5.8893983526253,0.038585611827567,-7.8825834748386e-15,1
233,128,0,233,0.002190125296069,4.5657405730628e-06,5.9094156223651e-11,-1.2318681082085e-10,5.8874690720339,0.038585611827567,-7.8825834748386e-15,1
233.05,128,0,233.05,0.0021901262797098,4.5657385227584e-06,-5.5833297461387e-11,1.1638914565341e-10,5.8855397914425,0.038585611827571,-1.8873791418628e-14,1
233.1,128,0,233.1,0.0021901272633505,4.5657364724539e-06,-5.5833297461387e-11,1.1638914565341e-10,5.8836105108512,0.038585611827571,-1.8873791418628e-14,1
233.15,128,0,233.15,0.0021901282469913,4.5657344221495e-06,-5.5833297461387e-11,1.1638914565341e-10,5.8816812302598,0.038585611827571,-1.8873791418628e-14,1
233.2,128,0,233.2,0.0021901292306321,4.565732371845e-06,-5.5833297461387e-11,1.1638914565341e-10,5.8797519496684,0.038585611827571,-1.8873791418628e-14,1
233.25,128,0,233.25,0.0021901302142728,4.5657303215406e-06,-5.5833297461387e-11,1.1638914565341e-10,5.877822669077,0.038585611827571,-1.8873791418628e-14,1
233.3,128,0,233.3,0.0021901311979136,4.5657282712361e-06,-5.5833297461387e-11,1.1638914565341e-10,5.8758933884856,0.038585611827571,-1.8873791418628e-14,1
233.35,128,0,233.35,0.0021901321815544,4.5657262209317e-06,-5.5833297461387e-11,1.1638914565341e-10,5.8739641078943,0.038585611827571,-1.8873791418628e-14,1
233.4,128,0,233.4,0.0021901331651951,4.5657241706272e-06,-5.5833297461387e-11,1.1638914565341e-10,5.8720348273029,0.038585611827571,-1.8873791418628e-14,1
233.45,128,0,233.45,0.0021901341488359,4.5657221203227e-06,-5.5833297461387e-11,1.1638914565341e-10,5.8701055467115,0.038585611827571,-1.8873791418628e-14,1
233.5,128,0,233.5,0.0021901351324767,4.5657200700183e-06,-5.5833297461387e-11,1.1638914565341e-10,5.8681762661201,0.038585611827571,-1.8873791418628e-14,1
233.55,128,0,233.55,0.0021901361161174,4.5657180197138e-06,-5.5833297461387e-11,1.1638914565341e-10,5.8662469855288,0.038585611827571,-1.8873791418628e-14,1
233.6,128,0,233.6,0.0021901370997582,4.5657159694094e-06,-5.5833297461387e-11,1.1638914565341e-10,5.8643177049374,0.038585611827571,-1.8873791418628e-14,1
233.65,128,0,233.65,0.002190138083399,4.5657139191049e-06,-5.5833297461387e-11,1.1638914565341e-10,5.862388424346,0.038585611827571,-1.8873791418628e-14,1
233.7,128,0,233.7,0.0021901390670397,4.5657118688005e-06,-5.5833297461387e-11,1.1638914565341e-10,5.8604591437546,0.038585611827571,-1.8873791418628e-14,1
233.75,128,0,233.75,0.0021901400506805,4.565709818496e-06,-5.5833297461387e-11,1.1638914565341e-10,5.8585298631632,0.038585611827571,-1.8873791418628e-14,1
233.8,128,0,233.8,0.0021901410343213,4.5657077681916e-06,-5.5833297461387e-11,1.1638914565341e-10,5.8566005825719,0.038585611827571,-1.8873791418628e-14,1
233.85,128,0,233.85,0.0021901420179621,4.5657057178871e-06,-5.5833297461387e-11,1.1638914565341e-10,5.8546713019805,0.038585611827571,-1.8873791418628e-14,1
233.9,128,0,233.9,0.0021901430016028,4.5657036675827e-06,-5.5833297461387e-11,1.1638914565341e-10,5.8527420213891,0.038585611827571,-1.8873791418628e-14,1
233.95,128,0,233.95,0.0021901439852436,4.5657016172782e-06,-5.5833297461387e-11,1.1638914565341e-10,5.8508127407977,0.038585611827571,-1.8873791418628e-14,1
234,128,0,234,0.0021901449688844,4.5656995669738e-06,-5.5833297461387e-11,1.1638914565341e-10,5.8488834602063,0.038585611827571,-1.8873791418628e-14,1
234.05,128,0,234.05,0.0021901447882029,4.5656999434154e-06,6.5211231512039e-11,-1.3593967085162e-10,5.846954179615,0.038585611827545,-9.5479180117763e-15,1
234.1,128,0,234.1,0.0021901446075214,4.565700319857e-06,6.5211231512039e-11,-1.3593967085162e-10,5.8450248990236,0.038585611827545,-9.5479180117763e-15,1
234.15,128,0,234.15,0.0021901444268399,4.5657006962986e-06,6.5211231512039e-11,-1.3593967085162e-10,5.8430956184322,0.038585611827545,-9.5479180117763e-15,1
234.2,128,0,234.2,0.0021901442461584,4.5657010727401e-06,6.5211231512039e-11,-1.3593967085162e-10,5.8411663378408,0.038585611827545,-9.5479180117763e-15,1
234.25,128,0,234.25,0.0021901440654769,4.5657014491817e-06,6.5211231512039e-11,-1.3593967085162e-10,5.8392370572495,0.038585611827545,-9.5479180117763e-15,1
234.3,128,0,234.3,0.0021901438847955,4.5657018256233e-06,6.5211231512039e-11,-1.3593967085162e-10,5.8373077766581,0.038585611827545,-9.5479180117763e-15,1
234.35,128,0,234.35,0.002190143704114,4.5657022020649e-06,6.5211231512039e-11,-1.3593967085162e-10,5.8353784960667,0.038585611827545,-9.5479180117763e-15,1
234.4,128,0,234.4,0.0021901435234325,4.5657025785065e-06,6.5211231512039e-11,-1.3593967085162e-10,5.8334492154753,0.038585611827545,-9.5479180117763e-15,1
234.45,128,0,234.45,0.002190143342751,4.5657029549481e-06,6.5211231512039e-11,-1.3593967085162e-10,5.8315199348839,0.038585611827545,-9.5479180117763e-15,1
234.5,128,0,234.5,0.0021901431620695,4.5657033313897e-06,6.5211231512039e-11,-1.3593967085162e-10,5.8295906542926,0.038585611827545,-9.5479180117763e-15,1
234.55,128,0,234.55,0.0021901429813881,4.5657037078313e-06,6.5211231512039e-11,-1.3593967085162e-10,5.8276613737012,0.038585611827545,-9.5479180117763e-15,1
234.6,128,0,234.6,0.0021901428007066,4.5657040842728e-06,6.5211231512039e-11,-1.3593967085162e-10,5.8257320931098,0.038585611827545,-9.5479180117763e-15,1
234.65,128,0,234.65,0.0021901426200251,4.5657044607144e-06,6.5211231512039e-11,-1.3593967085162e-10,5.8238028125184,0.038585611827545,-9.5479180117763e-15,1
234.7,128,0,234.7,0.0021901424393436,4.565704837156e-06,6.5211231512039e-11,-1.3593967085162e-10,5.8218735319271,0.038585611827545,-9.5479180117763e-15,1
234.75,128,0,234.75,0.0021901422586621,4.5657052135976e-06,6.5211231512039e-11,-1.3593967085162e-10,5.8199442513357,0.038585611827545,-9.5479180117763e-15,1
234.8,128,0,234.8,0.0021901420779807,4.5657055900392e-06,6.5211231512039e-11,-1.3593967085162e-10,5.8180149707443,0.038585611827545,-9.5479180117763e-15,1
234.85,128,0,234.85,0.0021901418972992,4.5657059664808e-06,6.5211231512039e-11,-1.3593967085162e-10,5.8160856901529,0.038585611827545,-9.5479180117763e-15,1
234.9,128,0,234.9,0.0021901417166177,4.5657063429224e-06,6.5211231512039e-11,-1.3593967085162e-10,5.8141564095615,0.038585611827545,-9.5479180117763e-15,1
234.95,128,0,234.95,0.0021901415359362,4.565706719364e-06,6.5211231512039e-11,-1.3593967085162e-10,5.8122271289702,0.038585611827545,-9.5479180117763e-15,1
235,128,0,235,0.0021901413552547,4.5657070958055e-06,6.5211231512039e-11,-1.3593967085162e-10,5.8102978483788,0.038585611827545,-9.5479180117763e-15,1
235.05,128,0,235.05,0.0021901394179812,4.5657111344598e-06,-8.7696928663557e-11,1.8281460724664e-10,5.8083685677874,0.038585611827568,1.1324274851177e-14,1
235.1,128,0,235.1,0.0021901374807077,4.5657151731141e-06,-8.7696928663557e-11,1.8281460724664e-10,5.806439287196,0.038585611827568,1.1324274851177e-14,1
235.15,128,0,235.15,0.0021901355434342,4.5657192117683e-06,-8.7696928663557e-11,1.8281460724664e-10,5.8045100066047,0.038585611827568,1.1324274851177e-14,1
235.2,128,0,235.2,0.0021901336061607,4.5657232504226e-06,-8.7696928663557e-11,1.8281460724664e-10,5.8025807260133,0.038585611827568,1.1324274851177e-14,1
235.25,128,0,235.25,0.0021901316688872,4.5657272890769e-06,-8.7696928663557e-11,1.8281460724664e-10,5.8006514454219,0.038585611827568,1.1324274851177e-14,1
235.3,128,0,235.3,0.0021901297316137,4.5657313277311e-06,-8.7696928663557e-11,1.8281460724664e-10,5.7987221648305,0.038585611827568,1.1324274851177e-14,1
235.35,128,0,235.35,0.0021901277943402,4.5657353663854e-06,-8.7696928663557e-11,1.8281460724664e-10,5.7967928842391,0.038585611827568,1.1324274851177e-14,1
235.4,128,0,235.4,0.0021901258570667,4.5657394050396e-06,-8.7696928663557e-11,1.8281460724664e-10,5.7948636036478,0.038585611827568,1.1324274851177e-14,1
235.45,128,0,235.45,0.0021901239197931,4.5657434436939e-06,-8.7696928663557e-11,1.8281460724664e-10,5.7929343230564,0.038585611827568,1.1324274851177e-14,1
235.5,128,0,235.5,0.0021901219825196,4.5657474823482e-06,-8.7696928663557e-11,1.8281460724664e-10,5.791005042465,0.038585611827568,1.1324274851177e-14,1
235.55,128,0,235.55,0.0021901200452461,4.5657515210024e-06,-8.7696928663557e-11,1.8281460724664e-10,5.7890757618736,0.038585611827568,1.1324274851177e-14,1
235.6,128,0,235.6,0.0021901181079726,4.5657555596567e-06,-8.7696928663557e-11,1.8281460724664e-10,5.7871464812822,0.038585611827568,1.1324274851177e-14,1
235.65,128,0,235.65,0.0021901161706991,4.5657595983109e-06,-8.7696928663557e-11,1.8281460724664e-10,5.7852172006909,0.038585611827568,1.1324274851177e-14,1
235.7,128,0,235.7,0.0021901142334256,4.5657636369652e-06,-8.7696928663557e-11,1.8281460724664e-10,5.7832879200995,0.038585611827568,1.1324274851177e-14,1
235.75,128,0,235.75,0.0021901122961521,4.5657676756195e-06,-8.7696928663557e-11,1.8281460724664e-10,5.7813586395081,0.038585611827568,1.1324274851177e-14,1
235.8,128,0,235.8,0.0021901103588786,4.5657717142737e-06,-8.7696928663557e-11,1.8281460724664e-10,5.7794293589167,0.038585611827568,1.1324274851177e-14,1
235.85,128,0,235.85,0.0021901084216051,4.565775752928e-06,-8.7696928663557e-11,1.8281460724664e-10,5.7775000783253,0.038585611827568,1.1324274851177e-14,1
235.9,128,0,235.9,0.0021901064843316,4.5657797915823e-06,-8.7696928663557e-11,1.8281460724664e-10,5.775570797734,0.038585611827568,1.1324274851177e-14,1
235.95,128,0,235.95,0.0021901045470581,4.5657838302365e-06,-8.7696928663557e-11,1.8281460724664e-10,5.7736415171426,0.038585611827568,1.1324274851177e-14,1
236,128,0,236,0.0021901026097845,4.5657878688908e-06,-8.7696928663557e-11,1.8281460724664e-10,5.7717122365512,0.038585611827568,1.1324274851177e-14,1
236.05,128,0,236.05,0.0021901054964302,4.5657818510882e-06,1.1184047117563e-10,-2.3314714828538e-10,5.7697829559598,0.03858561182757,1.6098233857065e-15,1
236.1,128,0,236.1,0.0021901083830758,4.5657758332856e-06,1.1184047117563e-10,-2.3314714828538e-10,5.7678536753685,0.03858561182757,1.6098233857065e-15,1
236.15,128,0,236.15,0.0021901112697214,4.565769815483e-06,1.1184047117563e-10,-2.3314714828538e-10,5.7659243947771,0.03858561182757,1.6098233857065e-15,1
236.2,128,0,236.2,0.002190114156367,4.5657637976804e-06,1.1184047117563e-10,-2.3314714828538e-10,5.7639951141857,0.03858561182757,1.6098233857065e-15,1
236.25,128,0,236.25,0.0021901170430126,4.5657577798778e-06,1.1184047117563e-10,-2.3314714828538e-10,5.7620658335943,0.03858561182757,1.6098233857065e-15,1
236.3,128,0,236.3,0.0021901199296582,4.5657517620752e-06,1.1184047117563e-10,-2.3314714828538e-10,5.7601365530029,0.03858561182757,1.6098233857065e-15,1
236.35,128,0,236.35,0.0021901228163039,4.5657457442726e-06,1.1184047117563e-10,-2.3314714828538e-10,5.7582072724116,0.03858561182757,1.6098233857065e-15,1
236.4,128,0,236.4,0.0021901257029495,4.5657397264699e-06,1.1184047117563e-10,-2.3314714828538e-10,5.7562779918202,0.03858561182757,1.6098233857065e-15,1
236.45,128,0,236.45,0.0021901285895951,4.5657337086673e-06,1.1184047117563e-10,-2.3314714828538e-10,5.7543487112288,0.03858561182757,1.6098233857065e-15,1
236.5,128,0,236.5,0.0021901314762407,4.5657276908647e-06,1.1184047117563e-10,-2.3314714828538e-10,5.7524194306374,0.03858561182757,1.6098233857065e-15,1
236.55,128,0,236.55,0.0021901343628863,4.5657216730621e-06,1.1184047117563e-10,-2.3314714828538e-10,5.7504901500461,0.03858561182757,1.6098233857065e-15,1
236.6,128,0,236.6,0.002190137249532,4.5657156552595e-06,1.1184047117563e-10,-2.3314714828538e-10,5.7485608694547,0.03858561182757,1.6098233857065e-15,1
236.65,128,0,236.65,0.0021901401361776,4.5657096374569e-06,1.1184047117563e-10,-2.3314714828538e-10,5.7466315888633,0.03858561182757,1.6098233857065e-15,1
236.7,128,0,236.7,0.0021901430228232,4.5657036196543e-06,1.1184047117563e-10,-2.3314714828538e-10,5.7447023082719,0.03858561182757,1.6098233857065e-15,1
236.75,128,0,236.75,0.0021901459094688,4.5656976018517e-06,1.1184047117563e-10,-2.3314714828538e-10,5.7427730276805,0.03858561182757,1.6098233857065e-15,1
236.8,128,0,236.8,0.0021901487961144,4.5656915840491e-06,1.1184047117563e-10,-2.3314714828538e-10,5.7408437470892,0.03858561182757,1.6098233857065e-15,1
236.85,128,0,236.85,0.00219015168276,4.5656855662465e-06,1.1184047117563e-10,-2.3314714828538e-10,5.7389144664978,0.03858561182757,1.6098233857065e-15,1
236.9,128,0,236.9,0.0021901545694057,4.5656795484439e-06,1.1184047117563e-10,-2.3314714828538e-10,5.7369851859064,0.03858561182757,1.6098233857065e-15,1
236.95,128,0,236.95,0.0021901574560513,4.5656735306413e-06,1.1184047117563e-10,-2.3314714828538e-10,5.735055905315,0.03858561182757,1.6098233857065e-15,1
237,128,0,237,0.0021901603426969,4.5656675128387e-06,1.1184047117563e-10,-2.3314714828538e-10,5.7331266247237,0.03858561182757,1.6098233857065e-15,1
237.05,128,0,237.05,0.0021901588770115,4.5656705685472e-06,-1.0828742287092e-10,2.2574031117947e-10,5.7311973441323,0.038585611827538,-4.9960036108132e-15,1
237.1,128,0,237.1,0.0021901574113261,4.5656736242558e-06,-1.0828742287092e-10,2.2574031117947e-10,5.7292680635409,0.038585611827538,-4.9960036108132e-15,1
237.15,128,0,237.15,0.0021901559456407,4.5656766799643e-06,-1.0828742287092e-10,2.2574031117947e-10,5.7273387829495,0.038585611827538,-4.9960036108132e-15,1
237.2,128,0,237.2,0.0021901544799553,4.5656797356728e-06,-1.0828742287092e-10,2.2574031117947e-10,5.7254095023581,0.038585611827538,-4.9960036108132e-15,1
237.25,128,0,237.25,0.0021901530142699,4.5656827913813e-06,-1.0828742287092e-10,2.2574031117947e-10,5.7234802217668,0.038585611827538,-4.9960036108132e-15,1
237.3,128,0,237.3,0.0021901515485845,4.5656858470898e-06,-1.0828742287092e-10,2.2574031117947e-10,5.7215509411754,0.038585611827538,-4.9960036108132e-15,1
237.35,128,0,237.35,0.0021901500828991,4.5656889027984e-06,-1.0828742287092e-10,2.2574031117947e-10,5.719621660584,0.038585611827538,-4.9960036108132e-15,1
237.4,128,0,237.4,0.0021901486172137,4.5656919585069e-06,-1.0828742287092e-10,2.2574031117947e-10,5.7176923799926,0.038585611827538,-4.9960036108132e-15,1
237.45,128,0,237.45,0.0021901471515283,4.5656950142154e-06,-1.0828742287092e-10,2.2574031117947e-10,5.7157630994013,0.038585611827538,-4.9960036108132e-15,1
237.5,128,0,237.5,0.0021901456858429,4.5656980699239e-06,-1.0828742287092e-10,2.2574031117947e-10,5.7138338188099,0.038585611827538,-4.9960036108132e-15,1
237.55,128,0,237.55,0.0021901442201575,4.5657011256324e-06,-1.0828742287092e-10,2.2574031117947e-10,5.7119045382185,0.038585611827538,-4.9960036108132e-15,1
237.6,128,0,237.6,0.0021901427544721,4.565704181341e-06,-1.0828742287092e-10,2.2574031117947e-10,5.7099752576271,0.038585611827538,-4.9960036108132e-15,1
237.65,128,0,237.65,0.0021901412887867,4.5657072370495e-06,-1.0828742287092e-10,2.2574031117947e-10,5.7080459770358,0.038585611827538,-4.9960036108132e-15,1
237.7,128,0,237.7,0.0021901398231013,4.565710292758e-06,-1.0828742287092e-10,2.2574031117947e-10,5.7061166964444,0.038585611827538,-4.9960036108132e-15,1
237.75,128,0,237.75,0.0021901383574159,4.5657133484665e-06,-1.0828742287092e-10,2.2574031117947e-10,5.704187415853,0.038585611827538,-4.9960036108132e-15,1
237.8,128,0,237.8,0.0021901368917305,4.565716404175e-06,-1.0828742287092e-10,2.2574031117947e-10,5.7022581352616,0.038585611827538,-4.9960036108132e-15,1
237.85,128,0,237.85,0.0021901354260451,4.5657194598836e-06,-1.0828742287092e-10,2.2574031117947e-10,5.7003288546702,0.038585611827538,-4.9960036108132e-15,1
237.9,128,0,237.9,0.0021901339603597,4.5657225155921e-06,-1.0828742287092e-10,2.2574031117947e-10,5.6983995740789,0.038585611827538,-4.9960036108132e-15,1
237.95,128,0,237.95,0.0021901324946744,4.5657255713006e-06,-1.0828742287092e-10,2.2574031117947e-10,5.6964702934875,0.038585611827538,-4.9960036108132e-15,1
238,128,0,238,0.002190131028989,4.5657286270091e-06,-1.0828742287092e-10,2.2574031117947e-10,5.6945410128961,0.038585611827538,-4.9960036108132e-15,1
238.05,128,0,238.05,0.0021901317885137,4.5657270434958e-06,8.6171514479782e-11,-1.7963525529578e-10,5.6926117323047,0.038585611827582,6.5503158452884e-15,1
238.1,128,0,238.1,0.0021901325480384,4.5657254599826e-06,8.6171514479782e-11,-1.7963525529578e-10,5.6906824517134,0.038585611827582,6.5503158452884e-15,1
238.15,128,0,238.15,0.0021901333075631,4.5657238764693e-06,8.6171514479782e-11,-1.7963525529578e-10,5.688753171122,0.038585611827582,6.5503158452884e-15,1
238.2,128,0,238.2,0.0021901340670878,4.565722292956e-06,8.6171514479782e-11,-1.7963525529578e-10,5.6868238905306,0.038585611827582,6.5503158452884e-15,1
238.25,128,0,238.25,0.0021901348266125,4.5657207094427e-06,8.6171514479782e-11,-1.7963525529578e-10,5.6848946099392,0.038585611827582,6.5503158452884e-15,1
238.3,128,0,238.3,0.0021901355861372,4.5657191259295e-06,8.6171514479782e-11,-1.7963525529578e-10,5.6829653293478,0.038585611827582,6.5503158452884e-15,1
238.35,128,0,238.35,0.0021901363456619,4.5657175424162e-06,8.6171514479782e-11,-1.7963525529578e-10,5.6810360487565,0.038585611827582,6.5503158452884e-15,1
238.4,128,0,238.4,0.0021901371051866,4.5657159589029e-06,8.6171514479782e-11,-1.7963525529578e-10,5.6791067681651,0.038585611827582,6.5503158452884e-15,1
238.45,128,0,238.45,0.0021901378647113,4.5657143753896e-06,8.6171514479782e-11,-1.7963525529578e-10,5.6771774875737,0.038585611827582,6.5503158452884e-15,1
238.5,128,0,238.5,0.002190138624236,4.5657127918763e-06,8.6171514479782e-11,-1.7963525529578e-10,5.6752482069823,0.038585611827582,6.5503158452884e-15,1
238.55,128,0,238.55,0.0021901393837608,4.5657112083631e-06,8.6171514479782e-11,-1.7963525529578e-10,5.6733189263909,0.038585611827582,6.5503158452884e-15,1
238.6,128,0,238.6,0.0021901401432855,4.5657096248498e-06,8.6171514479782e-11,-1.7963525529578e-10,5.6713896457996,0.038585611827582,6.5503158452884e-15,1
238.65,128,0,238.65,0.0021901409028102,4.5657080413365e-06,8.6171514479782e-11,-1.7963525529578e-10,5.6694603652082,0.038585611827582,6.5503158452884e-15,1
238.7,128,0,238.7,0.0021901416623349,4.5657064578232e-06,8.6171514479782e-11,-1.7963525529578e-10,5.6675310846168,0.038585611827582,6.5503158452884e-15,1
238.75,128,0,238.75,0.0021901424218596,4.56570487431e-06,8.6171514479782e-11,-1.7963525529578e-10,5.6656018040254,0.038585611827582,6.5503158452884e-15,1
238.8,128,0,238.8,0.0021901431813843,4.5657032907967e-06,8.6171514479782e-11,-1.7963525529578e-10,5.663672523434,0.038585611827582,6.5503158452884e-15,1
238.85,128,0,238.85,0.002190143940909,4.5657017072834e-06,8.6171514479782e-11,-1.7963525529578e-10,5.6617432428427,0.038585611827582,6.5503158452884e-15,1
238.9,128,0,238.9,0.0021901447004337,4.5657001237701e-06,8.6171514479782e-11,-1.7963525529578e-10,5.6598139622513,0.038585611827582,6.5503158452884e-15,1
238.95,128,0,238.95,0.0021901454599584,4.5656985402569e-06,8.6171514479782e-11,-1.7963525529578e-10,5.6578846816599,0.038585611827582,6.5503158452884e-15,1
239,128,0,239,0.0021901462194831,4.5656969567436e-06,8.6171514479782e-11,-1.7963525529578e-10,5.6559554010685,0.038585611827582,6.5503158452884e-15,1
239.05,128,0,239.05,0.0021901453690249,4.5656987297149e-06,-7.0461002721394e-11,1.4688425668067e-10,5.6540261204772,0.038585611827544,-7.8825834748386e-15,1
239.1,128,0,239.1,0.0021901445185667,4.5657005026863e-06,-7.0461002721394e-11,1.4688425668067e-10,5.6520968398858,0.038585611827544,-7.8825834748386e-15,1
239.15,128,0,239.15,0.0021901436681085,4.5657022756576e-06,-7.0461002721394e-11,1.4688425668067e-10,5.6501675592944,0.038585611827544,-7.8825834748386e-15,1
239.2,128,0,239.2,0.0021901428176503,4.5657040486289e-06,-7.0461002721394e-11,1.4688425668067e-10,5.648238278703,0.038585611827544,-7.8825834748386e-15,1
239.25,128,0,239.25,0.0021901419671921,4.5657058216003e-06,-7.0461002721394e-11,1.4688425668067e-10,5.6463089981116,0.038585611827544,-7.8825834748386e-15,1
239.3,128,0,239.3,0.0021901411167339,4.5657075945716e-06,-7.0461002721394e-11,1.4688425668067e-10,5.6443797175203,0.038585611827544,-7.8825834748386e-15,1
239.35,128,0,239.35,0.0021901402662757,4.565709367543e-06,-7.0461002721394e-11,1.4688425668067e-10,5.6424504369289,0.038585611827544,-7.8825834748386e-15,1
239.4,128,0,239.4,0.0021901394158175,4.5657111405143e-06,-7.0461002721394e-11,1.4688425668067e-10,5.6405211563375,0.038585611827544,-7.8825834748386e-15,1
239.45,128,0,239.45,0.0021901385653593,4.5657129134857e-06,-7.0461002721394e-11,1.4688425668067e-10,5.6385918757461,0.038585611827544,-7.8825834748386e-15,1
239.5,128,0,239.5,0.0021901377149011,4.565714686457e-06,-7.0461002721394e-11,1.4688425668067e-10,5.6366625951548,0.038585611827544,-7.8825834748386e-15,1
239.55,128,0,239.55,0.0021901368644429,4.5657164594283e-06,-7.0461002721394e-11,1.4688425668067e-10,5.6347333145634,0.038585611827544,-7.8825834748386e-15,1
239.6,128,0,239.6,0.0021901360139847,4.5657182323997e-06,-7.0461002721394e-11,1.4688425668067e-10,5.632804033972,0.038585611827544,-7.8825834748386e-15,1
239.65,128,0,239.65,0.0021901351635265,4.565720005371e-06,-7.0461002721394e-11,1.4688425668067e-10,5.6308747533806,0.038585611827544,-7.8825834748386e-15,1
239.7,128,0,239.7,0.0021901343130683,4.5657217783424e-06,-7.0461002721394e-11,1.4688425668067e-10,5.6289454727893,0.038585611827544,-7.8825834748386e-15,1
239.75,128,0,239.75,0.0021901334626101,4.5657235513137e-06,-7.0461002721394e-11,1.4688425668067e-10,5.6270161921979,0.038585611827544,-7.8825834748386e-15,1
239.8,128,0,239.8,0.0021901326121519,4.5657253242851e-06,-7.0461002721394e-11,1.4688425668067e-10,5.6250869116065,0.038585611827544,-7.8825834748386e-15,1
239.85,128,0,239.85,0.0021901317616937,4.5657270972564e-06,-7.0461002721394e-11,1.4688425668067e-10,5.6231576310151,0.038585611827544,-7.8825834748386e-15,1
239.9,128,0,239.9,0.0021901309112355,4.5657288702277e-06,-7.0461002721394e-11,1.4688425668067e-10,5.6212283504238,0.038585611827544,-7.8825834748386e-15,1
239.95,128,0,239.95,0.0021901300607773,4.5657306431991e-06,-7.0461002721394e-11,1.4688425668067e-10,5.6192990698324,0.038585611827544,-7.8825834748386e-15,1
240,128,0,240,0.0021901292103191,4.5657324161704e-06,-7.0461002721394e-11,1.4688425668067e-10,5.617369789241,0.038585611827544,-7.8825834748386e-15,1
240.05,128,0,240.05,0.0021901289415967,4.5657329762451e-06,5.6874745377655e-11,-1.1856072345359e-10,5.6154405086496,0.038585611827584,-2.031708135064e-14,1
240.1,128,0,240.1,0.0021901286728742,4.5657335363198e-06,5.6874745377655e-11,-1.1856072345359e-10,5.6135112280582,0.038585611827584,-2.031708135064e-14,1
240.15,128,0,240.15,0.0021901284041518,4.5657340963946e-06,5.6874745377655e-11,-1.1856072345359e-10,5.6115819474669,0.038585611827584,-2.031708135064e-14,1
240.2,128,0,240.2,0.0021901281354294,4.5657346564693e-06,5.6874745377655e-11,-1.1856072345359e-10,5.6096526668755,0.038585611827584,-2.031708135064e-14,1
240.25,128,0,240.25,0.0021901278667069,4.565735216544e-06,5.6874745377655e-11,-1.1856072345359e-10,5.6077233862841,0.038585611827584,-2.031708135064e-14,1
240.3,128,0,240.3,0.0021901275979845,4.5657357766187e-06,5.6874745377655e-11,-1.1856072345359e-10,5.6057941056927,0.038585611827584,-2.031708135064e-14,1
240.35,128,0,240.35,0.002190127329262,4.5657363366934e-06,5.6874745377655e-11,-1.1856072345359e-10,5.6038648251013,0.038585611827584,-2.031708135064e-14,1
240.4,128,0,240.4,0.0021901270605396,4.5657368967681e-06,5.6874745377655e-11,-1.1856072345359e-10,5.60193554451,0.038585611827584,-2.031708135064e-14,1
240.45,128,0,240.45,0.0021901267918172,4.5657374568428e-06,5.6874745377655e-11,-1.1856072345359e-10,5.6000062639186,0.038585611827584,-2.031708135064e-14,1
240.5,128,0,240.5,0.0021901265230947,4.5657380169176e-06,5.6874745377655e-11,-1.1856072345359e-10,5.5980769833272,0.038585611827584,-2.031708135064e-14,1
240.55,128,0,240.55,0.0021901262543723,4.5657385769923e-06,5.6874745377655e-11,-1.1856072345359e-10,5.5961477027358,0.038585611827584,-2.031708135064e-14,1
240.6,128,0,240.6,0.0021901259856498,4.565739137067e-06,5.6874745377655e-11,-1.1856072345359e-10,5.5942184221444,0.038585611827584,-2.031708135064e-14,1
240.65,128,0,240.65,0.0021901257169274,4.5657396971417e-06,5.6874745377655e-11,-1.1856072345359e-10,5.5922891415531,0.038585611827584,-2.031708135064e-14,1
240.7,128,0,240.7,0.002190125448205,4.5657402572164e-06,5.6874745377655e-11,-1.1856072345359e-10,5.5903598609617,0.038585611827584,-2.031708135064e-14,1
240.75,128,0,240.75,0.0021901251794825,4.5657408172911e-06,5.6874745377655e-11,-1.1856072345359e-10,5.5884305803703,0.038585611827584,-2.031708135064e-14,1
240.8,128,0,240.8,0.0021901249107601,4.5657413773658e-06,5.6874745377655e-11,-1.1856072345359e-10,5.5865012997789,0.038585611827584,-2.031708135064e-14,1
240.85,128,0,240.85,0.0021901246420376,4.5657419374405e-06,5.6874745377655e-11,-1.1856072345359e-10,5.5845720191875,0.038585611827584,-2.031708135064e-14,1
240.9,128,0,240.9,0.0021901243733152,4.5657424975153e-06,5.6874745377655e-11,-1.1856072345359e-10,5.5826427385962,0.038585611827584,-2.031708135064e-14,1
240.95,128,0,240.95,0.0021901241045928,4.56574305759e-06,5.6874745377655e-11,-1.1856072345359e-10,5.5807134580048,0.038585611827584,-2.031708135064e-14,1
241,128,0,241,0.0021901238358703,4.5657436176647e-06,5.6874745377655e-11,-1.1856072345359e-10,5.5787841774134,0.038585611827584,-2.031708135064e-14,1
241.05,128,0,241.05,0.002190125423547,4.5657403081515e-06,-4.6853587476356e-11,9.767020192421e-11,5.576854896822,0.038585611827535,3.441691376338e-15,1
241.1,128,0,241.1,0.0021901270112236,4.5657369986383e-06,-4.6853587476356e-11,9.767020192421e-11,5.5749256162307,0.038585611827535,3.441691376338e-15,1
241.15,128,0,241.15,0.0021901285989002,4.5657336891251e-06,-4.6853587476356e-11,9.767020192421e-11,5.5729963356393,0.038585611827535,3.441691376338e-15,1
241.2,128,0,241.2,0.0021901301865769,4.565730379612e-06,-4.6853587476356e-11,9.767020192421e-11,5.5710670550479,0.038585611827535,3.441691376338e-15,1
241.25,128,0,241.25,0.0021901317742535,4.5657270700988e-06,-4.6853587476356e-11,9.767020192421e-11,5.5691377744565,0.038585611827535,3.441691376338e-15,1
241.3,128,0,241.3,0.0021901333619301,4.5657237605856e-06,-4.6853587476356e-11,9.767020192421e-11,5.5672084938651,0.038585611827535,3.441691376338e-15,1
241.35,128,0,241.35,0.0021901349496068,4.5657204510724e-06,-4.6853587476356e-11,9.767020192421e-11,5.5652792132738,0.038585611827535,3.441691376338e-15,1
241.4,128,0,241.4,0.0021901365372834,4.5657171415592e-06,-4.6853587476356e-11,9.767020192421e-11,5.5633499326824,0.038585611827535,3.441691376338e-15,1
241.45,128,0,241.45,0.0021901381249601,4.5657138320461e-06,-4.6853587476356e-11,9.767020192421e-11,5.561420652091,0.038585611827535,3.441691376338e-15,1
241.5,128,0,241.5,0.0021901397126367,4.5657105225329e-06,-4.6853587476356e-11,9.767020192421e-11,5.5594913714996,0.038585611827535,3.441691376338e-15,1
241.55,128,0,241.55,0.0021901413003133,4.5657072130197e-06,-4.6853587476356e-11,9.767020192421e-11,5.5575620909083,0.038585611827535,3.441691376338e-15,1
241.6,128,0,241.6,0.00219014288799,4.5657039035065e-06,-4.6853587476356e-11,9.767020192421e-11,5.5556328103169,0.038585611827535,3.441691376338e-15,1
241.65,128,0,241.65,0.0021901444756666,4.5657005939933e-06,-4.6853587476356e-11,9.767020192421e-11,5.5537035297255,0.038585611827535,3.441691376338e-15,1
241.7,128,0,241.7,0.0021901460633433,4.5656972844801e-06,-4.6853587476356e-11,9.767020192421e-11,5.5517742491341,0.038585611827535,3.441691376338e-15,1
241.75,128,0,241.75,0.0021901476510199,4.565693974967e-06,-4.6853587476356e-11,9.767020192421e-11,5.5498449685427,0.038585611827535,3.441691376338e-15,1
241.8,128,0,241.8,0.0021901492386965,4.5656906654538e-06,-4.6853587476356e-11,9.767020192421e-11,5.5479156879514,0.038585611827535,3.441691376338e-15,1
241.85,128,0,241.85,0.0021901508263732,4.5656873559406e-06,-4.6853587476356e-11,9.767020192421e-11,5.54598640736,0.038585611827535,3.441691376338e-15,1
241.9,128,0,241.9,0.0021901524140498,4.5656840464274e-06,-4.6853587476356e-11,9.767020192421e-11,5.5440571267686,0.038585611827535,3.441691376338e-15,1
241.95,128,0,241.95,0.0021901540017265,4.5656807369142e-06,-4.6853587476356e-11,9.767020192421e-11,5.5421278461772,0.038585611827535,3.441691376338e-15,1
242,128,0,242,0.0021901555894031,4.5656774274011e-06,-4.6853587476356e-11,9.767020192421e-11,5.5401985655859,0.038585611827535,3.441691376338e-15,1
242.05,128,0,242.05,0.0021901544071152,4.5656798918649e-06,4.3671433456061e-11,-9.1036177915772e-11,5.5382692849945,0.038585611827567,1.3322676295502e-14,1
242.1,128,0,242.1,0.0021901532248273,4.5656823563287e-06,4.3671433456061e-11,-9.1036177915772e-11,5.5363400044031,0.038585611827567,1.3322676295502e-14,1
242.15,128,0,242.15,0.0021901520425394,4.5656848207925e-06,4.3671433456061e-11,-9.1036177915772e-11,5.5344107238117,0.038585611827567,1.3322676295502e-14,1
242.2,128,0,242.2,0.0021901508602515,4.5656872852563e-06,4.3671433456061e-11,-9.1036177915772e-11,5.5324814432203,0.038585611827567,1.3322676295502e-14,1
242.25,128,0,242.25,0.0021901496779636,4.5656897497202e-06,4.3671433456061e-11,-9.1036177915772e-11,5.530552162629,0.038585611827567,1.3322676295502e-14,1
242.3,128,0,242.3,0.0021901484956757,4.565692214184e-06,4.3671433456061e-11,-9.1036177915772e-11,5.5286228820376,0.038585611827567,1.3322676295502e-14,1
242.35,128,0,242.35,0.0021901473133878,4.5656946786478e-06,4.3671433456061e-11,-9.1036177915772e-11,5.5266936014462,0.038585611827567,1.3322676295502e-14,1
242.4,128,0,242.4,0.0021901461310998,4.5656971431116e-06,4.3671433456061e-11,-9.1036177915772e-11,5.5247643208548,0.038585611827567,1.3322676295502e-14,1
242.45,128,0,242.45,0.0021901449488119,4.5656996075755e-06,4.3671433456061e-11,-9.1036177915772e-11,5.5228350402635,0.038585611827567,1.3322676295502e-14,1
242.5,128,0,242.5,0.002190143766524,4.5657020720393e-06,4.3671433456061e-11,-9.1036177915772e-11,5.5209057596721,0.038585611827567,1.3322676295502e-14,1
242.55,128,0,242.55,0.0021901425842361,4.5657045365031e-06,4.3671433456061e-11,-9.1036177915772e-11,5.5189764790807,0.038585611827567,1.3322676295502e-14,1
242.6,128,0,242.6,0.0021901414019482,4.5657070009669e-06,4.3671433456061e-11,-9.1036177915772e-11,5.5170471984893,0.038585611827567,1.3322676295502e-14,1
242.65,128,0,242.65,0.0021901402196603,4.5657094654308e-06,4.3671433456061e-11,-9.1036177915772e-11,5.5151179178979,0.038585611827567,1.3322676295502e-14,1
242.7,128,0,242.7,0.0021901390373724,4.5657119298946e-06,4.3671433456061e-11,-9.1036177915772e-11,5.5131886373066,0.038585611827567,1.3322676295502e-14,1
242.75,128,0,242.75,0.0021901378550845,4.5657143943584e-06,4.3671433456061e-11,-9.1036177915772e-11,5.5112593567152,0.038585611827567,1.3322676295502e-14,1
242.8,128,0,242.8,0.0021901366727966,4.5657168588222e-06,4.3671433456061e-11,-9.1036177915772e-11,5.5093300761238,0.038585611827567,1.3322676295502e-14,1
242.85,128,0,242.85,0.0021901354905087,4.565719323286e-06,4.3671433456061e-11,-9.1036177915772e-11,5.5074007955324,0.038585611827567,1.3322676295502e-14,1
242.9,128,0,242.9,0.0021901343082208,4.5657217877499e-06,4.3671433456061e-11,-9.1036177915772e-11,5.5054715149411,0.038585611827567,1.3322676295502e-14,1
242.95,128,0,242.95,0.0021901331259329,4.5657242522137e-06,4.3671433456061e-11,-9.1036177915772e-11,5.5035422343497,0.038585611827567,1.3322676295502e-14,1
243,128,0,243,0.002190131943645,4.5657267166775e-06,4.3671433456061e-11,-9.1036177915772e-11,5.5016129537583,0.038585611827567,1.3322676295502e-14,1
243.05,128,0,243.05,0.0021901321370026,4.5657263136681e-06,-4.209944496093e-11,8.7759340560892e-11,5.4996836731669,0.03858561182757,-7.8825834748386e-15,1
243.1,128,0,243.1,0.0021901323303602,4.5657259106587e-06,-4.209944496093e-11,8.7759340560892e-11,5.4977543925755,0.03858561182757,-7.8825834748386e-15,1
243.15,128,0,243.15,0.0021901325237177,4.5657255076493e-06,-4.209944496093e-11,8.7759340560892e-11,5.4958251119842,0.03858561182757,-7.8825834748386e-15,1
243.2,128,0,243.2,0.0021901327170753,4.5657251046398e-06,-4.209944496093e-11,8.7759340560892e-11,5.4938958313928,0.03858561182757,-7.8825834748386e-15,1
243.25,128,0,243.25,0.0021901329104329,4.5657247016304e-06,-4.209944496093e-11,8.7759340560892e-11,5.4919665508014,0.03858561182757,-7.8825834748386e-15,1
243.3,128,0,243.3,0.0021901331037905,4.565724298621e-06,-4.209944496093e-11,8.7759340560892e-11,5.49003727021,0.03858561182757,-7.8825834748386e-15,1
243.35,128,0,243.35,0.0021901332971481,4.5657238956116e-06,-4.209944496093e-11,8.7759340560892e-11,5.4881079896187,0.03858561182757,-7.8825834748386e-15,1
243.4,128,0,243.4,0.0021901334905057,4.5657234926022e-06,-4.209944496093e-11,8.7759340560892e-11,5.4861787090273,0.03858561182757,-7.8825834748386e-15,1
243.45,128,0,243.45,0.0021901336838633,4.5657230895927e-06,-4.209944496093e-11,8.7759340560892e-11,5.4842494284359,0.03858561182757,-7.8825834748386e-15,1
243.5,128,0,243.5,0.0021901338772209,4.5657226865833e-06,-4.209944496093e-11,8.7759340560892e-11,5.4823201478445,0.03858561182757,-7.8825834748386e-15,1
243.55,128,0,243.55,0.0021901340705785,4.5657222835739e-06,-4.209944496093e-11,8.7759340560892e-11,5.4803908672531,0.03858561182757,-7.8825834748386e-15,1
243.6,128,0,243.6,0.0021901342639361,4.5657218805645e-06,-4.209944496093e-11,8.7759340560892e-11,5.4784615866618,0.03858561182757,-7.8825834748386e-15,1
243.65,128,0,243.65,0.0021901344572937,4.5657214775551e-06,-4.209944496093e-11,8.7759340560892e-11,5.4765323060704,0.03858561182757,-7.8825834748386e-15,1
243.7,128,0,243.7,0.0021901346506513,4.5657210745456e-06,-4.209944496093e-11,8.7759340560892e-11,5.474603025479,0.03858561182757,-7.8825834748386e-15,1
243.75,128,0,243.75,0.0021901348440088,4.5657206715362e-06,-4.209944496093e-11,8.7759340560892e-11,5.4726737448876,0.03858561182757,-7.8825834748386e-15,1
243.8,128,0,243.8,0.0021901350373664,4.5657202685268e-06,-4.209944496093e-11,8.7759340560892e-11,5.4707444642963,0.03858561182757,-7.8825834748386e-15,1
243.85,128,0,243.85,0.002190135230724,4.5657198655174e-06,-4.209944496093e-11,8.7759340560892e-11,5.4688151837049,0.03858561182757,-7.8825834748386e-15,1
243.9,128,0,243.9,0.0021901354240816,4.565719462508e-06,-4.209944496093e-11,8.7759340560892e-11,5.4668859031135,0.03858561182757,-7.8825834748386e-15,1
243.95,128,0,243.95,0.0021901356174392,4.5657190594986e-06,-4.209944496093e-11,8.7759340560892e-11,5.4649566225221,0.03858561182757,-7.8825834748386e-15,1
244,128,0,244,0.0021901358107968,4.5657186564891e-06,-4.209944496093e-11,8.7759340560892e-11,5.4630273419307,0.03858561182757,-7.8825834748386e-15,1
244.05,128,0,244.05,0.0021901349627977,4.5657204241445e-06,3.7800066646465e-11,-7.8796861524686e-11,5.4610980613394,0.038585611827552,-4.1078251911131e-15,1
244.1,128,0,244.1,0.0021901341147986,4.5657221917999e-06,3.7800066646465e-11,-7.8796861524686e-11,5.459168780748,0.038585611827552,-4.1078251911131e-15,1
244.15,128,0,244.15,0.0021901332667994,4.5657239594553e-06,3.7800066646465e-11,-7.8796861524686e-11,5.4572395001566,0.038585611827552,-4.1078251911131e-15,1
244.2,128,0,244.2,0.0021901324188003,4.5657257271106e-06,3.7800066646465e-11,-7.8796861524686e-11,5.4553102195652,0.038585611827552,-4.1078251911131e-15,1
244.25,128,0,244.25,0.0021901315708012,4.565727494766e-06,3.7800066646465e-11,-7.8796861524686e-11,5.4533809389739,0.038585611827552,-4.1078251911131e-15,1
244.3,128,0,244.3,0.0021901307228021,4.5657292624214e-06,3.7800066646465e-11,-7.8796861524686e-11,5.4514516583825,0.038585611827552,-4.1078251911131e-15,1
244.35,128,0,244.35,0.0021901298748029,4.5657310300768e-06,3.7800066646465e-11,-7.8796861524686e-11,5.4495223777911,0.038585611827552,-4.1078251911131e-15,1
244.4,128,0,244.4,0.0021901290268038,4.5657327977321e-06,3.7800066646465e-11,-7.8796861524686e-11,5.4475930971997,0.038585611827552,-4.1078251911131e-15,1
244.45,128,0,244.45,0.0021901281788047,4.5657345653875e-06,3.7800066646465e-11,-7.8796861524686e-11,5.4456638166083,0.038585611827552,-4.1078251911131e-15,1
244.5,128,0,244.5,0.0021901273308056,4.5657363330429e-06,3.7800066646465e-11,-7.8796861524686e-11,5.443734536017,0.038585611827552,-4.1078251911131e-15,1
244.55,128,0,244.55,0.0021901264828064,4.5657381006983e-06,3.7800066646465e-11,-7.8796861524686e-11,5.4418052554256,0.038585611827552,-4.1078251911131e-15,1
244.6,128,0,244.6,0.0021901256348073,4.5657398683537e-06,3.7800066646465e-11,-7.8796861524686e-11,5.4398759748342,0.038585611827552,-4.1078251911131e-15,1
244.65,128,0,244.65,0.0021901247868082,4.565741636009e-06,3.7800066646465e-11,-7.8796861524686e-11,5.4379466942428,0.038585611827552,-4.1078251911131e-15,1
244.7,128,0,244.7,0.0021901239388091,4.5657434036644e-06,3.7800066646465e-11,-7.8796861524686e-11,5.4360174136514,0.038585611827552,-4.1078251911131e-15,1
244.75,128,0,244.75,0.0021901230908099,4.5657451713198e-06,3.7800066646465e-11,-7.8796861524686e-11,5.4340881330601,0.038585611827552,-4.1078251911131e-15,1
244.8,128,0,244.8,0.0021901222428108,4.5657469389752e-06,3.7800066646465e-11,-7.8796861524686e-11,5.4321588524687,0.038585611827552,-4.1078251911131e-15,1
244.85,128,0,244.85,0.0021901213948117,4.5657487066305e-06,3.7800066646465e-11,-7.8796861524686e-11,5.4302295718773,0.038585611827552,-4.1078251911131e-15,1
244.9,128,0,244.9,0.0021901205468126,4.5657504742859e-06,3.7800066646465e-11,-7.8796861524686e-11,5.4283002912859,0.038585611827552,-4.1078251911131e-15,1
244.95,128,0,244.95,0.0021901196988134,4.5657522419413e-06,3.7800066646465e-11,-7.8796861524686e-11,5.4263710106946,0.038585611827552,-4.1078251911131e-15,1
245,128,0,245,0.0021901188508143,4.5657540095967e-06,3.7800066646465e-11,-7.8796861524686e-11,5.4244417301032,0.038585611827552,-4.1078251911131e-15,1
245.05,128,0,245.05,0.0021901207650118,4.5657500194054e-06,-3.6807762070066e-11,7.6728197811496e-11,5.4225124495118,0.03858561182756,1.4432899320127e-15,1
245.1,128,0,245.1,0.0021901226792093,4.5657460292142e-06,-3.6807762070066e-11,7.6728197811496e-11,5.4205831689204,0.03858561182756,1.4432899320127e-15,1
245.15,128,0,245.15,0.0021901245934068,4.5657420390229e-06,-3.6807762070066e-11,7.6728197811496e-11,5.418653888329,0.03858561182756,1.4432899320127e-15,1
245.2,128,0,245.2,0.0021901265076043,4.5657380488317e-06,-3.6807762070066e-11,7.6728197811496e-11,5.4167246077377,0.03858561182756,1.4432899320127e-15,1
245.25,128,0,245.25,0.0021901284218019,4.5657340586404e-06,-3.6807762070066e-11,7.6728197811496e-11,5.4147953271463,0.03858561182756,1.4432899320127e-15,1
245.3,128,0,245.3,0.0021901303359994,4.5657300684492e-06,-3.6807762070066e-11,7.6728197811496e-11,5.4128660465549,0.03858561182756,1.4432899320127e-15,1
245.35,128,0,245.35,0.0021901322501969,4.5657260782579e-06,-3.6807762070066e-11,7.6728197811496e-11,5.4109367659635,0.03858561182756,1.4432899320127e-15,1
245.4,128,0,245.4,0.0021901341643944,4.5657220880667e-06,-3.6807762070066e-11,7.6728197811496e-11,5.4090074853722,0.03858561182756,1.4432899320127e-15,1
245.45,128,0,245.45,0.0021901360785919,4.5657180978754e-06,-3.6807762070066e-11,7.6728197811496e-11,5.4070782047808,0.03858561182756,1.4432899320127e-15,1
245.5,128,0,245.5,0.0021901379927894,4.5657141076842e-06,-3.6807762070066e-11,7.6728197811496e-11,5.4051489241894,0.03858561182756,1.4432899320127e-15,1
245.55,128,0,245.55,0.0021901399069869,4.5657101174929e-06,-3.6807762070066e-11,7.6728197811496e-11,5.403219643598,0.03858561182756,1.4432899320127e-15,1
245.6,128,0,245.6,0.0021901418211844,4.5657061273017e-06,-3.6807762070066e-11,7.6728197811496e-11,5.4012903630066,0.03858561182756,1.4432899320127e-15,1
245.65,128,0,245.65,0.0021901437353819,4.5657021371104e-06,-3.6807762070066e-11,7.6728197811496e-11,5.3993610824153,0.03858561182756,1.4432899320127e-15,1
245.7,128,0,245.7,0.0021901456495794,4.5656981469192e-06,-3.6807762070066e-11,7.6728197811496e-11,5.3974318018239,0.03858561182756,1.4432899320127e-15,1
245.75,128,0,245.75,0.002190147563777,4.5656941567279e-06,-3.6807762070066e-11,7.6728197811496e-11,5.3955025212325,0.03858561182756,1.4432899320127e-15,1
245.8,128,0,245.8,0.0021901494779745,4.5656901665367e-06,-3.6807762070066e-11,7.6728197811496e-11,5.3935732406411,0.03858561182756,1.4432899320127e-15,1
245.85,128,0,245.85,0.002190151392172,4.5656861763454e-06,-3.6807762070066e-11,7.6728197811496e-11,5.3916439600498,0.03858561182756,1.4432899320127e-15,1
245.9,128,0,245.9,0.0021901533063695,4.5656821861542e-06,-3.6807762070066e-11,7.6728197811496e-11,5.3897146794584,0.03858561182756,1.4432899320127e-15,1
245.95,128,0,245.95,0.002190155220567,4.5656781959629e-06,-3.6807762070066e-11,7.6728197811496e-11,5.387785398867,0.03858561182756,1.4432899320127e-15,1
246,128,0,246,0.0021901571347645,4.5656742057717e-06,-3.6807762070066e-11,7.6728197811496e-11,5.3858561182756,0.03858561182756,1.4432899320127e-15,1
246.05,128,0,246.05,0.0021901559056337,4.5656767678703e-06,4.4142901590072e-11,-9.2019295321069e-11,5.3839268376842,0.038585611827571,-4.8849813083507e-15,1
246.1,128,0,246.1,0.0021901546765029,4.5656793299688e-06,4.4142901590072e-11,-9.2019295321069e-11,5.3819975570929,0.038585611827571,-4.8849813083507e-15,1
246.15,128,0,246.15,0.0021901534473722,4.5656818920674e-06,4.4142901590072e-11,-9.2019295321069e-11,5.3800682765015,0.038585611827571,-4.8849813083507e-15,1
246.2,128,0,246.2,0.0021901522182414,4.565684454166e-06,4.4142901590072e-11,-9.2019295321069e-11,5.3781389959101,0.038585611827571,-4.8849813083507e-15,1
246.25,128,0,246.25,0.0021901509891106,4.5656870162646e-06,4.4142901590072e-11,-9.2019295321069e-11,5.3762097153187,0.038585611827571,-4.8849813083507e-15,1
246.3,128,0,246.3,0.0021901497599798,4.5656895783631e-06,4.4142901590072e-11,-9.2019295321069e-11,5.3742804347274,0.038585611827571,-4.8849813083507e-15,1
246.35,128,0,246.35,0.002190148530849,4.5656921404617e-06,4.4142901590072e-11,-9.2019295321069e-11,5.372351154136,0.038585611827571,-4.8849813083507e-15,1
246.4,128,0,246.4,0.0021901473017182,4.5656947025603e-06,4.4142901590072e-11,-9.2019295321069e-11,5.3704218735446,0.038585611827571,-4.8849813083507e-15,1
246.45,128,0,246.45,0.0021901460725874,4.5656972646588e-06,4.4142901590072e-11,-9.2019295321069e-11,5.3684925929532,0.038585611827571,-4.8849813083507e-15,1
246.5,128,0,246.5,0.0021901448434567,4.5656998267574e-06,4.4142901590072e-11,-9.2019295321069e-11,5.3665633123618,0.038585611827571,-4.8849813083507e-15,1
246.55,128,0,246.55,0.0021901436143259,4.565702388856e-06,4.4142901590072e-11,-9.2019295321069e-11,5.3646340317705,0.038585611827571,-4.8849813083507e-15,1
246.6,128,0,246.6,0.0021901423851951,4.5657049509546e-06,4.4142901590072e-11,-9.2019295321069e-11,5.3627047511791,0.038585611827571,-4.8849813083507e-15,1
246.65,128,0,246.65,0.0021901411560643,4.5657075130531e-06,4.4142901590072e-11,-9.2019295321069e-11,5.3607754705877,0.038585611827571,-4.8849813083507e-15,1
246.7,128,0,246.7,0.0021901399269335,4.5657100751517e-06,4.4142901590072e-11,-9.2019295321069e-11,5.3588461899963,0.038585611827571,-4.8849813083507e-15,1
246.75,128,0,246.75,0.0021901386978027,4.5657126372503e-06,4.4142901590072e-11,-9.2019295321069e-11,5.3569169094049,0.038585611827571,-4.8849813083507e-15,1
246.8,128,0,246.8,0.0021901374686719,4.5657151993488e-06,4.4142901590072e-11,-9.2019295321069e-11,5.3549876288136,0.038585611827571,-4.8849813083507e-15,1
246.85,128,0,246.85,0.0021901362395412,4.5657177614474e-06,4.4142901590072e-11,-9.2019295321069e-11,5.3530583482222,0.038585611827571,-4.8849813083507e-15,1
246.9,128,0,246.9,0.0021901350104104,4.565720323546e-06,4.4142901590072e-11,-9.2019295321069e-11,5.3511290676308,0.038585611827571,-4.8849813083507e-15,1
246.95,128,0,246.95,0.0021901337812796,4.5657228856446e-06,4.4142901590072e-11,-9.2019295321069e-11,5.3491997870394,0.038585611827571,-4.8849813083507e-15,1
247,128,0,247,0.0021901325521488,4.5657254477431e-06,4.4142901590072e-11,-9.2019295321069e-11,5.3472705064481,0.038585611827571,-4.8849813083507e-15,1
247.05,128,0,247.05,0.0021901324753982,4.5657256078254e-06,-5.0578233554328e-11,1.0543480740771e-10,5.3453412258567,0.038585611827553,2.2204460492503e-15,1
247.1,128,0,247.1,0.0021901323986477,4.5657257679077e-06,-5.0578233554328e-11,1.0543480740771e-10,5.3434119452653,0.038585611827553,2.2204460492503e-15,1
247.15,128,0,247.15,0.0021901323218972,4.56572592799e-06,-5.0578233554328e-11,1.0543480740771e-10,5.3414826646739,0.038585611827553,2.2204460492503e-15,1
247.2,128,0,247.2,0.0021901322451466,4.5657260880723e-06,-5.0578233554328e-11,1.0543480740771e-10,5.3395533840825,0.038585611827553,2.2204460492503e-15,1
247.25,128,0,247.25,0.0021901321683961,4.5657262481547e-06,-5.0578233554328e-11,1.0543480740771e-10,5.3376241034912,0.038585611827553,2.2204460492503e-15,1
247.3,128,0,247.3,0.0021901320916455,4.565726408237e-06,-5.0578233554328e-11,1.0543480740771e-10,5.3356948228998,0.038585611827553,2.2204460492503e-15,1
247.35,128,0,247.35,0.002190132014895,4.5657265683193e-06,-5.0578233554328e-11,1.0543480740771e-10,5.3337655423084,0.038585611827553,2.2204460492503e-15,1
247.4,128,0,247.4,0.0021901319381444,4.5657267284016e-06,-5.0578233554328e-11,1.0543480740771e-10,5.331836261717,0.038585611827553,2.2204460492503e-15,1
247.45,128,0,247.45,0.0021901318613939,4.5657268884839e-06,-5.0578233554328e-11,1.0543480740771e-10,5.3299069811256,0.038585611827553,2.2204460492503e-15,1
247.5,128,0,247.5,0.0021901317846433,4.5657270485662e-06,-5.0578233554328e-11,1.0543480740771e-10,5.3279777005343,0.038585611827553,2.2204460492503e-15,1
247.55,128,0,247.55,0.0021901317078928,4.5657272086485e-06,-5.0578233554328e-11,1.0543480740771e-10,5.3260484199429,0.038585611827553,2.2204460492503e-15,1
247.6,128,0,247.6,0.0021901316311422,4.5657273687308e-06,-5.0578233554328e-11,1.0543480740771e-10,5.3241191393515,0.038585611827553,2.2204460492503e-15,1
247.65,128,0,247.65,0.0021901315543917,4.5657275288131e-06,-5.0578233554328e-11,1.0543480740771e-10,5.3221898587601,0.038585611827553,2.2204460492503e-15,1
247.7,128,0,247.7,0.0021901314776411,4.5657276888954e-06,-5.0578233554328e-11,1.0543480740771e-10,5.3202605781688,0.038585611827553,2.2204460492503e-15,1
247.75,128,0,247.75,0.0021901314008906,4.5657278489777e-06,-5.0578233554328e-11,1.0543480740771e-10,5.3183312975774,0.038585611827553,2.2204460492503e-15,1
247.8,128,0,247.8,0.00219013132414,4.56572800906e-06,-5.0578233554328e-11,1.0543480740771e-10,5.316402016986,0.038585611827553,2.2204460492503e-15,1
247.85,128,0,247.85,0.0021901312473895,4.5657281691423e-06,-5.0578233554328e-11,1.0543480740771e-10,5.3144727363946,0.038585611827553,2.2204460492503e-15,1
247.9,128,0,247.9,0.0021901311706389,4.5657283292246e-06,-5.0578233554328e-11,1.0543480740771e-10,5.3125434558033,0.038585611827553,2.2204460492503e-15,1
247.95,128,0,247.95,0.0021901310938884,4.5657284893069e-06,-5.0578233554328e-11,1.0543480740771e-10,5.3106141752119,0.038585611827553,2.2204460492503e-15,1
248,128,0,248,0.0021901310171378,4.5657286493892e-06,-5.0578233554328e-11,1.0543480740771e-10,5.3086848946205,0.038585611827553,2.2204460492503e-15,1
248.05,128,0,248.05,0.0021901305385744,4.5657296469109e-06,4.7573496836725e-11,-9.9171048135789e-11,5.3067556140291,0.038585611827561,2.2204460492503e-16,1
248.1,128,0,248.1,0.002190130060011,4.5657306444326e-06,4.7573496836725e-11,-9.9171048135789e-11,5.3048263334377,0.038585611827561,2.2204460492503e-16,1
248.15,128,0,248.15,0.0021901295814477,4.5657316419543e-06,4.7573496836725e-11,-9.9171048135789e-11,5.3028970528464,0.038585611827561,2.2204460492503e-16,1
248.2,128,0,248.2,0.0021901291028843,4.565732639476e-06,4.7573496836725e-11,-9.9171048135789e-11,5.300967772255,0.038585611827561,2.2204460492503e-16,1
248.25,128,0,248.25,0.0021901286243209,4.5657336369977e-06,4.7573496836725e-11,-9.9171048135789e-11,5.2990384916636,0.038585611827561,2.2204460492503e-16,1
248.3,128,0,248.3,0.0021901281457575,4.5657346345194e-06,4.7573496836725e-11,-9.9171048135789e-11,5.2971092110722,0.038585611827561,2.2204460492503e-16,1
248.35,128,0,248.35,0.0021901276671941,4.5657356320411e-06,4.7573496836725e-11,-9.9171048135789e-11,5.2951799304808,0.038585611827561,2.2204460492503e-16,1
248.4,128,0,248.4,0.0021901271886307,4.5657366295628e-06,4.7573496836725e-11,-9.9171048135789e-11,5.2932506498895,0.038585611827561,2.2204460492503e-16,1
248.45,128,0,248.45,0.0021901267100674,4.5657376270845e-06,4.7573496836725e-11,-9.9171048135789e-11,5.2913213692981,0.038585611827561,2.2204460492503e-16,1
248.5,128,0,248.5,0.002190126231504,4.5657386246062e-06,4.7573496836725e-11,-9.9171048135789e-11,5.2893920887067,0.038585611827561,2.2204460492503e-16,1
248.55,128,0,248.55,0.0021901257529406,4.5657396221279e-06,4.7573496836725e-11,-9.9171048135789e-11,5.2874628081153,0.038585611827561,2.2204460492503e-16,1
248.6,128,0,248.6,0.0021901252743772,4.5657406196496e-06,4.7573496836725e-11,-9.9171048135789e-11,5.285533527524,0.038585611827561,2.2204460492503e-16,1
248.65,128,0,248.65,0.0021901247958138,4.5657416171713e-06,4.7573496836725e-11,-9.9171048135789e-11,5.2836042469326,0.038585611827561,2.2204460492503e-16,1
248.7,128,0,248.7,0.0021901243172505,4.565742614693e-06,4.7573496836725e-11,-9.9171048135789e-11,5.2816749663412,0.038585611827561,2.2204460492503e-16,1
248.75,128,0,248.75,0.0021901238386871,4.5657436122147e-06,4.7573496836725e-11,-9.9171048135789e-11,5.2797456857498,0.038585611827561,2.2204460492503e-16,1
248.8,128,0,248.8,0.0021901233601237,4.5657446097364e-06,4.7573496836725e-11,-9.9171048135789e-11,5.2778164051585,0.038585611827561,2.2204460492503e-16,1
248.85,128,0,248.85,0.0021901228815603,4.5657456072581e-06,4.7573496836725e-11,-9.9171048135789e-11,5.2758871245671,0.038585611827561,2.2204460492503e-16,1
248.9,128,0,248.9,0.0021901224029969,4.5657466047798e-06,4.7573496836725e-11,-9.9171048135789e-11,5.2739578439757,0.038585611827561,2.2204460492503e-16,1
248.95,128,0,248.95,0.0021901219244335,4.5657476023016e-06,4.7573496836725e-11,-9.9171048135789e-11,5.2720285633843,0.038585611827561,2.2204460492503e-16,1
249,128,0,249,0.0021901214458702,4.5657485998233e-06,4.7573496836725e-11,-9.9171048135789e-11,5.2700992827929,0.038585611827561,2.2204460492503e-16,1
249.05,128,0,249.05,0.0021901231390539,4.5657450703673e-06,-4.3618463092208e-11,9.0925977208269e-11,5.2681700022016,0.038585611827555,9.1038288019263e-15,1
249.1,128,0,249.1,0.0021901248322376,4.5657415409114e-06,-4.3618463092208e-11,9.0925977208269e-11,5.2662407216102,0.038585611827555,9.1038288019263e-15,1
249.15,128,0,249.15,0.0021901265254213,4.5657380114554e-06,-4.3618463092208e-11,9.0925977208269e-11,5.2643114410188,0.038585611827555,9.1038288019263e-15,1
249.2,128,0,249.2,0.002190128218605,4.5657344819995e-06,-4.3618463092208e-11,9.0925977208269e-11,5.2623821604274,0.038585611827555,9.1038288019263e-15,1
249.25,128,0,249.25,0.0021901299117887,4.5657309525435e-06,-4.3618463092208e-11,9.0925977208269e-11,5.260452879836,0.038585611827555,9.1038288019263e-15,1
249.3,128,0,249.3,0.0021901316049725,4.5657274230875e-06,-4.3618463092208e-11,9.0925977208269e-11,5.2585235992447,0.038585611827555,9.1038288019263e-15,1
249.35,128,0,249.35,0.0021901332981562,4.5657238936316e-06,-4.3618463092208e-11,9.0925977208269e-11,5.2565943186533,0.038585611827555,9.1038288019263e-15,1
249.4,128,0,249.4,0.0021901349913399,4.5657203641756e-06,-4.3618463092208e-11,9.0925977208269e-11,5.2546650380619,0.038585611827555,9.1038288019263e-15,1
249.45,128,0,249.45,0.0021901366845236,4.5657168347197e-06,-4.3618463092208e-11,9.0925977208269e-11,5.2527357574705,0.038585611827555,9.1038288019263e-15,1
249.5,128,0,249.5,0.0021901383777073,4.5657133052637e-06,-4.3618463092208e-11,9.0925977208269e-11,5.2508064768792,0.038585611827555,9.1038288019263e-15,1
249.55,128,0,249.55,0.002190140070891,4.5657097758078e-06,-4.3618463092208e-11,9.0925977208269e-11,5.2488771962878,0.038585611827555,9.1038288019263e-15,1
249.6,128,0,249.6,0.0021901417640748,4.5657062463518e-06,-4.3618463092208e-11,9.0925977208269e-11,5.2469479156964,0.038585611827555,9.1038288019263e-15,1
249.65,128,0,249.65,0.0021901434572585,4.5657027168959e-06,-4.3618463092208e-11,9.0925977208269e-11,5.245018635105,0.038585611827555,9.1038288019263e-15,1
249.7,128,0,249.7,0.0021901451504422,4.5656991874399e-06,-4.3618463092208e-11,9.0925977208269e-11,5.2430893545136,0.038585611827555,9.1038288019263e-15,1
249.75,128,0,249.75,0.0021901468436259,4.565695657984e-06,-4.3618463092208e-11,9.0925977208269e-11,5.2411600739223,0.038585611827555,9.1038288019263e-15,1
249.8,128,0,249.8,0.0021901485368096,4.565692128528e-06,-4.3618463092208e-11,9.0925977208269e-11,5.2392307933309,0.038585611827555,9.1038288019263e-15,1
249.85,128,0,249.85,0.0021901502299933,4.5656885990721e-06,-4.3618463092208e-11,9.0925977208269e-11,5.2373015127395,0.038585611827555,9.1038288019263e-15,1
249.9,128,0,249.9,0.002190151923177,4.5656850696161e-06,-4.3618463092208e-11,9.0925977208269e-11,5.2353722321481,0.038585611827555,9.1038288019263e-15,1
249.95,128,0,249.95,0.0021901536163608,4.5656815401602e-06,-4.3618463092208e-11,9.0925977208269e-11,5.2334429515567,0.038585611827555,9.1038288019263e-15,1
250,128,0,250,0.0021901553095445,4.5656780107042e-06,-4.3618463092208e-11,9.0925977208269e-11,5.2315136709654,0.038585611827555,9.1038288019263e-15,1
250.05,128,0,250.05,0.002190154274421,4.5656801683678e-06,4.7286293785047e-11,-9.8572031303812e-11,5.229584390374,0.038585611827549,1.5987211554602e-14,1
250.1,128,0,250.1,0.0021901532392975,4.5656823260314e-06,4.7286293785047e-11,-9.8572031303812e-11,5.2276551097826,0.038585611827549,1.5987211554602e-14,1
250.15,128,0,250.15,0.002190152204174,4.5656844836951e-06,4.7286293785047e-11,-9.8572031303812e-11,5.2257258291912,0.038585611827549,1.5987211554602e-14,1
250.2,128,0,250.2,0.0021901511690505,4.5656866413587e-06,4.7286293785047e-11,-9.8572031303812e-11,5.2237965485999,0.038585611827549,1.5987211554602e-14,1
250.25,128,0,250.25,0.002190150133927,4.5656887990223e-06,4.7286293785047e-11,-9.8572031303812e-11,5.2218672680085,0.038585611827549,1.5987211554602e-14,1
250.3,128,0,250.3,0.0021901490988035,4.5656909566859e-06,4.7286293785047e-11,-9.8572031303812e-11,5.2199379874171,0.038585611827549,1.5987211554602e-14,1
250.35,128,0,250.35,0.00219014806368,4.5656931143495e-06,4.7286293785047e-11,-9.8572031303812e-11,5.2180087068257,0.038585611827549,1.5987211554602e-14,1
250.4,128,0,250.4,0.0021901470285565,4.5656952720131e-06,4.7286293785047e-11,-9.8572031303812e-11,5.2160794262344,0.038585611827549,1.5987211554602e-14,1
250.45,128,0,250.45,0.002190145993433,4.5656974296767e-06,4.7286293785047e-11,-9.8572031303812e-11,5.214150145643,0.038585611827549,1.5987211554602e-14,1
250.5,128,0,250.5,0.0021901449583095,4.5656995873403e-06,4.7286293785047e-11,-9.8572031303812e-11,5.2122208650516,0.038585611827549,1.5987211554602e-14,1
250.55,128,0,250.55,0.0021901439231861,4.5657017450039e-06,4.7286293785047e-11,-9.8572031303812e-11,5.2102915844602,0.038585611827549,1.5987211554602e-14,1
250.6,128,0,250.6,0.0021901428880626,4.5657039026675e-06,4.7286293785047e-11,-9.8572031303812e-11,5.2083623038688,0.038585611827549,1.5987211554602e-14,1
250.65,128,0,250.65,0.0021901418529391,4.5657060603311e-06,4.7286293785047e-11,-9.8572031303812e-11,5.2064330232775,0.038585611827549,1.5987211554602e-14,1
250.7,128,0,250.7,0.0021901408178156,4.5657082179947e-06,4.7286293785047e-11,-9.8572031303812e-11,5.2045037426861,0.038585611827549,1.5987211554602e-14,1
250.75,128,0,250.75,0.0021901397826921,4.5657103756583e-06,4.7286293785047e-11,-9.8572031303812e-11,5.2025744620947,0.038585611827549,1.5987211554602e-14,1
250.8,128,0,250.8,0.0021901387475686,4.5657125333219e-06,4.7286293785047e-11,-9.8572031303812e-11,5.2006451815033,0.038585611827549,1.5987211554602e-14,1
250.85,128,0,250.85,0.0021901377124451,4.5657146909855e-06,4.7286293785047e-11,-9.8572031303812e-11,5.198715900912,0.038585611827549,1.5987211554602e-14,1
250.9,128,0,250.9,0.0021901366773216,4.5657168486491e-06,4.7286293785047e-11,-9.8572031303812e-11,5.1967866203206,0.038585611827549,1.5987211554602e-14,1
250.95,128,0,250.95,0.0021901356421981,4.5657190063128e-06,4.7286293785047e-11,-9.8572031303812e-11,5.1948573397292,0.038585611827549,1.5987211554602e-14,1
251,128,0,251,0.0021901346070746,4.5657211639764e-06,4.7286293785047e-11,-9.8572031303812e-11,5.1929280591378,0.038585611827549,1.5987211554602e-14,1
251.05,128,0,251.05,0.0021901342874975,4.5657218302599e-06,-5.0125339035294e-11,1.0449063184538e-10,5.1909987785464,0.038585611827591,1.0658141036402e-14,1
251.1,128,0,251.1,0.0021901339679203,4.5657224965434e-06,-5.0125339035294e-11,1.0449063184538e-10,5.1890694979551,0.038585611827591,1.0658141036402e-14,1
251.15,128,0,251.15,0.0021901336483431,4.565723162827e-06,-5.0125339035294e-11,1.0449063184538e-10,5.1871402173637,0.038585611827591,1.0658141036402e-14,1
251.2,128,0,251.2,0.002190133328766,4.5657238291105e-06,-5.0125339035294e-11,1.0449063184538e-10,5.1852109367723,0.038585611827591,1.0658141036402e-14,1
251.25,128,0,251.25,0.0021901330091888,4.565724495394e-06,-5.0125339035294e-11,1.0449063184538e-10,5.1832816561809,0.038585611827591,1.0658141036402e-14,1
251.3,128,0,251.3,0.0021901326896117,4.5657251616776e-06,-5.0125339035294e-11,1.0449063184538e-10,5.1813523755896,0.038585611827591,1.0658141036402e-14,1
251.35,128,0,251.35,0.0021901323700345,4.5657258279611e-06,-5.0125339035294e-11,1.0449063184538e-10,5.1794230949982,0.038585611827591,1.0658141036402e-14,1
251.4,128,0,251.4,0.0021901320504573,4.5657264942446e-06,-5.0125339035294e-11,1.0449063184538e-10,5.1774938144068,0.038585611827591,1.0658141036402e-14,1
251.45,128,0,251.45,0.0021901317308802,4.5657271605282e-06,-5.0125339035294e-11,1.0449063184538e-10,5.1755645338154,0.038585611827591,1.0658141036402e-14,1
251.5,128,0,251.5,0.002190131411303,4.5657278268117e-06,-5.0125339035294e-11,1.0449063184538e-10,5.173635253224,0.038585611827591,1.0658141036402e-14,1
251.55,128,0,251.55,0.0021901310917259,4.5657284930952e-06,-5.0125339035294e-11,1.0449063184538e-10,5.1717059726327,0.038585611827591,1.0658141036402e-14,1
251.6,128,0,251.6,0.0021901307721487,4.5657291593788e-06,-5.0125339035294e-11,1.0449063184538e-10,5.1697766920413,0.038585611827591,1.0658141036402e-14,1
251.65,128,0,251.65,0.0021901304525715,4.5657298256623e-06,-5.0125339035294e-11,1.0449063184538e-10,5.1678474114499,0.038585611827591,1.0658141036402e-14,1
251.7,128,0,251.7,0.0021901301329944,4.5657304919458e-06,-5.0125339035294e-11,1.0449063184538e-10,5.1659181308585,0.038585611827591,1.0658141036402e-14,1
251.75,128,0,251.75,0.0021901298134172,4.5657311582294e-06,-5.0125339035294e-11,1.0449063184538e-10,5.1639888502671,0.038585611827591,1.0658141036402e-14,1
251.8,128,0,251.8,0.0021901294938401,4.5657318245129e-06,-5.0125339035294e-11,1.0449063184538e-10,5.1620595696758,0.038585611827591,1.0658141036402e-14,1
251.85,128,0,251.85,0.0021901291742629,4.5657324907964e-06,-5.0125339035294e-11,1.0449063184538e-10,5.1601302890844,0.038585611827591,1.0658141036402e-14,1
251.9,128,0,251.9,0.0021901288546857,4.56573315708e-06,-5.0125339035294e-11,1.0449063184538e-10,5.158201008493,0.038585611827591,1.0658141036402e-14,1
251.95,128,0,251.95,0.0021901285351086,4.5657338233635e-06,-5.0125339035294e-11,1.0449063184538e-10,5.1562717279016,0.038585611827591,1.0658141036402e-14,1
252,128,0,252,0.0021901282155314,4.565734489647e-06,-5.0125339035294e-11,1.0449063184538e-10,5.1543424473102,0.038585611827591,1.0658141036402e-14,1
252.05,128,0,252.05,0.0021901281589876,4.5657346074542e-06,4.1818396009756e-11,-8.7174472440635e-11,5.1524131667189,0.038585611827548,2.2204460492503e-16,1
252.1,128,0,252.1,0.0021901281024438,4.5657347252614e-06,4.1818396009756e-11,-8.7174472440635e-11,5.1504838861275,0.038585611827548,2.2204460492503e-16,1
252.15,128,0,252.15,0.0021901280459,4.5657348430686e-06,4.1818396009756e-11,-8.7174472440635e-11,5.1485546055361,0.038585611827548,2.2204460492503e-16,1
252.2,128,0,252.2,0.0021901279893561,4.5657349608757e-06,4.1818396009756e-11,-8.7174472440635e-11,5.1466253249447,0.038585611827548,2.2204460492503e-16,1
252.25,128,0,252.25,0.0021901279328123,4.5657350786829e-06,4.1818396009756e-11,-8.7174472440635e-11,5.1446960443534,0.038585611827548,2.2204460492503e-16,1
252.3,128,0,252.3,0.0021901278762685,4.5657351964901e-06,4.1818396009756e-11,-8.7174472440635e-11,5.142766763762,0.038585611827548,2.2204460492503e-16,1
252.35,128,0,252.35,0.0021901278197247,4.5657353142972e-06,4.1818396009756e-11,-8.7174472440635e-11,5.1408374831706,0.038585611827548,2.2204460492503e-16,1
252.4,128,0,252.4,0.0021901277631808,4.5657354321044e-06,4.1818396009756e-11,-8.7174472440635e-11,5.1389082025792,0.038585611827548,2.2204460492503e-16,1
252.45,128,0,252.45,0.002190127706637,4.5657355499116e-06,4.1818396009756e-11,-8.7174472440635e-11,5.1369789219878,0.038585611827548,2.2204460492503e-16,1
252.5,128,0,252.5,0.0021901276500932,4.5657356677187e-06,4.1818396009756e-11,-8.7174472440635e-11,5.1350496413965,0.038585611827548,2.2204460492503e-16,1
252.55,128,0,252.55,0.0021901275935494,4.5657357855259e-06,4.1818396009756e-11,-8.7174472440635e-11,5.1331203608051,0.038585611827548,2.2204460492503e-16,1
252.6,128,0,252.6,0.0021901275370056,4.5657359033331e-06,4.1818396009756e-11,-8.7174472440635e-11,5.1311910802137,0.038585611827548,2.2204460492503e-16,1
252.65,128,0,252.65,0.0021901274804617,4.5657360211402e-06,4.1818396009756e-11,-8.7174472440635e-11,5.1292617996223,0.038585611827548,2.2204460492503e-16,1
252.7,128,0,252.7,0.0021901274239179,4.5657361389474e-06,4.1818396009756e-11,-8.7174472440635e-11,5.127332519031,0.038585611827548,2.2204460492503e-16,1
252.75,128,0,252.75,0.0021901273673741,4.5657362567546e-06,4.1818396009756e-11,-8.7174472440635e-11,5.1254032384396,0.038585611827548,2.2204460492503e-16,1
252.8,128,0,252.8,0.0021901273108303,4.5657363745617e-06,4.1818396009756e-11,-8.7174472440635e-11,5.1234739578482,0.038585611827548,2.2204460492503e-16,1
252.85,128,0,252.85,0.0021901272542865,4.5657364923689e-06,4.1818396009756e-11,-8.7174472440635e-11,5.1215446772568,0.038585611827548,2.2204460492503e-16,1
252.9,128,0,252.9,0.0021901271977426,4.5657366101761e-06,4.1818396009756e-11,-8.7174472440635e-11,5.1196153966655,0.038585611827548,2.2204460492503e-16,1
252.95,128,0,252.95,0.0021901271411988,4.5657367279832e-06,4.1818396009756e-11,-8.7174472440635e-11,5.1176861160741,0.038585611827548,2.2204460492503e-16,1
253,128,0,253,0.002190127084655,4.5657368457904e-06,4.1818396009756e-11,-8.7174472440635e-11,5.1157568354827,0.038585611827548,2.2204460492503e-16,1
253.05,128,0,253.05,0.0021901274067802,4.565736174301e-06,-1.8727786775627e-11,3.9041660862366e-11,5.1138275548913,0.038585611827576,-1.0103029524089e-14,1
253.1,128,0,253.1,0.0021901277289054,4.5657355028116e-06,-1.8727786775627e-11,3.9041660862366e-11,5.1118982742999,0.038585611827576,-1.0103029524089e-14,1
253.15,128,0,253.15,0.0021901280510307,4.5657348313223e-06,-1.8727786775627e-11,3.9041660862366e-11,5.1099689937086,0.038585611827576,-1.0103029524089e-14,1
253.2,128,0,253.2,0.0021901283731559,4.5657341598329e-06,-1.8727786775627e-11,3.9041660862366e-11,5.1080397131172,0.038585611827576,-1.0103029524089e-14,1
253.25,128,0,253.25,0.0021901286952811,4.5657334883435e-06,-1.8727786775627e-11,3.9041660862366e-11,5.1061104325258,0.038585611827576,-1.0103029524089e-14,1
253.3,128,0,253.3,0.0021901290174063,4.5657328168541e-06,-1.8727786775627e-11,3.9041660862366e-11,5.1041811519344,0.038585611827576,-1.0103029524089e-14,1
253.35,128,0,253.35,0.0021901293395316,4.5657321453647e-06,-1.8727786775627e-11,3.9041660862366e-11,5.102251871343,0.038585611827576,-1.0103029524089e-14,1
253.4,128,0,253.4,0.0021901296616568,4.5657314738753e-06,-1.8727786775627e-11,3.9041660862366e-11,5.1003225907517,0.038585611827576,-1.0103029524089e-14,1
253.45,128,0,253.45,0.002190129983782,4.5657308023859e-06,-1.8727786775627e-11,3.9041660862366e-11,5.0983933101603,0.038585611827576,-1.0103029524089e-14,1
253.5,128,0,253.5,0.0021901303059072,4.5657301308966e-06,-1.8727786775627e-11,3.9041660862366e-11,5.0964640295689,0.038585611827576,-1.0103029524089e-14,1
253.55,128,0,253.55,0.0021901306280324,4.5657294594072e-06,-1.8727786775627e-11,3.9041660862366e-11,5.0945347489775,0.038585611827576,-1.0103029524089e-14,1
253.6,128,0,253.6,0.0021901309501577,4.5657287879178e-06,-1.8727786775627e-11,3.9041660862366e-11,5.0926054683862,0.038585611827576,-1.0103029524089e-14,1
253.65,128,0,253.65,0.0021901312722829,4.5657281164284e-06,-1.8727786775627e-11,3.9041660862366e-11,5.0906761877948,0.038585611827576,-1.0103029524089e-14,1
253.7,128,0,253.7,0.0021901315944081,4.565727444939e-06,-1.8727786775627e-11,3.9041660862366e-11,5.0887469072034,0.038585611827576,-1.0103029524089e-14,1
253.75,128,0,253.75,0.0021901319165333,4.5657267734496e-06,-1.8727786775627e-11,3.9041660862366e-11,5.086817626612,0.038585611827576,-1.0103029524089e-14,1
253.8,128,0,253.8,0.0021901322386586,4.5657261019603e-06,-1.8727786775627e-11,3.9041660862366e-11,5.0848883460206,0.038585611827576,-1.0103029524089e-14,1
253.85,128,0,253.85,0.0021901325607838,4.5657254304709e-06,-1.8727786775627e-11,3.9041660862366e-11,5.0829590654293,0.038585611827576,-1.0103029524089e-14,1
253.9,128,0,253.9,0.002190132882909,4.5657247589815e-06,-1.8727786775627e-11,3.9041660862366e-11,5.0810297848379,0.038585611827576,-1.0103029524089e-14,1
253.95,128,0,253.95,0.0021901332050342,4.5657240874921e-06,-1.8727786775627e-11,3.9041660862366e-11,5.0791005042465,0.038585611827576,-1.0103029524089e-14,1
254,128,0,254,0.0021901335271594,4.5657234160027e-06,-1.8727786775627e-11,3.9041660862366e-11,5.0771712236551,0.038585611827576,-1.0103029524089e-14,1
254.05,128,0,254.05,0.002190136305393,4.5657176245255e-06,-1.5457059916464e-11,3.2220036428863e-11,5.0752419430637,0.038585611827551,-1.6264767310759e-14,1
254.1,128,0,254.1,0.0021901390836266,4.5657118330484e-06,-1.5457059916464e-11,3.2220036428863e-11,5.0733126624724,0.038585611827551,-1.6264767310759e-14,1
254.15,128,0,254.15,0.0021901418618601,4.5657060415712e-06,-1.5457059916464e-11,3.2220036428863e-11,5.071383381881,0.038585611827551,-1.6264767310759e-14,1
254.2,128,0,254.2,0.0021901446400937,4.565700250094e-06,-1.5457059916464e-11,3.2220036428863e-11,5.0694541012896,0.038585611827551,-1.6264767310759e-14,1
254.25,128,0,254.25,0.0021901474183272,4.5656944586168e-06,-1.5457059916464e-11,3.2220036428863e-11,5.0675248206982,0.038585611827551,-1.6264767310759e-14,1
254.3,128,0,254.3,0.0021901501965608,4.5656886671397e-06,-1.5457059916464e-11,3.2220036428863e-11,5.0655955401069,0.038585611827551,-1.6264767310759e-14,1
254.35,128,0,254.35,0.0021901529747944,4.5656828756625e-06,-1.5457059916464e-11,3.2220036428863e-11,5.0636662595155,0.038585611827551,-1.6264767310759e-14,1
254.4,128,0,254.4,0.0021901557530279,4.5656770841853e-06,-1.5457059916464e-11,3.2220036428863e-11,5.0617369789241,0.038585611827551,-1.6264767310759e-14,1
254.45,128,0,254.45,0.0021901585312615,4.5656712927081e-06,-1.5457059916464e-11,3.2220036428863e-11,5.0598076983327,0.038585611827551,-1.6264767310759e-14,1
254.5,128,0,254.5,0.002190161309495,4.565665501231e-06,-1.5457059916464e-11,3.2220036428863e-11,5.0578784177413,0.038585611827551,-1.6264767310759e-14,1
254.55,128,0,254.55,0.0021901640877286,4.5656597097538e-06,-1.5457059916464e-11,3.2220036428863e-11,5.05594913715,0.038585611827551,-1.6264767310759e-14,1
254.6,128,0,254.6,0.0021901668659622,4.5656539182766e-06,-1.5457059916464e-11,3.2220036428863e-11,5.0540198565586,0.038585611827551,-1.6264767310759e-14,1
254.65,128,0,254.65,0.0021901696441957,4.5656481267994e-06,-1.5457059916464e-11,3.2220036428863e-11,5.0520905759672,0.038585611827551,-1.6264767310759e-14,1
254.7,128,0,254.7,0.0021901724224293,4.5656423353223e-06,-1.5457059916464e-11,3.2220036428863e-11,5.0501612953758,0.038585611827551,-1.6264767310759e-14,1
254.75,128,0,254.75,0.0021901752006628,4.5656365438451e-06,-1.5457059916464e-11,3.2220036428863e-11,5.0482320147845,0.038585611827551,-1.6264767310759e-14,1
254.8,128,0,254.8,0.0021901779788964,4.5656307523679e-06,-1.5457059916464e-11,3.2220036428863e-11,5.0463027341931,0.038585611827551,-1.6264767310759e-14,1
254.85,128,0,254.85,0.00219018075713,4.5656249608907e-06,-1.5457059916464e-11,3.2220036428863e-11,5.0443734536017,0.038585611827551,-1.6264767310759e-14,1
254.9,128,0,254.9,0.0021901835353635,4.5656191694136e-06,-1.5457059916464e-11,3.2220036428863e-11,5.0424441730103,0.038585611827551,-1.6264767310759e-14,1
254.95,128,0,254.95,0.0021901863135971,4.5656133779364e-06,-1.5457059916464e-11,3.2220036428863e-11,5.040514892419,0.038585611827551,-1.6264767310759e-14,1
255,128,0,255,0.0021901890918306,4.5656075864592e-06,-1.5457059916464e-11,3.2220036428863e-11,5.0385856118276,0.038585611827551,-1.6264767310759e-14,1
255.05,128,0,255.05,0.0021901817179359,4.5656229583072e-06,4.199330050643e-11,-8.7541734434128e-11,5.0366563312362,0.038585611827567,-1.0658141036402e-14,1
255.1,128,0,255.1,0.0021901743440412,4.5656383301552e-06,4.199330050643e-11,-8.7541734434128e-11,5.0347270506448,0.038585611827567,-1.0658141036402e-14,1
255.15,128,0,255.15,0.0021901669701464,4.5656537020032e-06,4.199330050643e-11,-8.7541734434128e-11,5.0327977700534,0.038585611827567,-1.0658141036402e-14,1
255.2,128,0,255.2,0.0021901595962517,4.5656690738512e-06,4.199330050643e-11,-8.7541734434128e-11,5.0308684894621,0.038585611827567,-1.0658141036402e-14,1
255.25,128,0,255.25,0.0021901522223569,4.5656844456992e-06,4.199330050643e-11,-8.7541734434128e-11,5.0289392088707,0.038585611827567,-1.0658141036402e-14,1
255.3,128,0,255.3,0.0021901448484622,4.5656998175472e-06,4.199330050643e-11,-8.7541734434128e-11,5.0270099282793,0.038585611827567,-1.0658141036402e-14,1
255.35,128,0,255.35,0.0021901374745675,4.5657151893952e-06,4.199330050643e-11,-8.7541734434128e-11,5.0250806476879,0.038585611827567,-1.0658141036402e-14,1
255.4,128,0,255.4,0.0021901301006727,4.5657305612433e-06,4.199330050643e-11,-8.7541734434128e-11,5.0231513670965,0.038585611827567,-1.0658141036402e-14,1
255.45,128,0,255.45,0.002190122726778,4.5657459330913e-06,4.199330050643e-11,-8.7541734434128e-11,5.0212220865052,0.038585611827567,-1.0658141036402e-14,1
255.5,128,0,255.5,0.0021901153528832,4.5657613049393e-06,4.199330050643e-11,-8.7541734434128e-11,5.0192928059138,0.038585611827567,-1.0658141036402e-14,1
255.55,128,0,255.55,0.0021901079789885,4.5657766767873e-06,4.199330050643e-11,-8.7541734434128e-11,5.0173635253224,0.038585611827567,-1.0658141036402e-14,1
255.6,128,0,255.6,0.0021901006050938,4.5657920486353e-06,4.199330050643e-11,-8.7541734434128e-11,5.015434244731,0.038585611827567,-1.0658141036402e-14,1
255.65,128,0,255.65,0.002190093231199,4.5658074204833e-06,4.199330050643e-11,-8.7541734434128e-11,5.0135049641397,0.038585611827567,-1.0658141036402e-14,1
255.7,128,0,255.7,0.0021900858573043,4.5658227923313e-06,4.199330050643e-11,-8.7541734434128e-11,5.0115756835483,0.038585611827567,-1.0658141036402e-14,1
255.75,128,0,255.75,0.0021900784834095,4.5658381641793e-06,4.199330050643e-11,-8.7541734434128e-11,5.0096464029569,0.038585611827567,-1.0658141036402e-14,1
255.8,128,0,255.8,0.0021900711095148,4.5658535360273e-06,4.199330050643e-11,-8.7541734434128e-11,5.0077171223655,0.038585611827567,-1.0658141036402e-14,1
255.85,128,0,255.85,0.0021900637356201,4.5658689078753e-06,4.199330050643e-11,-8.7541734434128e-11,5.0057878417741,0.038585611827567,-1.0658141036402e-14,1
255.9,128,0,255.9,0.0021900563617253,4.5658842797233e-06,4.199330050643e-11,-8.7541734434128e-11,5.0038585611828,0.038585611827567,-1.0658141036402e-14,1
255.95,128,0,255.95,0.0021900489878306,4.5658996515713e-06,4.199330050643e-11,-8.7541734434128e-11,5.0019292805914,0.038585611827567,-1.0658141036402e-14,1
256,128,0,256,0.0021900416139358,4.5659150234193e-06,4.199330050643e-11,-8.7541734434128e-11,5,0.038585611827567,-1.0658141036402e-14,1
